IBI	days_since_instruction	weekly_in_lab_sessions_completed	session_start_time
625	0	2	16:27:04
641	0	2	16:27:04
620	0	2	16:27:04
660	0	2	16:27:04
894	0	2	16:27:04
1016	0	2	16:27:04
989	0	2	16:27:04
970	0	2	16:27:04
929	0	2	16:27:04
886	0	2	16:27:04
781	0	2	16:27:04
708	0	2	16:27:04
695	0	2	16:27:04
708	0	2	16:27:04
1043	0	2	16:27:04
1132	0	2	16:27:04
1320	0	2	16:27:04
1255	0	2	16:27:04
1158	0	2	16:27:04
1070	0	2	16:27:04
983	0	2	16:27:04
760	0	2	16:27:04
703	0	2	16:27:04
665	0	2	16:27:04
700	0	2	16:27:04
695	0	2	16:27:04
830	0	2	16:27:04
1229	0	2	16:27:04
1237	0	2	16:27:04
1169	0	2	16:27:04
1043	0	2	16:27:04
927	0	2	16:27:04
805	0	2	16:27:04
714	0	2	16:27:04
665	0	2	16:27:04
649	0	2	16:27:04
681	0	2	16:27:04
803	0	2	16:27:04
1204	0	2	16:27:04
1231	0	2	16:27:04
1132	0	2	16:27:04
1053	0	2	16:27:04
970	0	2	16:27:04
876	0	2	16:27:04
776	0	2	16:27:04
692	0	2	16:27:04
665	0	2	16:27:04
671	0	2	16:27:04
700	0	2	16:27:04
824	0	2	16:27:04
746	0	2	16:27:04
889	0	2	16:27:04
1145	0	2	16:27:04
1142	0	2	16:27:04
1118	0	2	16:27:04
1072	0	2	16:27:04
1024	0	2	16:27:04
862	0	2	16:27:04
808	0	2	16:27:04
757	0	2	16:27:04
727	0	2	16:27:04
722	0	2	16:27:04
994	0	2	16:27:04
989	0	2	16:27:04
959	0	2	16:27:04
854	0	2	16:27:04
741	0	2	16:27:04
722	0	2	16:27:04
687	0	2	16:27:04
681	0	2	16:27:04
752	0	2	16:27:04
832	0	2	16:27:04
1239	0	2	16:27:04
1223	0	2	16:27:04
1105	0	2	16:27:04
1016	0	2	16:27:04
967	0	2	16:27:04
900	0	2	16:27:04
789	0	2	16:27:04
698	0	2	16:27:04
673	0	2	16:27:04
681	0	2	16:27:04
733	0	2	16:27:04
892	0	2	16:27:04
1008	0	2	16:27:04
1110	0	2	16:27:04
1382	0	2	16:27:04
1285	0	2	16:27:04
1164	0	2	16:27:04
1083	0	2	16:27:04
1067	0	2	16:27:04
1061	0	2	16:27:04
867	0	2	16:27:04
738	0	2	16:27:04
690	0	2	16:27:04
719	0	2	16:27:04
633	0	2	16:27:04
649	0	2	16:27:04
746	0	2	16:27:04
768	0	2	16:27:04
827	0	2	16:27:04
1059	0	2	16:27:04
981	0	2	16:27:04
981	0	2	16:27:04
900	0	2	16:27:04
808	0	2	16:27:04
743	0	2	16:27:04
690	0	2	16:27:04
673	0	2	16:27:04
684	0	2	16:27:04
690	0	2	16:27:04
719	0	2	16:27:04
765	0	2	16:27:04
1150	0	2	16:27:04
973	0	2	16:27:04
1018	0	2	16:27:04
986	0	2	16:27:04
849	0	2	16:27:04
727	0	2	16:27:04
665	0	2	16:27:04
644	0	2	16:27:04
679	0	2	16:27:04
646	0	2	16:27:04
690	0	2	16:27:04
757	0	2	16:27:04
1005	0	2	16:27:04
1129	0	2	16:27:04
1123	0	2	16:27:04
1051	0	2	16:27:04
1029	0	2	16:27:04
951	0	2	16:27:04
1002	0	2	16:27:04
919	0	2	16:27:04
884	0	2	16:27:04
870	0	2	16:27:04
787	0	2	16:27:04
714	0	2	16:27:04
711	0	2	16:27:04
717	0	2	16:27:04
752	0	2	16:27:04
1229	0	2	16:27:04
1075	0	2	16:27:04
1177	0	2	16:27:04
1207	0	2	16:27:04
1175	0	2	16:27:04
1032	0	2	16:27:04
970	0	2	16:27:04
948	0	2	16:27:04
940	0	2	16:27:04
851	0	2	16:27:04
776	0	2	16:27:04
814	0	2	16:27:04
1083	0	2	16:27:04
1005	0	2	16:27:04
1013	0	2	16:27:04
897	0	2	16:27:04
835	0	2	16:27:04
1048	0	2	16:27:04
1045	0	2	16:27:04
1070	0	2	16:27:04
997	0	2	16:27:04
962	0	2	16:27:04
835	0	2	16:27:04
730	0	2	16:27:04
719	0	2	16:27:04
684	0	2	16:27:04
706	0	2	16:27:04
781	0	2	16:27:04
811	0	2	16:27:04
1086	0	2	16:27:04
1099	0	2	16:27:04
1064	0	2	16:27:04
1024	0	2	16:27:04
970	0	2	16:27:04
881	0	2	16:27:04
757	0	2	16:27:04
733	0	2	16:27:04
824	0	2	16:27:04
1005	0	2	16:27:04
1048	0	2	16:27:04
919	0	2	16:27:04
779	0	2	16:27:04
714	0	2	16:27:04
681	0	2	16:27:04
703	0	2	16:27:04
884	0	2	16:27:04
1312	0	2	16:27:04
1226	0	2	16:27:04
1088	0	2	16:27:04
967	0	2	16:27:04
849	0	2	16:27:04
789	0	2	16:27:04
768	0	2	16:27:04
690	0	2	16:27:04
663	0	2	16:27:04
676	0	2	16:27:04
660	0	2	16:27:04
687	0	2	16:27:04
754	0	2	16:27:04
824	0	2	16:27:04
1094	0	2	16:27:04
1261	0	2	16:27:04
1193	0	2	16:27:04
1056	0	2	16:27:04
951	0	2	16:27:04
849	0	2	16:27:04
824	0	2	16:27:04
773	0	2	16:27:04
690	0	2	16:27:04
665	0	2	16:27:04
687	0	2	16:27:04
706	0	2	16:27:04
803	0	2	16:27:04
770	0	2	16:27:04
797	0	2	16:27:04
808	0	2	16:27:04
983	0	2	16:27:04
1199	0	2	16:27:04
1153	0	2	16:27:04
1045	0	2	16:27:04
994	0	2	16:27:04
900	0	2	16:27:04
805	0	2	16:27:04
757	0	2	16:27:04
695	0	2	16:27:04
708	0	2	16:27:04
700	0	2	16:27:04
824	0	2	16:27:04
1040	0	2	16:27:04
1037	0	2	16:27:04
1043	0	2	16:27:04
997	0	2	16:27:04
827	0	2	16:27:04
962	0	2	16:27:04
1067	0	2	16:27:04
1026	0	2	16:27:04
1132	0	2	16:27:04
819	0	2	16:27:04
741	0	2	16:27:04
730	0	2	16:27:04
695	0	2	16:27:04
711	0	2	16:27:04
851	0	2	16:27:04
1075	0	2	16:27:04
1277	0	2	16:27:04
1207	0	2	16:27:04
1121	0	2	16:27:04
989	0	2	16:27:04
999	0	2	16:27:04
967	0	2	16:27:04
827	0	2	16:27:04
706	0	2	16:27:04
695	0	2	16:27:04
663	0	2	16:27:04
657	0	2	16:27:04
757	0	2	16:27:04
795	0	2	16:27:04
1150	0	2	16:27:04
1188	0	2	16:27:04
1183	0	2	16:27:04
1067	0	2	16:27:04
1008	0	2	16:27:04
946	0	2	16:27:04
954	0	2	16:27:04
937	0	2	16:27:04
832	0	2	16:27:04
905	0	2	16:27:04
932	0	2	16:27:04
805	0	2	16:27:04
725	0	2	16:27:04
711	0	2	16:27:04
816	0	2	16:27:04
1026	0	2	16:27:04
954	0	2	16:27:04
973	0	2	16:27:04
970	0	2	16:27:04
970	0	2	16:27:04
905	0	2	16:27:04
881	0	2	16:27:04
854	0	2	16:27:04
843	0	2	16:27:04
819	0	2	16:27:04
762	0	2	16:27:04
695	0	2	16:27:04
681	0	2	16:27:04
681	0	2	16:27:04
649	0	2	16:27:04
681	0	2	16:27:04
781	0	2	16:27:04
870	0	2	16:27:04
1056	0	2	16:27:04
1029	0	2	16:27:04
959	0	2	16:27:04
752	0	2	16:27:04
714	0	2	16:27:04
684	0	2	16:27:04
743	0	2	16:27:04
695	0	2	16:27:04
649	0	2	16:27:04
663	0	2	16:27:04
641	0	2	16:27:04
633	0	2	16:27:04
660	0	2	16:27:04
711	0	2	16:27:04
762	0	2	16:27:04
970	0	2	16:27:04
1053	0	2	16:27:04
1067	0	2	16:27:04
1005	0	2	16:27:04
986	0	2	16:27:04
1005	0	2	16:27:04
838	0	2	16:27:04
746	0	2	16:27:04
725	0	2	16:27:04
773	0	2	16:27:04
1078	0	2	16:27:04
1010	0	2	16:27:04
967	0	2	16:27:04
838	0	2	16:27:04
719	0	2	16:27:04
727	0	2	16:27:04
849	0	2	16:27:04
1231	0	2	16:27:04
1067	0	2	16:27:04
1134	0	2	16:27:04
999	0	2	16:27:04
897	0	2	16:27:04
781	0	2	16:27:04
711	0	2	16:27:04
725	0	2	16:27:04
773	0	2	16:27:04
862	0	2	16:27:04
1202	0	2	16:27:04
1161	0	2	16:27:04
1107	0	2	16:27:04
1051	0	2	16:27:04
1005	0	2	16:27:04
584	0	2	16:27:04
215	0	2	16:27:04
215	0	2	16:27:04
382	0	2	16:27:04
781	0	2	16:27:04
935	0	2	16:27:04
1048	0	2	16:27:04
1132	0	2	16:27:04
1067	0	2	16:27:04
1043	0	2	16:27:04
967	0	2	16:27:04
816	0	2	16:27:04
727	0	2	16:27:04
684	0	2	16:27:04
706	0	2	16:27:04
706	0	2	16:27:04
1013	0	2	16:27:04
970	0	2	16:27:04
978	0	2	16:27:04
983	0	2	16:27:04
981	0	2	16:27:04
1008	0	2	16:27:04
800	0	2	16:27:04
727	0	2	16:27:04
714	0	2	16:27:04
679	0	2	16:27:04
663	0	2	16:27:04
679	0	2	16:27:04
708	0	2	16:27:04
792	0	2	16:27:04
1142	0	2	16:27:04
1096	0	2	16:27:04
1067	0	2	16:27:04
1029	0	2	16:27:04
997	0	2	16:27:04
1002	0	2	16:27:04
916	0	2	16:27:04
797	0	2	16:27:04
754	0	2	16:27:04
800	0	2	16:27:04
840	0	2	16:27:04
970	0	2	16:27:04
1024	0	2	16:27:04
997	0	2	16:27:04
1018	0	2	16:27:04
989	0	2	16:27:04
967	0	2	16:27:04
843	0	2	16:27:04
956	0	2	16:27:04
948	0	2	16:27:04
900	0	2	16:27:04
975	0	2	16:27:04
1013	0	2	16:27:04
999	0	2	16:27:04
1034	0	2	16:27:04
1134	0	2	16:27:04
946	0	2	16:27:04
765	0	2	16:27:04
719	0	2	16:27:04
679	0	2	16:27:04
665	0	2	16:27:04
741	0	2	16:27:04
889	0	2	16:27:04
946	0	2	16:27:04
994	0	2	16:27:04
994	0	2	16:27:04
1245	0	2	16:27:04
1083	0	2	16:27:04
994	0	2	16:27:04
1002	0	2	16:27:04
800	0	2	16:27:04
695	0	2	16:27:04
671	0	2	16:27:04
679	0	2	16:27:04
698	0	2	16:27:04
862	0	2	16:27:04
733	0	2	16:27:04
770	0	2	16:27:04
1072	0	2	16:27:04
1005	0	2	16:27:04
1010	0	2	16:27:04
1024	0	2	16:27:04
1002	0	2	16:27:04
1026	0	2	16:27:04
1010	0	2	16:27:04
900	0	2	16:27:04
779	0	2	16:27:04
708	0	2	16:27:04
757	0	2	16:27:04
894	0	2	16:27:04
1010	0	2	16:27:04
986	0	2	16:27:04
849	0	2	16:27:04
733	0	2	16:27:04
687	0	2	16:27:04
717	0	2	16:27:04
1008	0	2	16:27:04
981	0	2	16:27:04
983	0	2	16:27:04
1016	0	2	16:27:04
1175	0	2	16:27:04
1126	0	2	16:27:04
1059	0	2	16:27:04
1016	0	2	16:27:04
994	0	2	16:27:04
991	0	2	16:27:04
884	0	2	16:27:04
749	0	2	16:27:04
714	0	2	16:27:04
681	0	2	16:27:04
698	0	2	16:27:04
1005	0	2	16:27:04
1032	0	2	16:27:04
1196	0	2	16:27:04
1115	0	2	16:27:04
865	0	2	16:27:04
719	0	2	16:27:04
714	0	2	16:27:04
703	0	2	16:27:04
727	0	2	16:27:04
789	0	2	16:27:04
849	0	2	16:27:04
973	0	2	16:27:04
1048	0	2	16:27:04
1199	0	2	16:27:04
1061	0	2	16:27:04
981	0	2	16:27:04
978	0	2	16:27:04
948	0	2	16:27:04
937	0	2	16:27:04
981	0	2	16:27:04
964	0	2	16:27:04
943	0	2	16:27:04
989	0	2	16:27:04
1043	0	2	16:27:04
1021	0	2	16:27:04
1005	0	2	16:27:04
994	0	2	16:27:04
991	0	2	16:27:04
962	0	2	16:27:04
962	0	2	16:27:04
978	0	2	16:27:04
970	0	2	16:27:04
978	0	2	16:27:04
981	0	2	16:27:04
981	0	2	16:27:04
1169	0	2	16:27:04
1091	0	2	16:27:04
1005	0	2	16:27:04
975	0	2	16:27:04
946	0	2	16:27:04
805	0	2	16:27:04
706	0	2	16:27:04
690	0	2	16:27:04
795	0	2	16:27:04
1045	0	2	16:27:04
1026	0	2	16:27:04
1282	0	2	16:27:04
1239	0	2	16:27:04
1129	0	2	16:27:04
1056	0	2	16:27:04
1016	0	2	16:27:04
1021	0	2	16:27:04
1008	0	2	16:27:04
1008	0	2	16:27:04
991	0	2	16:27:04
973	0	2	16:27:04
973	0	2	16:27:04
935	0	2	16:27:04
835	0	2	16:27:04
743	0	2	16:27:04
943	0	2	16:27:04
1029	0	2	16:27:04
983	0	2	16:27:04
997	0	2	16:27:04
991	0	2	16:27:04
986	0	2	16:27:04
967	0	2	16:27:04
752	0	2	16:27:04
708	0	2	16:27:04
673	0	2	16:27:04
698	0	2	16:27:04
991	0	2	16:27:04
983	0	2	16:27:04
967	0	2	16:27:04
956	0	2	16:27:04
970	0	2	16:27:04
900	0	2	16:27:04
743	0	2	16:27:04
684	0	2	16:27:04
698	0	2	16:27:04
703	0	2	16:27:04
830	0	2	16:27:04
1051	0	2	16:27:04
1008	0	2	16:27:04
1005	0	2	16:27:04
999	0	2	16:27:04
1040	0	2	16:27:04
1140	0	2	16:27:04
1056	0	2	16:27:04
854	0	2	16:27:04
787	0	2	16:27:04
703	0	2	16:27:04
695	0	2	16:27:04
665	0	2	16:27:04
665	0	2	16:27:04
752	0	2	16:27:04
827	0	2	16:27:04
981	0	2	16:27:04
983	0	2	16:27:04
1274	0	2	16:27:04
1064	0	2	16:27:04
1237	0	2	16:27:04
1142	0	2	16:27:04
1064	0	2	16:27:04
983	0	2	16:27:04
800	0	2	16:27:04
835	0	2	16:27:04
1037	0	2	16:27:04
1002	0	2	16:27:04
964	0	2	16:27:04
978	0	2	16:27:04
981	0	2	16:27:04
981	0	2	16:27:04
981	0	2	16:27:04
981	0	2	16:27:04
967	0	2	16:27:04
876	0	2	16:27:04
738	0	2	16:27:04
692	0	2	16:27:04
703	0	2	16:27:04
700	0	2	16:27:04
800	0	2	16:27:04
838	0	2	16:27:04
1002	0	2	16:27:04
983	0	2	16:27:04
994	0	2	16:27:04
1255	0	2	16:27:04
1070	0	2	16:27:04
967	0	2	16:27:04
886	0	2	16:27:04
978	0	2	16:27:04
1045	0	2	16:27:04
1005	0	2	16:27:04
999	0	2	16:27:04
1010	0	2	16:27:04
983	0	2	16:27:04
978	0	2	16:27:04
956	0	2	16:27:04
886	0	2	16:27:04
735	0	2	16:27:04
738	0	2	16:27:04
975	0	2	16:27:04
943	0	2	16:27:04
876	0	2	16:27:04
770	0	2	16:27:04
741	0	2	16:27:04
760	0	2	16:27:04
789	0	2	16:27:04
843	0	2	16:27:04
943	0	2	16:27:04
1061	0	2	16:27:04
1264	0	2	16:27:04
1148	0	2	16:27:04
1164	0	2	16:27:04
1067	0	2	16:27:04
1051	0	2	16:27:04
851	0	2	16:27:04
722	0	2	16:27:04
727	0	2	16:27:04
1037	0	2	16:27:04
1018	0	2	16:27:04
1183	0	2	16:27:04
1056	0	2	16:27:04
1013	0	2	16:27:04
986	0	2	16:27:04
970	0	2	16:27:04
989	0	2	16:27:04
1010	0	2	16:27:04
997	0	2	16:27:04
1026	0	2	16:27:04
1005	0	2	16:27:04
986	0	2	16:27:04
937	0	2	16:27:04
752	0	2	16:27:04
722	0	2	16:27:04
797	0	2	16:27:04
1010	0	2	16:27:04
962	0	2	16:27:04
1245	0	2	16:27:04
1188	0	2	16:27:04
1048	0	2	16:27:04
1002	0	2	16:27:04
1008	0	2	16:27:04
1016	0	2	16:27:04
991	0	2	16:27:04
983	0	2	16:27:04
973	0	2	16:27:04
937	0	2	16:27:04
859	0	2	16:27:04
752	0	2	16:27:04
700	0	2	16:27:04
870	0	2	16:27:04
978	0	2	16:27:04
897	0	2	16:27:04
908	0	2	16:27:04
937	0	2	16:27:04
946	0	2	16:27:04
859	0	2	16:27:04
722	0	2	16:27:04
679	0	2	16:27:04
692	0	2	16:27:04
884	0	2	16:27:04
1070	0	2	16:27:04
1258	0	2	16:27:04
1188	0	2	16:27:04
1134	0	2	16:27:04
1056	0	2	16:27:04
948	0	2	16:27:04
929	0	2	16:27:04
921	0	2	16:27:04
854	0	2	16:27:04
760	0	2	16:27:04
773	0	2	16:27:04
746	0	2	16:27:04
999	0	2	16:27:04
983	0	2	16:27:04
1188	0	2	16:27:04
1051	0	2	16:27:04
1002	0	2	16:27:04
991	0	2	16:27:04
997	0	2	16:27:04
989	0	2	16:27:04
1002	0	2	16:27:04
959	0	2	16:27:04
919	0	2	16:27:04
738	0	2	16:27:04
700	0	2	16:27:04
725	0	2	16:27:04
779	0	2	16:27:04
948	0	2	16:27:04
921	0	2	16:27:04
935	0	2	16:27:04
983	0	2	16:27:04
1266	0	2	16:27:04
1034	0	2	16:27:04
989	0	2	16:27:04
962	0	2	16:27:04
964	0	2	16:27:04
889	0	2	16:27:04
714	0	2	16:27:04
695	0	2	16:27:04
568	1	2	19:43:53
568	1	2	19:43:53
638	1	2	19:43:53
1059	1	2	19:43:53
1002	1	2	19:43:53
908	1	2	19:43:53
754	1	2	19:43:53
671	1	2	19:43:53
687	1	2	19:43:53
700	1	2	19:43:53
636	1	2	19:43:53
620	1	2	19:43:53
593	1	2	19:43:53
590	1	2	19:43:53
673	1	2	19:43:53
1013	1	2	19:43:53
1094	1	2	19:43:53
1107	1	2	19:43:53
1102	1	2	19:43:53
1037	1	2	19:43:53
991	1	2	19:43:53
902	1	2	19:43:53
776	1	2	19:43:53
730	1	2	19:43:53
722	1	2	19:43:53
733	1	2	19:43:53
603	1	2	19:43:53
671	1	2	19:43:53
582	1	2	19:43:53
625	1	2	19:43:53
646	1	2	19:43:53
735	1	2	19:43:53
870	1	2	19:43:53
1102	1	2	19:43:53
1075	1	2	19:43:53
1005	1	2	19:43:53
962	1	2	19:43:53
878	1	2	19:43:53
805	1	2	19:43:53
711	1	2	19:43:53
673	1	2	19:43:53
646	1	2	19:43:53
717	1	2	19:43:53
663	1	2	19:43:53
598	1	2	19:43:53
606	1	2	19:43:53
584	1	2	19:43:53
609	1	2	19:43:53
628	1	2	19:43:53
676	1	2	19:43:53
954	1	2	19:43:53
970	1	2	19:43:53
1026	1	2	19:43:53
954	1	2	19:43:53
935	1	2	19:43:53
881	1	2	19:43:53
803	1	2	19:43:53
698	1	2	19:43:53
649	1	2	19:43:53
625	1	2	19:43:53
584	1	2	19:43:53
563	1	2	19:43:53
598	1	2	19:43:53
590	1	2	19:43:53
652	1	2	19:43:53
735	1	2	19:43:53
997	1	2	19:43:53
1061	1	2	19:43:53
1051	1	2	19:43:53
1024	1	2	19:43:53
986	1	2	19:43:53
973	1	2	19:43:53
908	1	2	19:43:53
827	1	2	19:43:53
738	1	2	19:43:53
727	1	2	19:43:53
717	1	2	19:43:53
684	1	2	19:43:53
687	1	2	19:43:53
638	1	2	19:43:53
620	1	2	19:43:53
568	1	2	19:43:53
593	1	2	19:43:53
590	1	2	19:43:53
614	1	2	19:43:53
676	1	2	19:43:53
943	1	2	19:43:53
1008	1	2	19:43:53
1048	1	2	19:43:53
1021	1	2	19:43:53
994	1	2	19:43:53
954	1	2	19:43:53
849	1	2	19:43:53
808	1	2	19:43:53
711	1	2	19:43:53
700	1	2	19:43:53
673	1	2	19:43:53
663	1	2	19:43:53
673	1	2	19:43:53
665	1	2	19:43:53
617	1	2	19:43:53
593	1	2	19:43:53
582	1	2	19:43:53
574	1	2	19:43:53
614	1	2	19:43:53
603	1	2	19:43:53
652	1	2	19:43:53
832	1	2	19:43:53
1005	1	2	19:43:53
1026	1	2	19:43:53
967	1	2	19:43:53
932	1	2	19:43:53
911	1	2	19:43:53
846	1	2	19:43:53
752	1	2	19:43:53
679	1	2	19:43:53
706	1	2	19:43:53
641	1	2	19:43:53
584	1	2	19:43:53
598	1	2	19:43:53
558	1	2	19:43:53
582	1	2	19:43:53
582	1	2	19:43:53
609	1	2	19:43:53
851	1	2	19:43:53
1040	1	2	19:43:53
1029	1	2	19:43:53
1013	1	2	19:43:53
986	1	2	19:43:53
954	1	2	19:43:53
902	1	2	19:43:53
765	1	2	19:43:53
690	1	2	19:43:53
673	1	2	19:43:53
679	1	2	19:43:53
655	1	2	19:43:53
590	1	2	19:43:53
601	1	2	19:43:53
566	1	2	19:43:53
587	1	2	19:43:53
582	1	2	19:43:53
593	1	2	19:43:53
673	1	2	19:43:53
738	1	2	19:43:53
935	1	2	19:43:53
1061	1	2	19:43:53
983	1	2	19:43:53
975	1	2	19:43:53
911	1	2	19:43:53
913	1	2	19:43:53
797	1	2	19:43:53
714	1	2	19:43:53
714	1	2	19:43:53
638	1	2	19:43:53
595	1	2	19:43:53
598	1	2	19:43:53
563	1	2	19:43:53
614	1	2	19:43:53
622	1	2	19:43:53
719	1	2	19:43:53
805	1	2	19:43:53
892	1	2	19:43:53
997	1	2	19:43:53
1016	1	2	19:43:53
999	1	2	19:43:53
943	1	2	19:43:53
897	1	2	19:43:53
851	1	2	19:43:53
762	1	2	19:43:53
679	1	2	19:43:53
673	1	2	19:43:53
679	1	2	19:43:53
630	1	2	19:43:53
622	1	2	19:43:53
582	1	2	19:43:53
579	1	2	19:43:53
609	1	2	19:43:53
582	1	2	19:43:53
630	1	2	19:43:53
690	1	2	19:43:53
770	1	2	19:43:53
935	1	2	19:43:53
991	1	2	19:43:53
943	1	2	19:43:53
924	1	2	19:43:53
902	1	2	19:43:53
886	1	2	19:43:53
827	1	2	19:43:53
741	1	2	19:43:53
668	1	2	19:43:53
630	1	2	19:43:53
614	1	2	19:43:53
568	1	2	19:43:53
582	1	2	19:43:53
563	1	2	19:43:53
568	1	2	19:43:53
636	1	2	19:43:53
703	1	2	19:43:53
940	1	2	19:43:53
1056	1	2	19:43:53
1018	1	2	19:43:53
978	1	2	19:43:53
937	1	2	19:43:53
889	1	2	19:43:53
776	1	2	19:43:53
706	1	2	19:43:53
687	1	2	19:43:53
663	1	2	19:43:53
625	1	2	19:43:53
590	1	2	19:43:53
563	1	2	19:43:53
590	1	2	19:43:53
579	1	2	19:43:53
644	1	2	19:43:53
698	1	2	19:43:53
900	1	2	19:43:53
1078	1	2	19:43:53
1013	1	2	19:43:53
986	1	2	19:43:53
946	1	2	19:43:53
908	1	2	19:43:53
800	1	2	19:43:53
714	1	2	19:43:53
692	1	2	19:43:53
636	1	2	19:43:53
579	1	2	19:43:53
593	1	2	19:43:53
549	1	2	19:43:53
574	1	2	19:43:53
595	1	2	19:43:53
641	1	2	19:43:53
773	1	2	19:43:53
962	1	2	19:43:53
684	1	2	19:43:53
1180	1	2	19:43:53
1043	1	2	19:43:53
970	1	2	19:43:53
932	1	2	19:43:53
819	1	2	19:43:53
706	1	2	19:43:53
692	1	2	19:43:53
673	1	2	19:43:53
614	1	2	19:43:53
603	1	2	19:43:53
584	1	2	19:43:53
555	1	2	19:43:53
595	1	2	19:43:53
603	1	2	19:43:53
690	1	2	19:43:53
886	1	2	19:43:53
1067	1	2	19:43:53
991	1	2	19:43:53
946	1	2	19:43:53
873	1	2	19:43:53
846	1	2	19:43:53
741	1	2	19:43:53
663	1	2	19:43:53
673	1	2	19:43:53
611	1	2	19:43:53
574	1	2	19:43:53
587	1	2	19:43:53
560	1	2	19:43:53
582	1	2	19:43:53
603	1	2	19:43:53
644	1	2	19:43:53
894	1	2	19:43:53
1067	1	2	19:43:53
951	1	2	19:43:53
913	1	2	19:43:53
884	1	2	19:43:53
803	1	2	19:43:53
695	1	2	19:43:53
655	1	2	19:43:53
652	1	2	19:43:53
582	1	2	19:43:53
579	1	2	19:43:53
560	1	2	19:43:53
544	1	2	19:43:53
590	1	2	19:43:53
614	1	2	19:43:53
636	1	2	19:43:53
687	1	2	19:43:53
975	1	2	19:43:53
916	1	2	19:43:53
854	1	2	19:43:53
854	1	2	19:43:53
805	1	2	19:43:53
792	1	2	19:43:53
752	1	2	19:43:53
706	1	2	19:43:53
638	1	2	19:43:53
657	1	2	19:43:53
663	1	2	19:43:53
614	1	2	19:43:53
611	1	2	19:43:53
563	1	2	19:43:53
579	1	2	19:43:53
571	1	2	19:43:53
579	1	2	19:43:53
633	1	2	19:43:53
668	1	2	19:43:53
808	1	2	19:43:53
1053	1	2	19:43:53
962	1	2	19:43:53
929	1	2	19:43:53
873	1	2	19:43:53
832	1	2	19:43:53
749	1	2	19:43:53
698	1	2	19:43:53
657	1	2	19:43:53
649	1	2	19:43:53
587	1	2	19:43:53
587	1	2	19:43:53
571	1	2	19:43:53
555	1	2	19:43:53
622	1	2	19:43:53
657	1	2	19:43:53
983	1	2	19:43:53
1059	1	2	19:43:53
1008	1	2	19:43:53
964	1	2	19:43:53
897	1	2	19:43:53
824	1	2	19:43:53
746	1	2	19:43:53
706	1	2	19:43:53
660	1	2	19:43:53
652	1	2	19:43:53
641	1	2	19:43:53
584	1	2	19:43:53
587	1	2	19:43:53
568	1	2	19:43:53
568	1	2	19:43:53
603	1	2	19:43:53
633	1	2	19:43:53
733	1	2	19:43:53
816	1	2	19:43:53
1061	1	2	19:43:53
1064	1	2	19:43:53
1018	1	2	19:43:53
937	1	2	19:43:53
892	1	2	19:43:53
878	1	2	19:43:53
733	1	2	19:43:53
652	1	2	19:43:53
630	1	2	19:43:53
638	1	2	19:43:53
609	1	2	19:43:53
652	1	2	19:43:53
644	1	2	19:43:53
611	1	2	19:43:53
609	1	2	19:43:53
568	1	2	19:43:53
574	1	2	19:43:53
617	1	2	19:43:53
609	1	2	19:43:53
673	1	2	19:43:53
687	1	2	19:43:53
735	1	2	19:43:53
876	1	2	19:43:53
1053	1	2	19:43:53
997	1	2	19:43:53
954	1	2	19:43:53
862	1	2	19:43:53
808	1	2	19:43:53
741	1	2	19:43:53
711	1	2	19:43:53
673	1	2	19:43:53
687	1	2	19:43:53
630	1	2	19:43:53
587	1	2	19:43:53
595	1	2	19:43:53
568	1	2	19:43:53
584	1	2	19:43:53
630	1	2	19:43:53
655	1	2	19:43:53
822	1	2	19:43:53
1010	1	2	19:43:53
978	1	2	19:43:53
927	1	2	19:43:53
900	1	2	19:43:53
867	1	2	19:43:53
787	1	2	19:43:53
679	1	2	19:43:53
655	1	2	19:43:53
628	1	2	19:43:53
568	1	2	19:43:53
579	1	2	19:43:53
563	1	2	19:43:53
560	1	2	19:43:53
628	1	2	19:43:53
641	1	2	19:43:53
822	1	2	19:43:53
1051	1	2	19:43:53
1013	1	2	19:43:53
970	1	2	19:43:53
943	1	2	19:43:53
892	1	2	19:43:53
840	1	2	19:43:53
733	1	2	19:43:53
676	1	2	19:43:53
603	1	2	19:43:53
598	1	2	19:43:53
555	1	2	19:43:53
571	1	2	19:43:53
571	1	2	19:43:53
593	1	2	19:43:53
671	1	2	19:43:53
840	1	2	19:43:53
1029	1	2	19:43:53
940	1	2	19:43:53
867	1	2	19:43:53
846	1	2	19:43:53
773	1	2	19:43:53
714	1	2	19:43:53
646	1	2	19:43:53
630	1	2	19:43:53
663	1	2	19:43:53
587	1	2	19:43:53
566	1	2	19:43:53
593	1	2	19:43:53
571	1	2	19:43:53
593	1	2	19:43:53
598	1	2	19:43:53
636	1	2	19:43:53
733	1	2	19:43:53
1037	1	2	19:43:53
943	1	2	19:43:53
894	1	2	19:43:53
884	1	2	19:43:53
843	1	2	19:43:53
781	1	2	19:43:53
676	1	2	19:43:53
657	1	2	19:43:53
601	1	2	19:43:53
598	1	2	19:43:53
571	1	2	19:43:53
552	1	2	19:43:53
587	1	2	19:43:53
560	1	2	19:43:53
617	1	2	19:43:53
644	1	2	19:43:53
676	1	2	19:43:53
1029	1	2	19:43:53
967	1	2	19:43:53
916	1	2	19:43:53
881	1	2	19:43:53
832	1	2	19:43:53
749	1	2	19:43:53
684	1	2	19:43:53
660	1	2	19:43:53
633	1	2	19:43:53
587	1	2	19:43:53
584	1	2	19:43:53
571	1	2	19:43:53
558	1	2	19:43:53
609	1	2	19:43:53
622	1	2	19:43:53
698	1	2	19:43:53
827	1	2	19:43:53
1008	1	2	19:43:53
948	1	2	19:43:53
897	1	2	19:43:53
865	1	2	19:43:53
814	1	2	19:43:53
776	1	2	19:43:53
733	1	2	19:43:53
700	1	2	19:43:53
614	1	2	19:43:53
595	1	2	19:43:53
579	1	2	19:43:53
566	1	2	19:43:53
595	1	2	19:43:53
622	1	2	19:43:53
660	1	2	19:43:53
919	1	2	19:43:53
973	1	2	19:43:53
948	1	2	19:43:53
929	1	2	19:43:53
873	1	2	19:43:53
811	1	2	19:43:53
698	1	2	19:43:53
652	1	2	19:43:53
673	1	2	19:43:53
628	1	2	19:43:53
611	1	2	19:43:53
579	1	2	19:43:53
560	1	2	19:43:53
587	1	2	19:43:53
579	1	2	19:43:53
630	1	2	19:43:53
681	1	2	19:43:53
714	1	2	19:43:53
1010	1	2	19:43:53
940	1	2	19:43:53
889	1	2	19:43:53
859	1	2	19:43:53
830	1	2	19:43:53
789	1	2	19:43:53
714	1	2	19:43:53
649	1	2	19:43:53
660	1	2	19:43:53
614	1	2	19:43:53
571	1	2	19:43:53
595	1	2	19:43:53
563	1	2	19:43:53
579	1	2	19:43:53
584	1	2	19:43:53
609	1	2	19:43:53
698	1	2	19:43:53
967	1	2	19:43:53
986	1	2	19:43:53
921	1	2	19:43:53
908	1	2	19:43:53
878	1	2	19:43:53
835	1	2	19:43:53
789	1	2	19:43:53
722	1	2	19:43:53
663	1	2	19:43:53
638	1	2	19:43:53
671	1	2	19:43:53
638	1	2	19:43:53
595	1	2	19:43:53
601	1	2	19:43:53
576	1	2	19:43:53
571	1	2	19:43:53
609	1	2	19:43:53
609	1	2	19:43:53
671	1	2	19:43:53
940	1	2	19:43:53
970	1	2	19:43:53
1045	1	2	19:43:53
981	1	2	19:43:53
956	1	2	19:43:53
902	1	2	19:43:53
830	1	2	19:43:53
687	1	2	19:43:53
638	1	2	19:43:53
649	1	2	19:43:53
606	1	2	19:43:53
609	1	2	19:43:53
636	1	2	19:43:53
636	1	2	19:43:53
633	1	2	19:43:53
606	1	2	19:43:53
579	1	2	19:43:53
606	1	2	19:43:53
576	1	2	19:43:53
603	1	2	19:43:53
614	1	2	19:43:53
644	1	2	19:43:53
765	1	2	19:43:53
1026	1	2	19:43:53
962	1	2	19:43:53
927	1	2	19:43:53
892	1	2	19:43:53
857	1	2	19:43:53
819	1	2	19:43:53
727	1	2	19:43:53
695	1	2	19:43:53
671	1	2	19:43:53
598	1	2	19:43:53
590	1	2	19:43:53
576	1	2	19:43:53
563	1	2	19:43:53
603	1	2	19:43:53
611	1	2	19:43:53
676	1	2	19:43:53
1053	1	2	19:43:53
967	1	2	19:43:53
946	1	2	19:43:53
913	1	2	19:43:53
859	1	2	19:43:53
735	1	2	19:43:53
708	1	2	19:43:53
676	1	2	19:43:53
646	1	2	19:43:53
598	1	2	19:43:53
601	1	2	19:43:53
579	1	2	19:43:53
555	1	2	19:43:53
595	1	2	19:43:53
630	1	2	19:43:53
738	1	2	19:43:53
967	1	2	19:43:53
937	1	2	19:43:53
921	1	2	19:43:53
867	1	2	19:43:53
792	1	2	19:43:53
695	1	2	19:43:53
679	1	2	19:43:53
708	1	2	19:43:53
644	1	2	19:43:53
595	1	2	19:43:53
606	1	2	19:43:53
566	1	2	19:43:53
593	1	2	19:43:53
609	1	2	19:43:53
668	1	2	19:43:53
964	1	2	19:43:53
943	1	2	19:43:53
913	1	2	19:43:53
897	1	2	19:43:53
894	1	2	19:43:53
819	1	2	19:43:53
779	1	2	19:43:53
692	1	2	19:43:53
695	1	2	19:43:53
676	1	2	19:43:53
628	1	2	19:43:53
614	1	2	19:43:53
584	1	2	19:43:53
568	1	2	19:43:53
590	1	2	19:43:53
593	1	2	19:43:53
665	1	2	19:43:53
1040	1	2	19:43:53
1107	1	2	19:43:53
994	1	2	19:43:53
1016	1	2	19:43:53
954	1	2	19:43:53
843	1	2	19:43:53
727	1	2	19:43:53
655	1	2	19:43:53
630	1	2	19:43:53
660	1	2	19:43:53
603	1	2	19:43:53
579	1	2	19:43:53
584	1	2	19:43:53
558	1	2	19:43:53
606	1	2	19:43:53
660	1	2	19:43:53
1005	1	2	19:43:53
1064	1	2	19:43:53
779	1	2	19:43:53
840	1	2	19:43:53
929	1	2	19:43:53
916	1	2	19:43:53
862	1	2	19:43:53
765	1	2	19:43:53
695	1	2	19:43:53
655	1	2	19:43:53
671	1	2	19:43:53
628	1	2	19:43:53
587	1	2	19:43:53
603	1	2	19:43:53
563	1	2	19:43:53
584	1	2	19:43:53
601	1	2	19:43:53
646	1	2	19:43:53
835	1	2	19:43:53
1032	1	2	19:43:53
997	1	2	19:43:53
951	1	2	19:43:53
889	1	2	19:43:53
814	1	2	19:43:53
695	1	2	19:43:53
649	1	2	19:43:53
668	1	2	19:43:53
606	1	2	19:43:53
576	1	2	19:43:53
595	1	2	19:43:53
568	1	2	19:43:53
584	1	2	19:43:53
617	1	2	19:43:53
741	1	2	19:43:53
1126	1	2	19:43:53
1056	1	2	19:43:53
986	1	2	19:43:53
970	1	2	19:43:53
886	1	2	19:43:53
754	1	2	19:43:53
708	1	2	19:43:53
665	1	2	19:43:53
630	1	2	19:43:53
620	1	2	19:43:53
587	1	2	19:43:53
584	1	2	19:43:53
587	1	2	19:43:53
611	1	2	19:43:53
725	1	2	19:43:53
905	1	2	19:43:53
1021	1	2	19:43:53
1021	1	2	19:43:53
981	1	2	19:43:53
983	1	2	19:43:53
927	1	2	19:43:53
857	1	2	19:43:53
714	1	2	19:43:53
663	1	2	19:43:53
663	1	2	19:43:53
625	1	2	19:43:53
614	1	2	19:43:53
684	1	2	19:43:53
708	1	2	19:43:53
698	1	2	19:43:53
652	1	2	19:43:53
611	1	2	19:43:53
584	1	2	19:43:53
609	1	2	19:43:53
603	1	2	19:43:53
652	1	2	19:43:53
770	1	2	19:43:53
1043	1	2	19:43:53
1037	1	2	19:43:53
1013	1	2	19:43:53
1032	1	2	19:43:53
1010	1	2	19:43:53
1002	1	2	19:43:53
892	1	2	19:43:53
878	1	2	19:43:53
784	1	2	19:43:53
1102	3	2	19:38:42
1078	3	2	19:38:42
1018	3	2	19:38:42
892	3	2	19:38:42
814	3	2	19:38:42
827	3	2	19:38:42
814	3	2	19:38:42
714	3	2	19:38:42
663	3	2	19:38:42
663	3	2	19:38:42
673	3	2	19:38:42
762	3	2	19:38:42
1140	3	2	19:38:42
1199	3	2	19:38:42
1059	3	2	19:38:42
1010	3	2	19:38:42
967	3	2	19:38:42
894	3	2	19:38:42
859	3	2	19:38:42
781	3	2	19:38:42
657	3	2	19:38:42
655	3	2	19:38:42
628	3	2	19:38:42
698	3	2	19:38:42
1110	3	2	19:38:42
1153	3	2	19:38:42
1083	3	2	19:38:42
1070	3	2	19:38:42
1029	3	2	19:38:42
959	3	2	19:38:42
838	3	2	19:38:42
690	3	2	19:38:42
649	3	2	19:38:42
630	3	2	19:38:42
655	3	2	19:38:42
749	3	2	19:38:42
1153	3	2	19:38:42
1142	3	2	19:38:42
1070	3	2	19:38:42
1045	3	2	19:38:42
1021	3	2	19:38:42
935	3	2	19:38:42
792	3	2	19:38:42
668	3	2	19:38:42
630	3	2	19:38:42
630	3	2	19:38:42
722	3	2	19:38:42
1185	3	2	19:38:42
1191	3	2	19:38:42
1107	3	2	19:38:42
1067	3	2	19:38:42
1072	3	2	19:38:42
1016	3	2	19:38:42
900	3	2	19:38:42
711	3	2	19:38:42
646	3	2	19:38:42
652	3	2	19:38:42
676	3	2	19:38:42
1255	3	2	19:38:42
1207	3	2	19:38:42
1148	3	2	19:38:42
1142	3	2	19:38:42
1083	3	2	19:38:42
1032	3	2	19:38:42
857	3	2	19:38:42
679	3	2	19:38:42
657	3	2	19:38:42
646	3	2	19:38:42
762	3	2	19:38:42
1250	3	2	19:38:42
1264	3	2	19:38:42
1164	3	2	19:38:42
1118	3	2	19:38:42
1075	3	2	19:38:42
1010	3	2	19:38:42
816	3	2	19:38:42
668	3	2	19:38:42
636	3	2	19:38:42
665	3	2	19:38:42
719	3	2	19:38:42
1277	3	2	19:38:42
1266	3	2	19:38:42
1169	3	2	19:38:42
1129	3	2	19:38:42
1088	3	2	19:38:42
1029	3	2	19:38:42
870	3	2	19:38:42
681	3	2	19:38:42
633	3	2	19:38:42
646	3	2	19:38:42
676	3	2	19:38:42
1231	3	2	19:38:42
1312	3	2	19:38:42
1129	3	2	19:38:42
1150	3	2	19:38:42
1105	3	2	19:38:42
1075	3	2	19:38:42
948	3	2	19:38:42
700	3	2	19:38:42
657	3	2	19:38:42
665	3	2	19:38:42
703	3	2	19:38:42
1274	3	2	19:38:42
1258	3	2	19:38:42
1156	3	2	19:38:42
1123	3	2	19:38:42
1094	3	2	19:38:42
1024	3	2	19:38:42
805	3	2	19:38:42
679	3	2	19:38:42
652	3	2	19:38:42
660	3	2	19:38:42
784	3	2	19:38:42
1280	3	2	19:38:42
1210	3	2	19:38:42
1145	3	2	19:38:42
1107	3	2	19:38:42
1070	3	2	19:38:42
1026	3	2	19:38:42
846	3	2	19:38:42
681	3	2	19:38:42
641	3	2	19:38:42
641	3	2	19:38:42
692	3	2	19:38:42
1150	3	2	19:38:42
1226	3	2	19:38:42
1164	3	2	19:38:42
1134	3	2	19:38:42
1070	3	2	19:38:42
1043	3	2	19:38:42
795	3	2	19:38:42
652	3	2	19:38:42
649	3	2	19:38:42
644	3	2	19:38:42
749	3	2	19:38:42
1347	3	2	19:38:42
1210	3	2	19:38:42
1153	3	2	19:38:42
1096	3	2	19:38:42
1053	3	2	19:38:42
1026	3	2	19:38:42
851	3	2	19:38:42
708	3	2	19:38:42
649	3	2	19:38:42
649	3	2	19:38:42
730	3	2	19:38:42
1215	3	2	19:38:42
1274	3	2	19:38:42
1180	3	2	19:38:42
1118	3	2	19:38:42
1086	3	2	19:38:42
989	3	2	19:38:42
792	3	2	19:38:42
676	3	2	19:38:42
641	3	2	19:38:42
673	3	2	19:38:42
714	3	2	19:38:42
1142	3	2	19:38:42
1245	3	2	19:38:42
1196	3	2	19:38:42
1113	3	2	19:38:42
1021	3	2	19:38:42
970	3	2	19:38:42
746	3	2	19:38:42
676	3	2	19:38:42
649	3	2	19:38:42
660	3	2	19:38:42
816	3	2	19:38:42
1212	3	2	19:38:42
1237	3	2	19:38:42
1172	3	2	19:38:42
1110	3	2	19:38:42
1078	3	2	19:38:42
1024	3	2	19:38:42
851	3	2	19:38:42
690	3	2	19:38:42
646	3	2	19:38:42
668	3	2	19:38:42
741	3	2	19:38:42
1258	3	2	19:38:42
1239	3	2	19:38:42
1199	3	2	19:38:42
1142	3	2	19:38:42
1043	3	2	19:38:42
997	3	2	19:38:42
773	3	2	19:38:42
663	3	2	19:38:42
663	3	2	19:38:42
652	3	2	19:38:42
768	3	2	19:38:42
1250	3	2	19:38:42
943	3	2	19:38:42
1105	3	2	19:38:42
1188	3	2	19:38:42
1091	3	2	19:38:42
1034	3	2	19:38:42
916	3	2	19:38:42
727	3	2	19:38:42
660	3	2	19:38:42
633	3	2	19:38:42
703	3	2	19:38:42
1129	3	2	19:38:42
1153	3	2	19:38:42
1134	3	2	19:38:42
1105	3	2	19:38:42
1040	3	2	19:38:42
999	3	2	19:38:42
738	3	2	19:38:42
660	3	2	19:38:42
660	3	2	19:38:42
646	3	2	19:38:42
714	3	2	19:38:42
1258	3	2	19:38:42
1285	3	2	19:38:42
1158	3	2	19:38:42
1094	3	2	19:38:42
1064	3	2	19:38:42
1016	3	2	19:38:42
900	3	2	19:38:42
700	3	2	19:38:42
649	3	2	19:38:42
644	3	2	19:38:42
681	3	2	19:38:42
773	3	2	19:38:42
1317	3	2	19:38:42
1167	3	2	19:38:42
1137	3	2	19:38:42
1075	3	2	19:38:42
1008	3	2	19:38:42
959	3	2	19:38:42
719	3	2	19:38:42
676	3	2	19:38:42
649	3	2	19:38:42
684	3	2	19:38:42
1231	3	2	19:38:42
1280	3	2	19:38:42
1145	3	2	19:38:42
1107	3	2	19:38:42
1045	3	2	19:38:42
970	3	2	19:38:42
900	3	2	19:38:42
708	3	2	19:38:42
652	3	2	19:38:42
644	3	2	19:38:42
690	3	2	19:38:42
889	3	2	19:38:42
1304	3	2	19:38:42
1207	3	2	19:38:42
1175	3	2	19:38:42
1091	3	2	19:38:42
1021	3	2	19:38:42
999	3	2	19:38:42
757	3	2	19:38:42
657	3	2	19:38:42
679	3	2	19:38:42
665	3	2	19:38:42
1010	3	2	19:38:42
1369	3	2	19:38:42
1204	3	2	19:38:42
1185	3	2	19:38:42
1126	3	2	19:38:42
1059	3	2	19:38:42
978	3	2	19:38:42
717	3	2	19:38:42
679	3	2	19:38:42
655	3	2	19:38:42
700	3	2	19:38:42
989	3	2	19:38:42
1344	3	2	19:38:42
1185	3	2	19:38:42
1123	3	2	19:38:42
1043	3	2	19:38:42
1021	3	2	19:38:42
940	3	2	19:38:42
735	3	2	19:38:42
652	3	2	19:38:42
630	3	2	19:38:42
706	3	2	19:38:42
994	3	2	19:38:42
1272	3	2	19:38:42
1126	3	2	19:38:42
1113	3	2	19:38:42
1075	3	2	19:38:42
1005	3	2	19:38:42
946	3	2	19:38:42
714	3	2	19:38:42
655	3	2	19:38:42
663	3	2	19:38:42
644	3	2	19:38:42
757	3	2	19:38:42
1336	3	2	19:38:42
1167	3	2	19:38:42
1096	3	2	19:38:42
1070	3	2	19:38:42
991	3	2	19:38:42
970	3	2	19:38:42
741	3	2	19:38:42
665	3	2	19:38:42
630	3	2	19:38:42
681	3	2	19:38:42
773	3	2	19:38:42
1264	3	2	19:38:42
1118	3	2	19:38:42
1059	3	2	19:38:42
1032	3	2	19:38:42
978	3	2	19:38:42
897	3	2	19:38:42
835	3	2	19:38:42
681	3	2	19:38:42
628	3	2	19:38:42
646	3	2	19:38:42
684	3	2	19:38:42
1220	3	2	19:38:42
1215	3	2	19:38:42
1145	3	2	19:38:42
1102	3	2	19:38:42
1037	3	2	19:38:42
773	3	2	19:38:42
792	3	2	19:38:42
714	3	2	19:38:42
649	3	2	19:38:42
641	3	2	19:38:42
679	3	2	19:38:42
752	3	2	19:38:42
1196	3	2	19:38:42
1210	3	2	19:38:42
1110	3	2	19:38:42
1070	3	2	19:38:42
1024	3	2	19:38:42
954	3	2	19:38:42
773	3	2	19:38:42
692	3	2	19:38:42
646	3	2	19:38:42
660	3	2	19:38:42
849	3	2	19:38:42
1239	3	2	19:38:42
1218	3	2	19:38:42
1115	3	2	19:38:42
1102	3	2	19:38:42
1029	3	2	19:38:42
967	3	2	19:38:42
800	3	2	19:38:42
676	3	2	19:38:42
673	3	2	19:38:42
655	3	2	19:38:42
692	3	2	19:38:42
897	3	2	19:38:42
1350	3	2	19:38:42
1167	3	2	19:38:42
1123	3	2	19:38:42
1040	3	2	19:38:42
962	3	2	19:38:42
948	3	2	19:38:42
730	3	2	19:38:42
657	3	2	19:38:42
646	3	2	19:38:42
665	3	2	19:38:42
746	3	2	19:38:42
1253	3	2	19:38:42
1239	3	2	19:38:42
1185	3	2	19:38:42
1099	3	2	19:38:42
1026	3	2	19:38:42
983	3	2	19:38:42
800	3	2	19:38:42
684	3	2	19:38:42
660	3	2	19:38:42
652	3	2	19:38:42
708	3	2	19:38:42
1255	3	2	19:38:42
1207	3	2	19:38:42
1161	3	2	19:38:42
1067	3	2	19:38:42
986	3	2	19:38:42
959	3	2	19:38:42
805	3	2	19:38:42
665	3	2	19:38:42
646	3	2	19:38:42
665	3	2	19:38:42
692	3	2	19:38:42
1223	3	2	19:38:42
1210	3	2	19:38:42
1126	3	2	19:38:42
1083	3	2	19:38:42
1008	3	2	19:38:42
970	3	2	19:38:42
835	3	2	19:38:42
711	3	2	19:38:42
655	3	2	19:38:42
655	3	2	19:38:42
690	3	2	19:38:42
1229	3	2	19:38:42
1210	3	2	19:38:42
1153	3	2	19:38:42
1091	3	2	19:38:42
1016	3	2	19:38:42
946	3	2	19:38:42
727	3	2	19:38:42
668	3	2	19:38:42
679	3	2	19:38:42
663	3	2	19:38:42
703	3	2	19:38:42
1253	3	2	19:38:42
1207	3	2	19:38:42
1185	3	2	19:38:42
1099	3	2	19:38:42
1008	3	2	19:38:42
964	3	2	19:38:42
797	3	2	19:38:42
681	3	2	19:38:42
657	3	2	19:38:42
671	3	2	19:38:42
700	3	2	19:38:42
1123	3	2	19:38:42
1239	3	2	19:38:42
1150	3	2	19:38:42
1110	3	2	19:38:42
1029	3	2	19:38:42
986	3	2	19:38:42
913	3	2	19:38:42
741	3	2	19:38:42
681	3	2	19:38:42
657	3	2	19:38:42
660	3	2	19:38:42
773	3	2	19:38:42
1255	3	2	19:38:42
1237	3	2	19:38:42
1188	3	2	19:38:42
1070	3	2	19:38:42
1026	3	2	19:38:42
924	3	2	19:38:42
722	3	2	19:38:42
681	3	2	19:38:42
681	3	2	19:38:42
703	3	2	19:38:42
886	3	2	19:38:42
1290	3	2	19:38:42
1220	3	2	19:38:42
1175	3	2	19:38:42
1070	3	2	19:38:42
1026	3	2	19:38:42
876	3	2	19:38:42
698	3	2	19:38:42
690	3	2	19:38:42
655	3	2	19:38:42
684	3	2	19:38:42
889	3	2	19:38:42
1237	3	2	19:38:42
1237	3	2	19:38:42
1137	3	2	19:38:42
1064	3	2	19:38:42
1005	3	2	19:38:42
894	3	2	19:38:42
719	3	2	19:38:42
652	3	2	19:38:42
671	3	2	19:38:42
660	3	2	19:38:42
708	3	2	19:38:42
1199	3	2	19:38:42
1175	3	2	19:38:42
1123	3	2	19:38:42
1064	3	2	19:38:42
1018	3	2	19:38:42
959	3	2	19:38:42
752	3	2	19:38:42
660	3	2	19:38:42
641	3	2	19:38:42
665	3	2	19:38:42
684	3	2	19:38:42
803	3	2	19:38:42
1242	3	2	19:38:42
1158	3	2	19:38:42
1132	3	2	19:38:42
1067	3	2	19:38:42
991	3	2	19:38:42
956	3	2	19:38:42
735	3	2	19:38:42
652	3	2	19:38:42
630	3	2	19:38:42
668	3	2	19:38:42
706	3	2	19:38:42
1264	3	2	19:38:42
1202	3	2	19:38:42
1150	3	2	19:38:42
1067	3	2	19:38:42
1029	3	2	19:38:42
962	3	2	19:38:42
738	3	2	19:38:42
676	3	2	19:38:42
638	3	2	19:38:42
644	3	2	19:38:42
770	3	2	19:38:42
964	3	2	19:38:42
1220	3	2	19:38:42
1175	3	2	19:38:42
1126	3	2	19:38:42
1034	3	2	19:38:42
983	3	2	19:38:42
752	3	2	19:38:42
679	3	2	19:38:42
652	3	2	19:38:42
633	3	2	19:38:42
684	3	2	19:38:42
746	3	2	19:38:42
1215	3	2	19:38:42
1137	3	2	19:38:42
1142	3	2	19:38:42
1061	3	2	19:38:42
1002	3	2	19:38:42
921	3	2	19:38:42
706	3	2	19:38:42
676	3	2	19:38:42
649	3	2	19:38:42
644	3	2	19:38:42
725	3	2	19:38:42
970	3	2	19:38:42
1204	3	2	19:38:42
1123	3	2	19:38:42
1056	3	2	19:38:42
1024	3	2	19:38:42
981	3	2	19:38:42
835	3	2	19:38:42
711	3	2	19:38:42
655	3	2	19:38:42
636	3	2	19:38:42
679	3	2	19:38:42
703	3	2	19:38:42
870	3	2	19:38:42
1191	3	2	19:38:42
1169	3	2	19:38:42
1099	3	2	19:38:42
1021	3	2	19:38:42
986	3	2	19:38:42
808	3	2	19:38:42
673	3	2	19:38:42
649	3	2	19:38:42
660	3	2	19:38:42
698	3	2	19:38:42
800	3	2	19:38:42
1234	3	2	19:38:42
1177	3	2	19:38:42
1105	3	2	19:38:42
1037	3	2	19:38:42
997	3	2	19:38:42
827	3	2	19:38:42
706	3	2	19:38:42
652	3	2	19:38:42
641	3	2	19:38:42
671	3	2	19:38:42
776	3	2	19:38:42
1229	3	2	19:38:42
1148	3	2	19:38:42
1158	3	2	19:38:42
1091	3	2	19:38:42
986	3	2	19:38:42
1008	3	2	19:38:42
779	3	2	19:38:42
690	3	2	19:38:42
649	3	2	19:38:42
665	3	2	19:38:42
708	3	2	19:38:42
854	3	2	19:38:42
1264	3	2	19:38:42
1261	3	2	19:38:42
1196	3	2	19:38:42
1083	3	2	19:38:42
1029	3	2	19:38:42
797	3	2	19:38:42
679	3	2	19:38:42
679	3	2	19:38:42
684	3	2	19:38:42
746	3	2	19:38:42
956	3	2	19:38:42
1253	3	2	19:38:42
1180	3	2	19:38:42
1137	3	2	19:38:42
1051	3	2	19:38:42
1005	3	2	19:38:42
921	3	2	19:38:42
738	3	2	19:38:42
665	3	2	19:38:42
641	3	2	19:38:42
684	3	2	19:38:42
768	3	2	19:38:42
1210	3	2	19:38:42
1226	3	2	19:38:42
1164	3	2	19:38:42
1059	3	2	19:38:42
1024	3	2	19:38:42
760	3	2	19:38:42
684	3	2	19:38:42
663	3	2	19:38:42
655	3	2	19:38:42
722	3	2	19:38:42
956	3	2	19:38:42
1309	3	2	19:38:42
1237	3	2	19:38:42
1177	3	2	19:38:42
1099	3	2	19:38:42
1034	3	2	19:38:42
935	3	2	19:38:42
714	3	2	19:38:42
668	3	2	19:38:42
657	3	2	19:38:42
703	3	2	19:38:42
800	3	2	19:38:42
956	3	2	19:38:42
1231	3	2	19:38:42
1215	3	2	19:38:42
1148	3	2	19:38:42
1048	3	2	19:38:42
770	3	2	19:38:42
698	3	2	19:38:42
657	3	2	19:38:42
644	3	2	19:38:42
690	3	2	19:38:42
808	3	2	19:38:42
1247	3	2	19:38:42
1158	3	2	19:38:42
1158	3	2	19:38:42
1056	3	2	19:38:42
948	3	2	19:38:42
943	3	2	19:38:42
711	3	2	19:38:42
681	3	2	19:38:42
646	3	2	19:38:42
649	3	2	19:38:42
762	3	2	19:38:42
954	3	2	19:38:42
1317	3	2	19:38:42
1202	3	2	19:38:42
1134	3	2	19:38:42
1091	3	2	19:38:42
994	3	2	19:38:42
789	3	2	19:38:42
687	3	2	19:38:42
681	3	2	19:38:42
663	3	2	19:38:42
690	3	2	19:38:42
830	3	2	19:38:42
981	3	2	19:38:42
1223	3	2	19:38:42
1207	3	2	19:38:42
1086	3	2	19:38:42
1016	3	2	19:38:42
946	3	2	19:38:42
727	3	2	19:38:42
663	3	2	19:38:42
684	3	2	19:38:42
681	3	2	19:38:42
808	3	2	19:38:42
1212	3	2	19:38:42
1180	3	2	19:38:42
1177	3	2	19:38:42
1088	3	2	19:38:42
989	3	2	19:38:42
946	3	2	19:38:42
746	3	2	19:38:42
668	3	2	19:38:42
646	3	2	19:38:42
673	3	2	19:38:42
730	3	2	19:38:42
951	3	2	19:38:42
1299	3	2	19:38:42
1218	3	2	19:38:42
1153	3	2	19:38:42
1061	3	2	19:38:42
962	3	2	19:38:42
773	3	2	19:38:42
695	3	2	19:38:42
660	3	2	19:38:42
652	3	2	19:38:42
722	3	2	19:38:42
983	3	2	19:38:42
1288	3	2	19:38:42
1250	3	2	19:38:42
1158	3	2	19:38:42
1032	3	2	19:38:42
981	3	2	19:38:42
803	3	2	19:38:42
679	3	2	19:38:42
649	3	2	19:38:42
671	3	2	19:38:42
695	3	2	19:38:42
948	3	2	19:38:42
929	3	2	19:38:42
1202	3	2	19:38:42
1153	3	2	19:38:42
1153	3	2	19:38:42
989	3	2	19:38:42
870	3	2	19:38:42
735	3	2	19:38:42
660	3	2	19:38:42
660	3	2	19:38:42
663	3	2	19:38:42
714	3	2	19:38:42
959	3	2	19:38:42
905	3	2	19:38:42
1204	3	2	19:38:42
1247	3	2	19:38:42
1134	3	2	19:38:42
991	3	2	19:38:42
789	3	2	19:38:42
679	3	2	19:38:42
652	3	2	19:38:42
679	3	2	19:38:42
684	3	2	19:38:42
870	3	2	19:38:42
1234	3	2	19:38:42
1231	3	2	19:38:42
1172	3	2	19:38:42
1061	3	2	19:38:42
1021	3	2	19:38:42
827	3	2	19:38:42
711	3	2	19:38:42
671	3	2	19:38:42
655	3	2	19:38:42
711	3	2	19:38:42
814	3	2	19:38:42
1288	3	2	19:38:42
1264	3	2	19:38:42
1180	3	2	19:38:42
1107	3	2	19:38:42
1040	3	2	19:38:42
811	3	2	19:38:42
679	3	2	19:38:42
657	3	2	19:38:42
690	3	2	19:38:42
698	3	2	19:38:42
830	3	2	19:38:42
1002	3	2	19:38:42
1280	3	2	19:38:42
1223	3	2	19:38:42
1126	3	2	19:38:42
1032	3	2	19:38:42
929	3	2	19:38:42
735	3	2	19:38:42
668	3	2	19:38:42
646	3	2	19:38:42
679	3	2	19:38:42
765	3	2	19:38:42
978	3	2	19:38:42
1266	3	2	19:38:42
1223	3	2	19:38:42
1153	3	2	19:38:42
1045	3	2	19:38:42
1086	3	2	19:38:42
811	3	2	19:38:42
676	3	2	19:38:42
684	3	2	19:38:42
665	3	2	19:38:42
711	3	2	19:38:42
956	3	2	19:38:42
1280	3	2	19:38:42
1258	3	2	19:38:42
1199	3	2	19:38:42
1088	3	2	19:38:42
1016	3	2	19:38:42
770	3	2	19:38:42
681	3	2	19:38:42
663	3	2	19:38:42
681	3	2	19:38:42
743	3	2	19:38:42
951	3	2	19:38:42
1293	3	2	19:38:42
1269	3	2	19:38:42
1193	3	2	19:38:42
1070	3	2	19:38:42
1013	3	2	19:38:42
743	3	2	19:38:42
673	3	2	19:38:42
673	3	2	19:38:42
676	3	2	19:38:42
719	3	2	19:38:42
959	3	2	19:38:42
1299	3	2	19:38:42
1245	3	2	19:38:42
1158	3	2	19:38:42
1072	3	2	19:38:42
1043	3	2	19:38:42
779	3	2	19:38:42
687	3	2	19:38:42
660	3	2	19:38:42
671	3	2	19:38:42
757	3	2	19:38:42
951	3	2	19:38:42
1261	3	2	19:38:42
1237	3	2	19:38:42
1156	3	2	19:38:42
1056	3	2	19:38:42
964	3	2	19:38:42
738	3	2	19:38:42
676	3	2	19:38:42
684	3	2	19:38:42
673	3	2	19:38:42
787	3	2	19:38:42
970	3	2	19:38:42
1296	3	2	19:38:42
1239	3	2	19:38:42
1193	3	2	19:38:42
1094	3	2	19:38:42
978	3	2	19:38:42
757	3	2	19:38:42
681	3	2	19:38:42
665	3	2	19:38:42
690	3	2	19:38:42
760	3	2	19:38:42
946	3	2	19:38:42
1247	3	2	19:38:42
1253	3	2	19:38:42
1191	3	2	19:38:42
1067	3	2	19:38:42
1016	3	2	19:38:42
814	3	2	19:38:42
687	3	2	19:38:42
681	3	2	19:38:42
665	3	2	19:38:42
681	3	2	19:38:42
752	3	2	19:38:42
1272	3	2	19:38:42
1293	3	2	19:38:42
1185	3	2	19:38:42
1078	3	2	19:38:42
1018	3	2	19:38:42
830	3	2	19:38:42
690	3	2	19:38:42
660	3	2	19:38:42
687	3	2	19:38:42
717	3	2	19:38:42
862	3	2	19:38:42
1250	3	2	19:38:42
1218	3	2	19:38:42
1164	3	2	19:38:42
1078	3	2	19:38:42
975	3	2	19:38:42
781	3	2	19:38:42
706	3	2	19:38:42
668	3	2	19:38:42
660	3	2	19:38:42
695	3	2	19:38:42
867	3	2	19:38:42
1013	3	2	19:38:42
1239	3	2	19:38:42
1261	3	2	19:38:42
1180	3	2	19:38:42
1067	3	2	19:38:42
964	3	2	19:38:42
735	3	2	19:38:42
671	3	2	19:38:42
687	3	2	19:38:42
700	3	2	19:38:42
770	3	2	19:38:42
967	3	2	19:38:42
1261	3	2	19:38:42
1223	3	2	19:38:42
1167	3	2	19:38:42
1070	3	2	19:38:42
1005	3	2	19:38:42
773	3	2	19:38:42
698	3	2	19:38:42
663	3	2	19:38:42
665	3	2	19:38:42
754	3	2	19:38:42
1272	3	2	19:38:42
1231	3	2	19:38:42
1158	3	2	19:38:42
1094	3	2	19:38:42
1018	3	2	19:38:42
851	3	2	19:38:42
700	3	2	19:38:42
671	3	2	19:38:42
687	3	2	19:38:42
722	3	2	19:38:42
911	3	2	19:38:42
956	3	2	19:38:42
1290	3	2	19:38:42
1247	3	2	19:38:42
1169	3	2	19:38:42
1034	3	2	19:38:42
981	3	2	19:38:42
743	3	2	19:38:42
700	3	2	19:38:42
671	3	2	19:38:42
695	3	2	19:38:42
908	3	2	19:38:42
981	3	2	19:38:42
1212	3	2	19:38:42
1172	3	2	19:38:42
1115	3	2	19:38:42
1032	3	2	19:38:42
954	3	2	19:38:42
762	3	2	19:38:42
676	3	2	19:38:42
676	3	2	19:38:42
668	3	2	19:38:42
706	3	2	19:38:42
797	3	2	19:38:42
1223	3	2	19:38:42
1231	3	2	19:38:42
1129	3	2	19:38:42
1053	3	2	19:38:42
997	3	2	19:38:42
857	3	2	19:38:42
700	3	2	19:38:42
668	3	2	19:38:42
698	3	2	19:38:42
725	3	2	19:38:42
870	3	2	19:38:42
1264	3	2	19:38:42
1261	3	2	19:38:42
1196	3	2	19:38:42
1075	3	2	19:38:42
1032	3	2	19:38:42
805	3	2	19:38:42
708	3	2	19:38:42
676	3	2	19:38:42
668	3	2	19:38:42
770	3	2	19:38:42
978	3	2	19:38:42
1296	3	2	19:38:42
1234	3	2	19:38:42
1180	3	2	19:38:42
1061	3	2	19:38:42
1018	3	2	19:38:42
816	3	2	19:38:42
698	3	2	19:38:42
668	3	2	19:38:42
695	3	2	19:38:42
765	3	2	19:38:42
1269	3	2	19:38:42
1237	3	2	19:38:42
1242	3	2	19:38:42
1113	3	2	19:38:42
1056	3	2	19:38:42
951	3	2	19:38:42
738	3	2	19:38:42
673	3	2	19:38:42
692	3	2	19:38:42
692	3	2	19:38:42
781	3	2	19:38:42
983	3	2	19:38:42
1253	3	2	19:38:42
1215	3	2	19:38:42
1110	3	2	19:38:42
1053	3	2	19:38:42
1002	3	2	19:38:42
824	3	2	19:38:42
714	3	2	19:38:42
676	3	2	19:38:42
681	3	2	19:38:42
727	3	2	19:38:42
865	3	2	19:38:42
1247	3	2	19:38:42
1250	3	2	19:38:42
1199	3	2	19:38:42
1083	3	2	19:38:42
1008	3	2	19:38:42
770	3	2	19:38:42
671	3	2	19:38:42
679	3	2	19:38:42
676	3	2	19:38:42
770	3	2	19:38:42
937	3	2	19:38:42
1312	3	2	19:38:42
1212	3	2	19:38:42
1199	3	2	19:38:42
1099	3	2	19:38:42
1083	3	2	19:38:42
797	3	2	19:38:42
703	3	2	19:38:42
681	3	2	19:38:42
668	3	2	19:38:42
746	3	2	19:38:42
956	3	2	19:38:42
1299	3	2	19:38:42
1285	3	2	19:38:42
1202	3	2	19:38:42
1121	3	2	19:38:42
1099	3	2	19:38:42
857	3	2	19:38:42
741	3	2	19:38:42
692	3	2	19:38:42
690	3	2	19:38:42
606	3	2	22:24:29
679	3	2	22:24:29
1072	3	2	22:24:29
1040	3	2	22:24:29
1002	3	2	22:24:29
937	3	2	22:24:29
854	3	2	22:24:29
816	3	2	22:24:29
665	3	2	22:24:29
636	3	2	22:24:29
641	3	2	22:24:29
606	3	2	22:24:29
655	3	2	22:24:29
843	3	2	22:24:29
1202	3	2	22:24:29
1099	3	2	22:24:29
1037	3	2	22:24:29
1021	3	2	22:24:29
994	3	2	22:24:29
970	3	2	22:24:29
749	3	2	22:24:29
684	3	2	22:24:29
628	3	2	22:24:29
649	3	2	22:24:29
614	3	2	22:24:29
800	3	2	22:24:29
1212	3	2	22:24:29
1037	3	2	22:24:29
1013	3	2	22:24:29
967	3	2	22:24:29
932	3	2	22:24:29
849	3	2	22:24:29
725	3	2	22:24:29
655	3	2	22:24:29
660	3	2	22:24:29
606	3	2	22:24:29
628	3	2	22:24:29
684	3	2	22:24:29
1185	3	2	22:24:29
1018	3	2	22:24:29
978	3	2	22:24:29
1016	3	2	22:24:29
927	3	2	22:24:29
878	3	2	22:24:29
857	3	2	22:24:29
717	3	2	22:24:29
625	3	2	22:24:29
638	3	2	22:24:29
603	3	2	22:24:29
660	3	2	22:24:29
1115	3	2	22:24:29
1088	3	2	22:24:29
1002	3	2	22:24:29
978	3	2	22:24:29
973	3	2	22:24:29
916	3	2	22:24:29
854	3	2	22:24:29
735	3	2	22:24:29
636	3	2	22:24:29
614	3	2	22:24:29
625	3	2	22:24:29
617	3	2	22:24:29
765	3	2	22:24:29
1164	3	2	22:24:29
1021	3	2	22:24:29
999	3	2	22:24:29
981	3	2	22:24:29
935	3	2	22:24:29
881	3	2	22:24:29
760	3	2	22:24:29
717	3	2	22:24:29
614	3	2	22:24:29
593	3	2	22:24:29
625	3	2	22:24:29
601	3	2	22:24:29
717	3	2	22:24:29
1164	3	2	22:24:29
1024	3	2	22:24:29
997	3	2	22:24:29
981	3	2	22:24:29
884	3	2	22:24:29
865	3	2	22:24:29
781	3	2	22:24:29
644	3	2	22:24:29
611	3	2	22:24:29
625	3	2	22:24:29
609	3	2	22:24:29
671	3	2	22:24:29
1118	3	2	22:24:29
1013	3	2	22:24:29
978	3	2	22:24:29
970	3	2	22:24:29
894	3	2	22:24:29
803	3	2	22:24:29
727	3	2	22:24:29
660	3	2	22:24:29
617	3	2	22:24:29
622	3	2	22:24:29
584	3	2	22:24:29
528	3	2	22:24:29
620	3	2	22:24:29
695	3	2	22:24:29
1115	3	2	22:24:29
943	3	2	22:24:29
975	3	2	22:24:29
921	3	2	22:24:29
911	3	2	22:24:29
797	3	2	22:24:29
725	3	2	22:24:29
649	3	2	22:24:29
601	3	2	22:24:29
606	3	2	22:24:29
568	3	2	22:24:29
622	3	2	22:24:29
628	3	2	22:24:29
735	3	2	22:24:29
673	3	2	22:24:29
787	3	2	22:24:29
1002	3	2	22:24:29
994	3	2	22:24:29
943	3	2	22:24:29
832	3	2	22:24:29
695	3	2	22:24:29
636	3	2	22:24:29
638	3	2	22:24:29
595	3	2	22:24:29
617	3	2	22:24:29
706	3	2	22:24:29
1118	3	2	22:24:29
1008	3	2	22:24:29
978	3	2	22:24:29
921	3	2	22:24:29
897	3	2	22:24:29
867	3	2	22:24:29
840	3	2	22:24:29
733	3	2	22:24:29
649	3	2	22:24:29
617	3	2	22:24:29
601	3	2	22:24:29
638	3	2	22:24:29
741	3	2	22:24:29
1008	3	2	22:24:29
1002	3	2	22:24:29
989	3	2	22:24:29
994	3	2	22:24:29
905	3	2	22:24:29
897	3	2	22:24:29
884	3	2	22:24:29
824	3	2	22:24:29
477	3	2	22:24:29
258	3	2	22:24:29
229	3	2	22:24:29
407	3	2	22:24:29
663	3	2	22:24:29
601	3	2	22:24:29
574	3	2	22:24:29
638	3	2	22:24:29
962	3	2	22:24:29
951	3	2	22:24:29
894	3	2	22:24:29
954	3	2	22:24:29
943	3	2	22:24:29
943	3	2	22:24:29
894	3	2	22:24:29
733	3	2	22:24:29
630	3	2	22:24:29
673	3	2	22:24:29
1326	3	2	22:24:29
808	3	2	22:24:29
727	3	2	22:24:29
929	3	2	22:24:29
989	3	2	22:24:29
897	3	2	22:24:29
916	3	2	22:24:29
808	3	2	22:24:29
822	3	2	22:24:29
776	3	2	22:24:29
725	3	2	22:24:29
641	3	2	22:24:29
595	3	2	22:24:29
611	3	2	22:24:29
638	3	2	22:24:29
1064	3	2	22:24:29
832	3	2	22:24:29
819	3	2	22:24:29
838	3	2	22:24:29
849	3	2	22:24:29
800	3	2	22:24:29
792	3	2	22:24:29
671	3	2	22:24:29
620	3	2	22:24:29
598	3	2	22:24:29
579	3	2	22:24:29
606	3	2	22:24:29
579	3	2	22:24:29
636	3	2	22:24:29
795	3	2	22:24:29
900	3	2	22:24:29
876	3	2	22:24:29
870	3	2	22:24:29
892	3	2	22:24:29
884	3	2	22:24:29
838	3	2	22:24:29
814	3	2	22:24:29
738	3	2	22:24:29
633	3	2	22:24:29
614	3	2	22:24:29
620	3	2	22:24:29
595	3	2	22:24:29
646	3	2	22:24:29
700	3	2	22:24:29
822	3	2	22:24:29
827	3	2	22:24:29
870	3	2	22:24:29
881	3	2	22:24:29
881	3	2	22:24:29
840	3	2	22:24:29
789	3	2	22:24:29
725	3	2	22:24:29
628	3	2	22:24:29
641	3	2	22:24:29
606	3	2	22:24:29
633	3	2	22:24:29
765	3	2	22:24:29
999	3	2	22:24:29
1026	3	2	22:24:29
927	3	2	22:24:29
921	3	2	22:24:29
897	3	2	22:24:29
865	3	2	22:24:29
838	3	2	22:24:29
762	3	2	22:24:29
687	3	2	22:24:29
622	3	2	22:24:29
611	3	2	22:24:29
636	3	2	22:24:29
692	3	2	22:24:29
908	3	2	22:24:29
927	3	2	22:24:29
870	3	2	22:24:29
894	3	2	22:24:29
932	3	2	22:24:29
878	3	2	22:24:29
867	3	2	22:24:29
749	3	2	22:24:29
655	3	2	22:24:29
638	3	2	22:24:29
625	3	2	22:24:29
593	3	2	22:24:29
644	3	2	22:24:29
752	3	2	22:24:29
967	3	2	22:24:29
927	3	2	22:24:29
913	3	2	22:24:29
919	3	2	22:24:29
851	3	2	22:24:29
811	3	2	22:24:29
792	3	2	22:24:29
738	3	2	22:24:29
617	3	2	22:24:29
622	3	2	22:24:29
633	3	2	22:24:29
590	3	2	22:24:29
660	3	2	22:24:29
830	3	2	22:24:29
964	3	2	22:24:29
916	3	2	22:24:29
935	3	2	22:24:29
908	3	2	22:24:29
865	3	2	22:24:29
814	3	2	22:24:29
746	3	2	22:24:29
676	3	2	22:24:29
620	3	2	22:24:29
611	3	2	22:24:29
609	3	2	22:24:29
595	3	2	22:24:29
638	3	2	22:24:29
951	3	2	22:24:29
956	3	2	22:24:29
940	3	2	22:24:29
897	3	2	22:24:29
752	3	2	22:24:29
676	3	2	22:24:29
684	3	2	22:24:29
614	3	2	22:24:29
603	3	2	22:24:29
628	3	2	22:24:29
574	3	2	22:24:29
606	3	2	22:24:29
681	3	2	22:24:29
1075	3	2	22:24:29
994	3	2	22:24:29
935	3	2	22:24:29
956	3	2	22:24:29
886	3	2	22:24:29
819	3	2	22:24:29
703	3	2	22:24:29
692	3	2	22:24:29
641	3	2	22:24:29
611	3	2	22:24:29
620	3	2	22:24:29
582	3	2	22:24:29
601	3	2	22:24:29
671	3	2	22:24:29
792	3	2	22:24:29
956	3	2	22:24:29
897	3	2	22:24:29
897	3	2	22:24:29
830	3	2	22:24:29
800	3	2	22:24:29
730	3	2	22:24:29
646	3	2	22:24:29
603	3	2	22:24:29
628	3	2	22:24:29
582	3	2	22:24:29
598	3	2	22:24:29
609	3	2	22:24:29
692	3	2	22:24:29
797	3	2	22:24:29
927	3	2	22:24:29
929	3	2	22:24:29
889	3	2	22:24:29
859	3	2	22:24:29
781	3	2	22:24:29
717	3	2	22:24:29
687	3	2	22:24:29
617	3	2	22:24:29
603	3	2	22:24:29
609	3	2	22:24:29
582	3	2	22:24:29
636	3	2	22:24:29
722	3	2	22:24:29
948	3	2	22:24:29
962	3	2	22:24:29
932	3	2	22:24:29
889	3	2	22:24:29
859	3	2	22:24:29
800	3	2	22:24:29
725	3	2	22:24:29
700	3	2	22:24:29
620	3	2	22:24:29
609	3	2	22:24:29
611	3	2	22:24:29
590	3	2	22:24:29
576	3	2	22:24:29
593	3	2	22:24:29
595	3	2	22:24:29
1026	3	2	22:24:29
840	3	2	22:24:29
851	3	2	22:24:29
784	3	2	22:24:29
727	3	2	22:24:29
663	3	2	22:24:29
679	3	2	22:24:29
622	3	2	22:24:29
606	3	2	22:24:29
609	3	2	22:24:29
584	3	2	22:24:29
943	3	2	22:24:29
854	3	2	22:24:29
927	3	2	22:24:29
986	3	2	22:24:29
956	3	2	22:24:29
911	3	2	22:24:29
849	3	2	22:24:29
743	3	2	22:24:29
698	3	2	22:24:29
665	3	2	22:24:29
620	3	2	22:24:29
598	3	2	22:24:29
625	3	2	22:24:29
628	3	2	22:24:29
671	3	2	22:24:29
797	3	2	22:24:29
1018	3	2	22:24:29
1070	3	2	22:24:29
1021	3	2	22:24:29
967	3	2	22:24:29
913	3	2	22:24:29
873	3	2	22:24:29
816	3	2	22:24:29
665	3	2	22:24:29
622	3	2	22:24:29
636	3	2	22:24:29
598	3	2	22:24:29
622	3	2	22:24:29
725	3	2	22:24:29
1148	3	2	22:24:29
1051	3	2	22:24:29
1018	3	2	22:24:29
1002	3	2	22:24:29
929	3	2	22:24:29
843	3	2	22:24:29
719	3	2	22:24:29
636	3	2	22:24:29
633	3	2	22:24:29
611	3	2	22:24:29
606	3	2	22:24:29
695	3	2	22:24:29
816	3	2	22:24:29
1080	3	2	22:24:29
1021	3	2	22:24:29
1024	3	2	22:24:29
989	3	2	22:24:29
940	3	2	22:24:29
911	3	2	22:24:29
770	3	2	22:24:29
633	3	2	22:24:29
644	3	2	22:24:29
614	3	2	22:24:29
598	3	2	22:24:29
663	3	2	22:24:29
735	3	2	22:24:29
1132	3	2	22:24:29
1059	3	2	22:24:29
1029	3	2	22:24:29
964	3	2	22:24:29
921	3	2	22:24:29
862	3	2	22:24:29
749	3	2	22:24:29
636	3	2	22:24:29
657	3	2	22:24:29
611	3	2	22:24:29
622	3	2	22:24:29
660	3	2	22:24:29
722	3	2	22:24:29
1142	3	2	22:24:29
1051	3	2	22:24:29
1051	3	2	22:24:29
1032	3	2	22:24:29
935	3	2	22:24:29
816	3	2	22:24:29
679	3	2	22:24:29
657	3	2	22:24:29
625	3	2	22:24:29
603	3	2	22:24:29
644	3	2	22:24:29
687	3	2	22:24:29
1156	3	2	22:24:29
1080	3	2	22:24:29
1045	3	2	22:24:29
994	3	2	22:24:29
943	3	2	22:24:29
881	3	2	22:24:29
889	3	2	22:24:29
733	3	2	22:24:29
641	3	2	22:24:29
649	3	2	22:24:29
603	3	2	22:24:29
611	3	2	22:24:29
671	3	2	22:24:29
781	3	2	22:24:29
1142	3	2	22:24:29
1094	3	2	22:24:29
1059	3	2	22:24:29
997	3	2	22:24:29
959	3	2	22:24:29
867	3	2	22:24:29
714	3	2	22:24:29
641	3	2	22:24:29
644	3	2	22:24:29
620	3	2	22:24:29
609	3	2	22:24:29
679	3	2	22:24:29
749	3	2	22:24:29
1107	3	2	22:24:29
1064	3	2	22:24:29
1034	3	2	22:24:29
956	3	2	22:24:29
946	3	2	22:24:29
746	3	2	22:24:29
646	3	2	22:24:29
646	3	2	22:24:29
617	3	2	22:24:29
609	3	2	22:24:29
668	3	2	22:24:29
668	3	2	22:24:29
1078	3	2	22:24:29
986	3	2	22:24:29
959	3	2	22:24:29
956	3	2	22:24:29
889	3	2	22:24:29
865	3	2	22:24:29
743	3	2	22:24:29
684	3	2	22:24:29
611	3	2	22:24:29
609	3	2	22:24:29
625	3	2	22:24:29
603	3	2	22:24:29
679	3	2	22:24:29
1126	3	2	22:24:29
1072	3	2	22:24:29
1037	3	2	22:24:29
997	3	2	22:24:29
902	3	2	22:24:29
819	3	2	22:24:29
754	3	2	22:24:29
633	3	2	22:24:29
617	3	2	22:24:29
633	3	2	22:24:29
593	3	2	22:24:29
644	3	2	22:24:29
671	3	2	22:24:29
1088	3	2	22:24:29
1045	3	2	22:24:29
1059	3	2	22:24:29
986	3	2	22:24:29
951	3	2	22:24:29
824	3	2	22:24:29
690	3	2	22:24:29
630	3	2	22:24:29
633	3	2	22:24:29
598	3	2	22:24:29
609	3	2	22:24:29
665	3	2	22:24:29
711	3	2	22:24:29
1064	3	2	22:24:29
1034	3	2	22:24:29
1024	3	2	22:24:29
913	3	2	22:24:29
781	3	2	22:24:29
679	3	2	22:24:29
652	3	2	22:24:29
598	3	2	22:24:29
611	3	2	22:24:29
590	3	2	22:24:29
571	3	2	22:24:29
620	3	2	22:24:29
660	3	2	22:24:29
929	3	2	22:24:29
1067	3	2	22:24:29
1061	3	2	22:24:29
1021	3	2	22:24:29
978	3	2	22:24:29
905	3	2	22:24:29
803	3	2	22:24:29
649	3	2	22:24:29
663	3	2	22:24:29
603	3	2	22:24:29
630	3	2	22:24:29
641	3	2	22:24:29
722	3	2	22:24:29
1067	3	2	22:24:29
1026	3	2	22:24:29
1010	3	2	22:24:29
981	3	2	22:24:29
894	3	2	22:24:29
881	3	2	22:24:29
805	3	2	22:24:29
695	3	2	22:24:29
630	3	2	22:24:29
609	3	2	22:24:29
617	3	2	22:24:29
614	3	2	22:24:29
646	3	2	22:24:29
1016	3	2	22:24:29
999	3	2	22:24:29
989	3	2	22:24:29
927	3	2	22:24:29
857	3	2	22:24:29
838	3	2	22:24:29
738	3	2	22:24:29
638	3	2	22:24:29
644	3	2	22:24:29
590	3	2	22:24:29
587	3	2	22:24:29
625	3	2	22:24:29
636	3	2	22:24:29
765	3	2	22:24:29
1096	3	2	22:24:29
1008	3	2	22:24:29
927	3	2	22:24:29
865	3	2	22:24:29
835	3	2	22:24:29
730	3	2	22:24:29
657	3	2	22:24:29
622	3	2	22:24:29
628	3	2	22:24:29
593	3	2	22:24:29
614	3	2	22:24:29
611	3	2	22:24:29
717	3	2	22:24:29
692	3	2	22:24:29
1118	3	2	22:24:29
1045	3	2	22:24:29
1010	3	2	22:24:29
900	3	2	22:24:29
830	3	2	22:24:29
743	3	2	22:24:29
617	3	2	22:24:29
625	3	2	22:24:29
652	3	2	22:24:29
603	3	2	22:24:29
614	3	2	22:24:29
692	3	2	22:24:29
902	3	2	22:24:29
1113	3	2	22:24:29
1075	3	2	22:24:29
983	3	2	22:24:29
867	3	2	22:24:29
676	3	2	22:24:29
552	3	2	22:24:29
706	3	2	22:24:29
579	3	2	22:24:29
568	3	2	22:24:29
630	3	2	22:24:29
1188	3	2	22:24:29
638	3	2	22:24:29
684	3	2	22:24:29
929	3	2	22:24:29
905	3	2	22:24:29
964	3	2	22:24:29
1008	3	2	22:24:29
1008	3	2	22:24:29
924	3	2	22:24:29
840	3	2	22:24:29
722	3	2	22:24:29
636	3	2	22:24:29
625	3	2	22:24:29
636	3	2	22:24:29
606	3	2	22:24:29
652	3	2	22:24:29
735	3	2	22:24:29
1140	3	2	22:24:29
1091	3	2	22:24:29
1040	3	2	22:24:29
978	3	2	22:24:29
932	3	2	22:24:29
900	3	2	22:24:29
749	3	2	22:24:29
633	3	2	22:24:29
649	3	2	22:24:29
611	3	2	22:24:29
595	3	2	22:24:29
660	3	2	22:24:29
719	3	2	22:24:29
1153	3	2	22:24:29
1013	3	2	22:24:29
1034	3	2	22:24:29
975	3	2	22:24:29
919	3	2	22:24:29
859	3	2	22:24:29
760	3	2	22:24:29
663	3	2	22:24:29
652	3	2	22:24:29
614	3	2	22:24:29
609	3	2	22:24:29
633	3	2	22:24:29
695	3	2	22:24:29
1123	3	2	22:24:29
1072	3	2	22:24:29
1013	3	2	22:24:29
921	3	2	22:24:29
881	3	2	22:24:29
800	3	2	22:24:29
676	3	2	22:24:29
660	3	2	22:24:29
611	3	2	22:24:29
614	3	2	22:24:29
628	3	2	22:24:29
641	3	2	22:24:29
725	3	2	22:24:29
1094	3	2	22:24:29
1043	3	2	22:24:29
997	3	2	22:24:29
921	3	2	22:24:29
862	3	2	22:24:29
760	3	2	22:24:29
649	3	2	22:24:29
622	3	2	22:24:29
638	3	2	22:24:29
598	3	2	22:24:29
606	3	2	22:24:29
673	3	2	22:24:29
733	3	2	22:24:29
1024	3	2	22:24:29
1045	3	2	22:24:29
991	3	2	22:24:29
964	3	2	22:24:29
916	3	2	22:24:29
840	3	2	22:24:29
730	3	2	22:24:29
665	3	2	22:24:29
620	3	2	22:24:29
601	3	2	22:24:29
620	3	2	22:24:29
617	3	2	22:24:29
663	3	2	22:24:29
1099	3	2	22:24:29
1056	3	2	22:24:29
1061	3	2	22:24:29
797	3	2	22:24:29
706	3	2	22:24:29
641	3	2	22:24:29
622	3	2	22:24:29
593	3	2	22:24:29
611	3	2	22:24:29
601	3	2	22:24:29
579	3	2	22:24:29
593	3	2	22:24:29
779	3	2	22:24:29
838	4	2	16:01:04
843	4	2	16:01:04
870	4	2	16:01:04
846	4	2	16:01:04
870	4	2	16:01:04
892	4	2	16:01:04
800	4	2	16:01:04
743	4	2	16:01:04
730	4	2	16:01:04
692	4	2	16:01:04
655	4	2	16:01:04
598	4	2	16:01:04
601	4	2	16:01:04
587	4	2	16:01:04
646	4	2	16:01:04
779	4	2	16:01:04
1010	4	2	16:01:04
989	4	2	16:01:04
943	4	2	16:01:04
916	4	2	16:01:04
859	4	2	16:01:04
760	4	2	16:01:04
698	4	2	16:01:04
644	4	2	16:01:04
595	4	2	16:01:04
568	4	2	16:01:04
584	4	2	16:01:04
590	4	2	16:01:04
636	4	2	16:01:04
1026	4	2	16:01:04
932	4	2	16:01:04
911	4	2	16:01:04
913	4	2	16:01:04
876	4	2	16:01:04
803	4	2	16:01:04
700	4	2	16:01:04
655	4	2	16:01:04
617	4	2	16:01:04
568	4	2	16:01:04
590	4	2	16:01:04
558	4	2	16:01:04
598	4	2	16:01:04
649	4	2	16:01:04
711	4	2	16:01:04
1029	4	2	16:01:04
940	4	2	16:01:04
921	4	2	16:01:04
900	4	2	16:01:04
857	4	2	16:01:04
840	4	2	16:01:04
757	4	2	16:01:04
622	4	2	16:01:04
584	4	2	16:01:04
598	4	2	16:01:04
552	4	2	16:01:04
598	4	2	16:01:04
641	4	2	16:01:04
994	4	2	16:01:04
970	4	2	16:01:04
935	4	2	16:01:04
902	4	2	16:01:04
867	4	2	16:01:04
838	4	2	16:01:04
757	4	2	16:01:04
673	4	2	16:01:04
601	4	2	16:01:04
611	4	2	16:01:04
563	4	2	16:01:04
576	4	2	16:01:04
644	4	2	16:01:04
865	4	2	16:01:04
919	4	2	16:01:04
924	4	2	16:01:04
870	4	2	16:01:04
865	4	2	16:01:04
830	4	2	16:01:04
770	4	2	16:01:04
695	4	2	16:01:04
611	4	2	16:01:04
611	4	2	16:01:04
571	4	2	16:01:04
568	4	2	16:01:04
584	4	2	16:01:04
681	4	2	16:01:04
1018	4	2	16:01:04
989	4	2	16:01:04
962	4	2	16:01:04
935	4	2	16:01:04
892	4	2	16:01:04
811	4	2	16:01:04
733	4	2	16:01:04
638	4	2	16:01:04
606	4	2	16:01:04
609	4	2	16:01:04
558	4	2	16:01:04
598	4	2	16:01:04
652	4	2	16:01:04
789	4	2	16:01:04
991	4	2	16:01:04
978	4	2	16:01:04
946	4	2	16:01:04
927	4	2	16:01:04
916	4	2	16:01:04
865	4	2	16:01:04
816	4	2	16:01:04
676	4	2	16:01:04
598	4	2	16:01:04
601	4	2	16:01:04
563	4	2	16:01:04
598	4	2	16:01:04
655	4	2	16:01:04
921	4	2	16:01:04
943	4	2	16:01:04
948	4	2	16:01:04
935	4	2	16:01:04
921	4	2	16:01:04
889	4	2	16:01:04
832	4	2	16:01:04
727	4	2	16:01:04
722	4	2	16:01:04
625	4	2	16:01:04
609	4	2	16:01:04
576	4	2	16:01:04
552	4	2	16:01:04
584	4	2	16:01:04
598	4	2	16:01:04
663	4	2	16:01:04
792	4	2	16:01:04
1018	4	2	16:01:04
943	4	2	16:01:04
943	4	2	16:01:04
911	4	2	16:01:04
830	4	2	16:01:04
746	4	2	16:01:04
692	4	2	16:01:04
622	4	2	16:01:04
576	4	2	16:01:04
590	4	2	16:01:04
560	4	2	16:01:04
606	4	2	16:01:04
684	4	2	16:01:04
937	4	2	16:01:04
905	4	2	16:01:04
892	4	2	16:01:04
892	4	2	16:01:04
867	4	2	16:01:04
803	4	2	16:01:04
752	4	2	16:01:04
655	4	2	16:01:04
603	4	2	16:01:04
601	4	2	16:01:04
576	4	2	16:01:04
587	4	2	16:01:04
622	4	2	16:01:04
692	4	2	16:01:04
997	4	2	16:01:04
973	4	2	16:01:04
940	4	2	16:01:04
929	4	2	16:01:04
851	4	2	16:01:04
805	4	2	16:01:04
727	4	2	16:01:04
679	4	2	16:01:04
601	4	2	16:01:04
609	4	2	16:01:04
563	4	2	16:01:04
582	4	2	16:01:04
611	4	2	16:01:04
681	4	2	16:01:04
943	4	2	16:01:04
924	4	2	16:01:04
929	4	2	16:01:04
927	4	2	16:01:04
889	4	2	16:01:04
822	4	2	16:01:04
717	4	2	16:01:04
668	4	2	16:01:04
636	4	2	16:01:04
582	4	2	16:01:04
576	4	2	16:01:04
568	4	2	16:01:04
563	4	2	16:01:04
636	4	2	16:01:04
754	4	2	16:01:04
921	4	2	16:01:04
892	4	2	16:01:04
889	4	2	16:01:04
843	4	2	16:01:04
816	4	2	16:01:04
784	4	2	16:01:04
695	4	2	16:01:04
609	4	2	16:01:04
598	4	2	16:01:04
582	4	2	16:01:04
558	4	2	16:01:04
611	4	2	16:01:04
625	4	2	16:01:04
714	4	2	16:01:04
1008	4	2	16:01:04
929	4	2	16:01:04
897	4	2	16:01:04
835	4	2	16:01:04
830	4	2	16:01:04
730	4	2	16:01:04
676	4	2	16:01:04
660	4	2	16:01:04
590	4	2	16:01:04
560	4	2	16:01:04
587	4	2	16:01:04
552	4	2	16:01:04
628	4	2	16:01:04
706	4	2	16:01:04
1067	4	2	16:01:04
962	4	2	16:01:04
927	4	2	16:01:04
886	4	2	16:01:04
870	4	2	16:01:04
776	4	2	16:01:04
722	4	2	16:01:04
571	4	2	16:01:04
584	4	2	16:01:04
590	4	2	16:01:04
560	4	2	16:01:04
566	4	2	16:01:04
587	4	2	16:01:04
649	4	2	16:01:04
1026	4	2	16:01:04
911	4	2	16:01:04
814	4	2	16:01:04
849	4	2	16:01:04
851	4	2	16:01:04
808	4	2	16:01:04
711	4	2	16:01:04
611	4	2	16:01:04
609	4	2	16:01:04
560	4	2	16:01:04
576	4	2	16:01:04
566	4	2	16:01:04
620	4	2	16:01:04
908	4	2	16:01:04
932	4	2	16:01:04
937	4	2	16:01:04
897	4	2	16:01:04
876	4	2	16:01:04
816	4	2	16:01:04
708	4	2	16:01:04
673	4	2	16:01:04
663	4	2	16:01:04
593	4	2	16:01:04
590	4	2	16:01:04
568	4	2	16:01:04
552	4	2	16:01:04
609	4	2	16:01:04
646	4	2	16:01:04
1026	4	2	16:01:04
978	4	2	16:01:04
919	4	2	16:01:04
857	4	2	16:01:04
827	4	2	16:01:04
754	4	2	16:01:04
681	4	2	16:01:04
617	4	2	16:01:04
614	4	2	16:01:04
576	4	2	16:01:04
560	4	2	16:01:04
590	4	2	16:01:04
622	4	2	16:01:04
754	4	2	16:01:04
1043	4	2	16:01:04
956	4	2	16:01:04
913	4	2	16:01:04
859	4	2	16:01:04
803	4	2	16:01:04
717	4	2	16:01:04
698	4	2	16:01:04
657	4	2	16:01:04
593	4	2	16:01:04
576	4	2	16:01:04
579	4	2	16:01:04
563	4	2	16:01:04
611	4	2	16:01:04
698	4	2	16:01:04
1059	4	2	16:01:04
962	4	2	16:01:04
943	4	2	16:01:04
894	4	2	16:01:04
881	4	2	16:01:04
808	4	2	16:01:04
725	4	2	16:01:04
673	4	2	16:01:04
603	4	2	16:01:04
609	4	2	16:01:04
555	4	2	16:01:04
574	4	2	16:01:04
598	4	2	16:01:04
1002	4	2	16:01:04
937	4	2	16:01:04
892	4	2	16:01:04
865	4	2	16:01:04
830	4	2	16:01:04
773	4	2	16:01:04
735	4	2	16:01:04
684	4	2	16:01:04
606	4	2	16:01:04
614	4	2	16:01:04
576	4	2	16:01:04
582	4	2	16:01:04
576	4	2	16:01:04
679	4	2	16:01:04
1051	4	2	16:01:04
973	4	2	16:01:04
902	4	2	16:01:04
884	4	2	16:01:04
835	4	2	16:01:04
760	4	2	16:01:04
679	4	2	16:01:04
679	4	2	16:01:04
663	4	2	16:01:04
587	4	2	16:01:04
593	4	2	16:01:04
568	4	2	16:01:04
552	4	2	16:01:04
622	4	2	16:01:04
655	4	2	16:01:04
1032	4	2	16:01:04
999	4	2	16:01:04
919	4	2	16:01:04
876	4	2	16:01:04
824	4	2	16:01:04
735	4	2	16:01:04
698	4	2	16:01:04
614	4	2	16:01:04
611	4	2	16:01:04
574	4	2	16:01:04
558	4	2	16:01:04
590	4	2	16:01:04
614	4	2	16:01:04
797	4	2	16:01:04
1018	4	2	16:01:04
964	4	2	16:01:04
919	4	2	16:01:04
889	4	2	16:01:04
805	4	2	16:01:04
717	4	2	16:01:04
692	4	2	16:01:04
646	4	2	16:01:04
593	4	2	16:01:04
574	4	2	16:01:04
593	4	2	16:01:04
593	4	2	16:01:04
1110	4	2	16:01:04
994	4	2	16:01:04
921	4	2	16:01:04
902	4	2	16:01:04
873	4	2	16:01:04
757	4	2	16:01:04
700	4	2	16:01:04
622	4	2	16:01:04
598	4	2	16:01:04
587	4	2	16:01:04
552	4	2	16:01:04
568	4	2	16:01:04
547	4	2	16:01:04
568	4	2	16:01:04
638	4	2	16:01:04
730	4	2	16:01:04
1010	4	2	16:01:04
905	4	2	16:01:04
916	4	2	16:01:04
849	4	2	16:01:04
805	4	2	16:01:04
770	4	2	16:01:04
700	4	2	16:01:04
676	4	2	16:01:04
630	4	2	16:01:04
603	4	2	16:01:04
563	4	2	16:01:04
582	4	2	16:01:04
566	4	2	16:01:04
617	4	2	16:01:04
835	4	2	16:01:04
913	4	2	16:01:04
927	4	2	16:01:04
916	4	2	16:01:04
889	4	2	16:01:04
765	4	2	16:01:04
822	4	2	16:01:04
714	4	2	16:01:04
641	4	2	16:01:04
531	4	2	16:01:04
584	4	2	16:01:04
558	4	2	16:01:04
579	4	2	16:01:04
655	4	2	16:01:04
784	4	2	16:01:04
946	4	2	16:01:04
927	4	2	16:01:04
932	4	2	16:01:04
862	4	2	16:01:04
808	4	2	16:01:04
738	4	2	16:01:04
711	4	2	16:01:04
641	4	2	16:01:04
628	4	2	16:01:04
584	4	2	16:01:04
563	4	2	16:01:04
590	4	2	16:01:04
579	4	2	16:01:04
655	4	2	16:01:04
776	4	2	16:01:04
967	4	2	16:01:04
916	4	2	16:01:04
878	4	2	16:01:04
840	4	2	16:01:04
805	4	2	16:01:04
708	4	2	16:01:04
687	4	2	16:01:04
595	4	2	16:01:04
601	4	2	16:01:04
571	4	2	16:01:04
552	4	2	16:01:04
641	4	2	16:01:04
655	4	2	16:01:04
894	4	2	16:01:04
894	4	2	16:01:04
932	4	2	16:01:04
865	4	2	16:01:04
843	4	2	16:01:04
727	4	2	16:01:04
708	4	2	16:01:04
655	4	2	16:01:04
630	4	2	16:01:04
584	4	2	16:01:04
587	4	2	16:01:04
539	4	2	16:01:04
587	4	2	16:01:04
681	4	2	16:01:04
760	4	2	16:01:04
959	4	2	16:01:04
962	4	2	16:01:04
911	4	2	16:01:04
862	4	2	16:01:04
811	4	2	16:01:04
727	4	2	16:01:04
698	4	2	16:01:04
652	4	2	16:01:04
617	4	2	16:01:04
587	4	2	16:01:04
566	4	2	16:01:04
606	4	2	16:01:04
609	4	2	16:01:04
703	4	2	16:01:04
1026	4	2	16:01:04
940	4	2	16:01:04
902	4	2	16:01:04
867	4	2	16:01:04
822	4	2	16:01:04
722	4	2	16:01:04
690	4	2	16:01:04
655	4	2	16:01:04
601	4	2	16:01:04
576	4	2	16:01:04
593	4	2	16:01:04
560	4	2	16:01:04
606	4	2	16:01:04
668	4	2	16:01:04
927	4	2	16:01:04
924	4	2	16:01:04
919	4	2	16:01:04
881	4	2	16:01:04
827	4	2	16:01:04
735	4	2	16:01:04
660	4	2	16:01:04
598	4	2	16:01:04
609	4	2	16:01:04
576	4	2	16:01:04
560	4	2	16:01:04
601	4	2	16:01:04
601	4	2	16:01:04
657	4	2	16:01:04
884	4	2	16:01:04
913	4	2	16:01:04
908	4	2	16:01:04
889	4	2	16:01:04
840	4	2	16:01:04
814	4	2	16:01:04
700	4	2	16:01:04
679	4	2	16:01:04
638	4	2	16:01:04
609	4	2	16:01:04
590	4	2	16:01:04
563	4	2	16:01:04
587	4	2	16:01:04
574	4	2	16:01:04
620	4	2	16:01:04
703	4	2	16:01:04
951	4	2	16:01:04
948	4	2	16:01:04
929	4	2	16:01:04
878	4	2	16:01:04
843	4	2	16:01:04
768	4	2	16:01:04
681	4	2	16:01:04
620	4	2	16:01:04
584	4	2	16:01:04
595	4	2	16:01:04
555	4	2	16:01:04
614	4	2	16:01:04
603	4	2	16:01:04
690	4	2	16:01:04
970	4	2	16:01:04
937	4	2	16:01:04
900	4	2	16:01:04
870	4	2	16:01:04
768	4	2	16:01:04
698	4	2	16:01:04
644	4	2	16:01:04
630	4	2	16:01:04
582	4	2	16:01:04
584	4	2	16:01:04
566	4	2	16:01:04
574	4	2	16:01:04
633	4	2	16:01:04
660	4	2	16:01:04
954	4	2	16:01:04
884	4	2	16:01:04
857	4	2	16:01:04
862	4	2	16:01:04
846	4	2	16:01:04
768	4	2	16:01:04
671	4	2	16:01:04
620	4	2	16:01:04
614	4	2	16:01:04
558	4	2	16:01:04
587	4	2	16:01:04
571	4	2	16:01:04
603	4	2	16:01:04
671	4	2	16:01:04
956	4	2	16:01:04
932	4	2	16:01:04
900	4	2	16:01:04
876	4	2	16:01:04
805	4	2	16:01:04
727	4	2	16:01:04
695	4	2	16:01:04
638	4	2	16:01:04
609	4	2	16:01:04
593	4	2	16:01:04
560	4	2	16:01:04
593	4	2	16:01:04
595	4	2	16:01:04
646	4	2	16:01:04
814	4	2	16:01:04
919	4	2	16:01:04
924	4	2	16:01:04
889	4	2	16:01:04
835	4	2	16:01:04
773	4	2	16:01:04
711	4	2	16:01:04
679	4	2	16:01:04
601	4	2	16:01:04
595	4	2	16:01:04
582	4	2	16:01:04
560	4	2	16:01:04
593	4	2	16:01:04
611	4	2	16:01:04
671	4	2	16:01:04
900	4	2	16:01:04
832	4	2	16:01:04
878	4	2	16:01:04
840	4	2	16:01:04
787	4	2	16:01:04
730	4	2	16:01:04
708	4	2	16:01:04
622	4	2	16:01:04
587	4	2	16:01:04
603	4	2	16:01:04
560	4	2	16:01:04
576	4	2	16:01:04
582	4	2	16:01:04
628	4	2	16:01:04
816	4	2	16:01:04
959	4	2	16:01:04
929	4	2	16:01:04
911	4	2	16:01:04
851	4	2	16:01:04
816	4	2	16:01:04
730	4	2	16:01:04
671	4	2	16:01:04
603	4	2	16:01:04
576	4	2	16:01:04
598	4	2	16:01:04
563	4	2	16:01:04
622	4	2	16:01:04
655	4	2	16:01:04
983	4	2	16:01:04
908	4	2	16:01:04
913	4	2	16:01:04
870	4	2	16:01:04
835	4	2	16:01:04
738	4	2	16:01:04
692	4	2	16:01:04
606	4	2	16:01:04
611	4	2	16:01:04
576	4	2	16:01:04
555	4	2	16:01:04
601	4	2	16:01:04
603	4	2	16:01:04
684	4	2	16:01:04
962	4	2	16:01:04
916	4	2	16:01:04
919	4	2	16:01:04
862	4	2	16:01:04
803	4	2	16:01:04
752	4	2	16:01:04
730	4	2	16:01:04
663	4	2	16:01:04
595	4	2	16:01:04
582	4	2	16:01:04
587	4	2	16:01:04
563	4	2	16:01:04
628	4	2	16:01:04
646	4	2	16:01:04
967	4	2	16:01:04
905	4	2	16:01:04
900	4	2	16:01:04
873	4	2	16:01:04
816	4	2	16:01:04
757	4	2	16:01:04
735	4	2	16:01:04
657	4	2	16:01:04
628	4	2	16:01:04
590	4	2	16:01:04
568	4	2	16:01:04
590	4	2	16:01:04
603	4	2	16:01:04
665	4	2	16:01:04
816	4	2	16:01:04
973	4	2	16:01:04
964	4	2	16:01:04
924	4	2	16:01:04
854	4	2	16:01:04
803	4	2	16:01:04
717	4	2	16:01:04
698	4	2	16:01:04
614	4	2	16:01:04
579	4	2	16:01:04
603	4	2	16:01:04
560	4	2	16:01:04
595	4	2	16:01:04
614	4	2	16:01:04
676	4	2	16:01:04
929	4	2	16:01:04
921	4	2	16:01:04
897	4	2	16:01:04
905	4	2	16:01:04
843	4	2	16:01:04
735	4	2	16:01:04
843	4	2	16:19:44
1530	4	2	16:19:44
835	4	2	16:19:44
646	4	2	16:19:44
606	4	2	16:19:44
655	4	2	16:19:44
531	4	2	16:19:44
824	4	2	16:19:44
1032	4	2	16:19:44
1021	4	2	16:19:44
954	4	2	16:19:44
717	4	2	16:19:44
676	4	2	16:19:44
695	4	2	16:19:44
784	4	2	16:19:44
994	4	2	16:19:44
929	4	2	16:19:44
870	4	2	16:19:44
900	4	2	16:19:44
762	4	2	16:19:44
679	4	2	16:19:44
617	4	2	16:19:44
587	4	2	16:19:44
614	4	2	16:19:44
649	4	2	16:19:44
749	4	2	16:19:44
1102	4	2	16:19:44
1053	4	2	16:19:44
1013	4	2	16:19:44
956	4	2	16:19:44
900	4	2	16:19:44
881	4	2	16:19:44
779	4	2	16:19:44
638	4	2	16:19:44
606	4	2	16:19:44
614	4	2	16:19:44
625	4	2	16:19:44
773	4	2	16:19:44
886	4	2	16:19:44
951	4	2	16:19:44
962	4	2	16:19:44
946	4	2	16:19:44
902	4	2	16:19:44
819	4	2	16:19:44
711	4	2	16:19:44
703	4	2	16:19:44
657	4	2	16:19:44
603	4	2	16:19:44
584	4	2	16:19:44
622	4	2	16:19:44
652	4	2	16:19:44
878	4	2	16:19:44
994	4	2	16:19:44
1002	4	2	16:19:44
975	4	2	16:19:44
940	4	2	16:19:44
905	4	2	16:19:44
878	4	2	16:19:44
779	4	2	16:19:44
679	4	2	16:19:44
606	4	2	16:19:44
611	4	2	16:19:44
595	4	2	16:19:44
638	4	2	16:19:44
770	4	2	16:19:44
970	4	2	16:19:44
991	4	2	16:19:44
951	4	2	16:19:44
908	4	2	16:19:44
900	4	2	16:19:44
843	4	2	16:19:44
738	4	2	16:19:44
625	4	2	16:19:44
628	4	2	16:19:44
584	4	2	16:19:44
620	4	2	16:19:44
671	4	2	16:19:44
929	4	2	16:19:44
954	4	2	16:19:44
973	4	2	16:19:44
970	4	2	16:19:44
929	4	2	16:19:44
824	4	2	16:19:44
765	4	2	16:19:44
735	4	2	16:19:44
641	4	2	16:19:44
595	4	2	16:19:44
617	4	2	16:19:44
603	4	2	16:19:44
687	4	2	16:19:44
1021	4	2	16:19:44
1008	4	2	16:19:44
994	4	2	16:19:44
959	4	2	16:19:44
932	4	2	16:19:44
884	4	2	16:19:44
854	4	2	16:19:44
814	4	2	16:19:44
671	4	2	16:19:44
628	4	2	16:19:44
625	4	2	16:19:44
590	4	2	16:19:44
646	4	2	16:19:44
730	4	2	16:19:44
994	4	2	16:19:44
1010	4	2	16:19:44
997	4	2	16:19:44
986	4	2	16:19:44
943	4	2	16:19:44
865	4	2	16:19:44
741	4	2	16:19:44
754	4	2	16:19:44
725	4	2	16:19:44
630	4	2	16:19:44
601	4	2	16:19:44
614	4	2	16:19:44
584	4	2	16:19:44
657	4	2	16:19:44
805	4	2	16:19:44
1018	4	2	16:19:44
986	4	2	16:19:44
997	4	2	16:19:44
981	4	2	16:19:44
940	4	2	16:19:44
846	4	2	16:19:44
735	4	2	16:19:44
727	4	2	16:19:44
698	4	2	16:19:44
644	4	2	16:19:44
601	4	2	16:19:44
595	4	2	16:19:44
584	4	2	16:19:44
628	4	2	16:19:44
703	4	2	16:19:44
835	4	2	16:19:44
970	4	2	16:19:44
983	4	2	16:19:44
956	4	2	16:19:44
940	4	2	16:19:44
867	4	2	16:19:44
757	4	2	16:19:44
706	4	2	16:19:44
770	4	2	16:19:44
671	4	2	16:19:44
620	4	2	16:19:44
614	4	2	16:19:44
584	4	2	16:19:44
611	4	2	16:19:44
663	4	2	16:19:44
819	4	2	16:19:44
1026	4	2	16:19:44
959	4	2	16:19:44
967	4	2	16:19:44
956	4	2	16:19:44
892	4	2	16:19:44
808	4	2	16:19:44
735	4	2	16:19:44
757	4	2	16:19:44
671	4	2	16:19:44
620	4	2	16:19:44
622	4	2	16:19:44
579	4	2	16:19:44
582	4	2	16:19:44
636	4	2	16:19:44
730	4	2	16:19:44
1072	4	2	16:19:44
956	4	2	16:19:44
946	4	2	16:19:44
946	4	2	16:19:44
900	4	2	16:19:44
849	4	2	16:19:44
752	4	2	16:19:44
663	4	2	16:19:44
668	4	2	16:19:44
622	4	2	16:19:44
582	4	2	16:19:44
568	4	2	16:19:44
590	4	2	16:19:44
601	4	2	16:19:44
663	4	2	16:19:44
719	4	2	16:19:44
884	4	2	16:19:44
908	4	2	16:19:44
905	4	2	16:19:44
900	4	2	16:19:44
873	4	2	16:19:44
846	4	2	16:19:44
746	4	2	16:19:44
663	4	2	16:19:44
641	4	2	16:19:44
673	4	2	16:19:44
655	4	2	16:19:44
628	4	2	16:19:44
609	4	2	16:19:44
576	4	2	16:19:44
566	4	2	16:19:44
606	4	2	16:19:44
587	4	2	16:19:44
655	4	2	16:19:44
719	4	2	16:19:44
830	4	2	16:19:44
867	4	2	16:19:44
959	4	2	16:19:44
986	4	2	16:19:44
967	4	2	16:19:44
919	4	2	16:19:44
814	4	2	16:19:44
757	4	2	16:19:44
730	4	2	16:19:44
690	4	2	16:19:44
625	4	2	16:19:44
625	4	2	16:19:44
584	4	2	16:19:44
614	4	2	16:19:44
633	4	2	16:19:44
665	4	2	16:19:44
779	4	2	16:19:44
970	4	2	16:19:44
970	4	2	16:19:44
986	4	2	16:19:44
962	4	2	16:19:44
894	4	2	16:19:44
846	4	2	16:19:44
827	4	2	16:19:44
671	4	2	16:19:44
646	4	2	16:19:44
609	4	2	16:19:44
579	4	2	16:19:44
633	4	2	16:19:44
668	4	2	16:19:44
873	4	2	16:19:44
902	4	2	16:19:44
962	4	2	16:19:44
973	4	2	16:19:44
967	4	2	16:19:44
940	4	2	16:19:44
884	4	2	16:19:44
832	4	2	16:19:44
733	4	2	16:19:44
655	4	2	16:19:44
611	4	2	16:19:44
620	4	2	16:19:44
579	4	2	16:19:44
622	4	2	16:19:44
649	4	2	16:19:44
886	4	2	16:19:44
948	4	2	16:19:44
983	4	2	16:19:44
999	4	2	16:19:44
959	4	2	16:19:44
876	4	2	16:19:44
773	4	2	16:19:44
754	4	2	16:19:44
733	4	2	16:19:44
676	4	2	16:19:44
622	4	2	16:19:44
617	4	2	16:19:44
576	4	2	16:19:44
630	4	2	16:19:44
641	4	2	16:19:44
727	4	2	16:19:44
873	4	2	16:19:44
970	4	2	16:19:44
999	4	2	16:19:44
989	4	2	16:19:44
916	4	2	16:19:44
900	4	2	16:19:44
905	4	2	16:19:44
733	4	2	16:19:44
681	4	2	16:19:44
671	4	2	16:19:44
663	4	2	16:19:44
606	4	2	16:19:44
590	4	2	16:19:44
606	4	2	16:19:44
590	4	2	16:19:44
665	4	2	16:19:44
711	4	2	16:19:44
800	4	2	16:19:44
964	4	2	16:19:44
959	4	2	16:19:44
962	4	2	16:19:44
924	4	2	16:19:44
865	4	2	16:19:44
819	4	2	16:19:44
781	4	2	16:19:44
700	4	2	16:19:44
646	4	2	16:19:44
630	4	2	16:19:44
590	4	2	16:19:44
587	4	2	16:19:44
638	4	2	16:19:44
636	4	2	16:19:44
652	4	2	16:19:44
738	4	2	16:19:44
832	4	2	16:19:44
964	4	2	16:19:44
981	4	2	16:19:44
967	4	2	16:19:44
905	4	2	16:19:44
840	4	2	16:19:44
819	4	2	16:19:44
770	4	2	16:19:44
743	4	2	16:19:44
644	4	2	16:19:44
601	4	2	16:19:44
628	4	2	16:19:44
574	4	2	16:19:44
638	4	2	16:19:44
657	4	2	16:19:44
722	4	2	16:19:44
997	4	2	16:19:44
962	4	2	16:19:44
929	4	2	16:19:44
884	4	2	16:19:44
862	4	2	16:19:44
814	4	2	16:19:44
719	4	2	16:19:44
692	4	2	16:19:44
636	4	2	16:19:44
636	4	2	16:19:44
598	4	2	16:19:44
606	4	2	16:19:44
620	4	2	16:19:44
668	4	2	16:19:44
781	4	2	16:19:44
924	4	2	16:19:44
951	4	2	16:19:44
959	4	2	16:19:44
924	4	2	16:19:44
876	4	2	16:19:44
873	4	2	16:19:44
814	4	2	16:19:44
722	4	2	16:19:44
668	4	2	16:19:44
622	4	2	16:19:44
614	4	2	16:19:44
620	4	2	16:19:44
598	4	2	16:19:44
649	4	2	16:19:44
681	4	2	16:19:44
827	4	2	16:19:44
1005	4	2	16:19:44
975	4	2	16:19:44
954	4	2	16:19:44
948	4	2	16:19:44
932	4	2	16:19:44
884	4	2	16:19:44
776	4	2	16:19:44
725	4	2	16:19:44
641	4	2	16:19:44
606	4	2	16:19:44
606	4	2	16:19:44
590	4	2	16:19:44
601	4	2	16:19:44
673	4	2	16:19:44
752	4	2	16:19:44
1010	4	2	16:19:44
954	4	2	16:19:44
967	4	2	16:19:44
951	4	2	16:19:44
881	4	2	16:19:44
787	4	2	16:19:44
760	4	2	16:19:44
671	4	2	16:19:44
625	4	2	16:19:44
620	4	2	16:19:44
603	4	2	16:19:44
603	4	2	16:19:44
652	4	2	16:19:44
717	4	2	16:19:44
805	4	2	16:19:44
983	4	2	16:19:44
962	4	2	16:19:44
937	4	2	16:19:44
897	4	2	16:19:44
814	4	2	16:19:44
719	4	2	16:19:44
679	4	2	16:19:44
628	4	2	16:19:44
625	4	2	16:19:44
611	4	2	16:19:44
603	4	2	16:19:44
673	4	2	16:19:44
700	4	2	16:19:44
795	4	2	16:19:44
873	4	2	16:19:44
991	4	2	16:19:44
999	4	2	16:19:44
1010	4	2	16:19:44
929	4	2	16:19:44
905	4	2	16:19:44
854	4	2	16:19:44
749	4	2	16:19:44
679	4	2	16:19:44
620	4	2	16:19:44
625	4	2	16:19:44
579	4	2	16:19:44
609	4	2	16:19:44
606	4	2	16:19:44
652	4	2	16:19:44
719	4	2	16:19:44
787	4	2	16:19:44
983	4	2	16:19:44
943	4	2	16:19:44
911	4	2	16:19:44
865	4	2	16:19:44
803	4	2	16:19:44
727	4	2	16:19:44
735	4	2	16:19:44
676	4	2	16:19:44
620	4	2	16:19:44
625	4	2	16:19:44
598	4	2	16:19:44
574	4	2	16:19:44
638	4	2	16:19:44
644	4	2	16:19:44
695	4	2	16:19:44
857	4	2	16:19:44
1016	4	2	16:19:44
1008	4	2	16:19:44
991	4	2	16:19:44
943	4	2	16:19:44
902	4	2	16:19:44
851	4	2	16:19:44
762	4	2	16:19:44
727	4	2	16:19:44
673	4	2	16:19:44
636	4	2	16:19:44
595	4	2	16:19:44
606	4	2	16:19:44
598	4	2	16:19:44
620	4	2	16:19:44
681	4	2	16:19:44
1002	4	2	16:19:44
1024	4	2	16:19:44
967	4	2	16:19:44
967	4	2	16:19:44
924	4	2	16:19:44
857	4	2	16:19:44
714	4	2	16:19:44
676	4	2	16:19:44
722	4	2	16:19:44
652	4	2	16:19:44
606	4	2	16:19:44
611	4	2	16:19:44
587	4	2	16:19:44
625	4	2	16:19:44
638	4	2	16:19:44
660	4	2	16:19:44
832	4	2	16:19:44
973	4	2	16:19:44
997	4	2	16:19:44
959	4	2	16:19:44
929	4	2	16:19:44
889	4	2	16:19:44
811	4	2	16:19:44
692	4	2	16:19:44
673	4	2	16:19:44
692	4	2	16:19:44
644	4	2	16:19:44
595	4	2	16:19:44
606	4	2	16:19:44
584	4	2	16:19:44
595	4	2	16:19:44
660	4	2	16:19:44
695	4	2	16:19:44
932	4	2	16:19:44
919	4	2	16:19:44
894	4	2	16:19:44
902	4	2	16:19:44
889	4	2	16:19:44
838	4	2	16:19:44
735	4	2	16:19:44
668	4	2	16:19:44
633	4	2	16:19:44
628	4	2	16:19:44
598	4	2	16:19:44
609	4	2	16:19:44
614	4	2	16:19:44
649	4	2	16:19:44
789	4	2	16:19:44
948	4	2	16:19:44
948	4	2	16:19:44
967	4	2	16:19:44
967	4	2	16:19:44
948	4	2	16:19:44
843	4	2	16:19:44
752	4	2	16:19:44
698	4	2	16:19:44
727	4	2	16:19:44
663	4	2	16:19:44
601	4	2	16:19:44
620	4	2	16:19:44
593	4	2	16:19:44
574	4	2	16:19:44
638	4	2	16:19:44
638	4	2	16:19:44
695	4	2	16:19:44
830	4	2	16:19:44
986	4	2	16:19:44
954	4	2	16:19:44
943	4	2	16:19:44
889	4	2	16:19:44
808	4	2	16:19:44
711	4	2	16:19:44
746	4	2	16:19:44
706	4	2	16:19:44
622	4	2	16:19:44
595	4	2	16:19:44
611	4	2	16:19:44
574	4	2	16:19:44
628	4	2	16:19:44
660	4	2	16:19:44
722	4	2	16:19:44
919	4	2	16:19:44
991	4	2	16:19:44
967	4	2	16:19:44
973	4	2	16:19:44
946	4	2	16:19:44
908	4	2	16:19:44
859	4	2	16:19:44
770	4	2	16:19:44
714	4	2	16:19:44
655	4	2	16:19:44
630	4	2	16:19:44
617	4	2	16:19:44
574	4	2	16:19:44
609	4	2	16:19:44
628	4	2	16:19:44
673	4	2	16:19:44
849	4	2	16:19:44
999	4	2	16:19:44
959	4	2	16:19:44
946	4	2	16:19:44
946	4	2	16:19:44
897	4	2	16:19:44
865	4	2	16:19:44
795	4	2	16:19:44
703	4	2	16:19:44
714	4	2	16:19:44
684	4	2	16:19:44
657	4	2	16:19:44
636	4	2	16:19:44
603	4	2	16:19:44
584	4	2	16:19:44
603	4	2	16:19:44
609	4	2	16:19:44
620	4	2	16:19:44
681	4	2	16:19:44
703	4	2	16:19:44
784	4	2	16:19:44
1024	4	2	16:19:44
970	4	2	16:19:44
927	4	2	16:19:44
897	4	2	16:19:44
838	4	2	16:19:44
738	4	2	16:19:44
692	4	2	16:19:44
660	4	2	16:19:44
690	4	2	16:19:44
711	4	2	16:19:44
722	4	2	16:19:44
652	4	2	16:19:44
641	4	2	16:19:44
606	4	2	16:19:44
609	4	2	16:19:44
630	4	2	16:19:44
633	4	2	16:19:44
681	4	2	16:19:44
743	4	2	16:19:44
884	4	2	16:19:44
1005	4	2	16:19:44
1002	4	2	16:19:44
973	4	2	16:19:44
919	4	2	16:19:44
843	4	2	16:19:44
760	4	2	16:19:44
754	4	2	16:19:44
727	4	2	16:19:44
690	4	2	16:19:44
644	4	2	16:19:44
636	4	2	16:19:44
593	4	2	16:19:44
609	4	2	16:19:44
609	4	2	16:19:44
622	4	2	16:19:44
698	4	2	16:19:44
717	4	2	16:19:44
757	4	2	16:19:44
884	4	2	16:19:44
983	4	2	16:19:44
951	4	2	16:19:44
935	4	2	16:19:44
908	4	2	16:19:44
876	4	2	16:19:44
765	4	2	16:19:44
708	4	2	16:19:44
703	4	2	16:19:44
727	4	2	16:19:44
749	4	2	16:19:44
644	4	2	16:19:44
606	4	2	16:19:44
628	4	2	16:19:44
590	4	2	16:19:44
622	4	2	16:19:44
646	4	2	16:19:44
687	4	2	16:19:44
714	4	2	16:19:44
811	4	2	16:19:44
746	4	2	16:19:44
676	4	2	16:19:44
792	4	2	16:19:44
1002	4	2	16:19:44
943	4	2	16:19:44
878	4	2	16:19:44
792	4	2	16:19:44
719	4	2	16:19:44
762	4	2	16:19:44
698	4	2	16:19:44
733	4	2	16:19:44
714	4	2	16:19:44
687	4	2	16:19:44
655	4	2	16:19:44
625	4	2	16:19:44
593	4	2	16:19:44
609	4	2	16:19:44
606	4	2	16:19:44
611	4	2	16:19:44
663	4	2	16:19:44
679	4	2	16:19:44
738	4	2	16:19:44
827	4	2	16:19:44
937	4	2	16:19:44
954	4	2	16:19:44
962	4	2	16:19:44
929	4	2	16:19:44
862	4	2	16:19:44
606	4	2	16:30:45
628	4	2	16:30:45
625	4	2	16:30:45
690	4	2	16:30:45
824	4	2	16:30:45
854	4	2	16:30:45
787	4	2	16:30:45
722	4	2	16:30:45
698	4	2	16:30:45
671	4	2	16:30:45
646	4	2	16:30:45
609	4	2	16:30:45
617	4	2	16:30:45
584	4	2	16:30:45
584	4	2	16:30:45
673	4	2	16:30:45
749	4	2	16:30:45
913	4	2	16:30:45
940	4	2	16:30:45
889	4	2	16:30:45
838	4	2	16:30:45
797	4	2	16:30:45
743	4	2	16:30:45
671	4	2	16:30:45
622	4	2	16:30:45
633	4	2	16:30:45
582	4	2	16:30:45
593	4	2	16:30:45
601	4	2	16:30:45
630	4	2	16:30:45
725	4	2	16:30:45
873	4	2	16:30:45
916	4	2	16:30:45
873	4	2	16:30:45
800	4	2	16:30:45
752	4	2	16:30:45
684	4	2	16:30:45
655	4	2	16:30:45
601	4	2	16:30:45
614	4	2	16:30:45
579	4	2	16:30:45
566	4	2	16:30:45
603	4	2	16:30:45
614	4	2	16:30:45
681	4	2	16:30:45
762	4	2	16:30:45
851	4	2	16:30:45
884	4	2	16:30:45
867	4	2	16:30:45
814	4	2	16:30:45
749	4	2	16:30:45
708	4	2	16:30:45
636	4	2	16:30:45
617	4	2	16:30:45
611	4	2	16:30:45
576	4	2	16:30:45
587	4	2	16:30:45
566	4	2	16:30:45
574	4	2	16:30:45
617	4	2	16:30:45
636	4	2	16:30:45
711	4	2	16:30:45
1013	4	2	16:30:45
911	4	2	16:30:45
927	4	2	16:30:45
846	4	2	16:30:45
811	4	2	16:30:45
749	4	2	16:30:45
646	4	2	16:30:45
649	4	2	16:30:45
593	4	2	16:30:45
598	4	2	16:30:45
584	4	2	16:30:45
598	4	2	16:30:45
649	4	2	16:30:45
770	4	2	16:30:45
1029	4	2	16:30:45
943	4	2	16:30:45
905	4	2	16:30:45
838	4	2	16:30:45
792	4	2	16:30:45
738	4	2	16:30:45
671	4	2	16:30:45
617	4	2	16:30:45
614	4	2	16:30:45
582	4	2	16:30:45
568	4	2	16:30:45
606	4	2	16:30:45
625	4	2	16:30:45
795	4	2	16:30:45
970	4	2	16:30:45
916	4	2	16:30:45
867	4	2	16:30:45
816	4	2	16:30:45
787	4	2	16:30:45
698	4	2	16:30:45
646	4	2	16:30:45
630	4	2	16:30:45
579	4	2	16:30:45
587	4	2	16:30:45
568	4	2	16:30:45
579	4	2	16:30:45
630	4	2	16:30:45
668	4	2	16:30:45
986	4	2	16:30:45
956	4	2	16:30:45
935	4	2	16:30:45
889	4	2	16:30:45
843	4	2	16:30:45
835	4	2	16:30:45
703	4	2	16:30:45
638	4	2	16:30:45
617	4	2	16:30:45
587	4	2	16:30:45
576	4	2	16:30:45
609	4	2	16:30:45
603	4	2	16:30:45
663	4	2	16:30:45
897	4	2	16:30:45
978	4	2	16:30:45
927	4	2	16:30:45
884	4	2	16:30:45
843	4	2	16:30:45
733	4	2	16:30:45
671	4	2	16:30:45
641	4	2	16:30:45
603	4	2	16:30:45
595	4	2	16:30:45
582	4	2	16:30:45
587	4	2	16:30:45
630	4	2	16:30:45
711	4	2	16:30:45
962	4	2	16:30:45
940	4	2	16:30:45
905	4	2	16:30:45
865	4	2	16:30:45
800	4	2	16:30:45
733	4	2	16:30:45
708	4	2	16:30:45
708	4	2	16:30:45
663	4	2	16:30:45
628	4	2	16:30:45
587	4	2	16:30:45
601	4	2	16:30:45
587	4	2	16:30:45
611	4	2	16:30:45
671	4	2	16:30:45
865	4	2	16:30:45
997	4	2	16:30:45
954	4	2	16:30:45
937	4	2	16:30:45
870	4	2	16:30:45
835	4	2	16:30:45
773	4	2	16:30:45
752	4	2	16:30:45
741	4	2	16:30:45
665	4	2	16:30:45
628	4	2	16:30:45
614	4	2	16:30:45
576	4	2	16:30:45
611	4	2	16:30:45
649	4	2	16:30:45
735	4	2	16:30:45
832	4	2	16:30:45
1008	4	2	16:30:45
967	4	2	16:30:45
994	4	2	16:30:45
1005	4	2	16:30:45
959	4	2	16:30:45
889	4	2	16:30:45
835	4	2	16:30:45
741	4	2	16:30:45
698	4	2	16:30:45
684	4	2	16:30:45
646	4	2	16:30:45
611	4	2	16:30:45
593	4	2	16:30:45
587	4	2	16:30:45
606	4	2	16:30:45
638	4	2	16:30:45
714	4	2	16:30:45
1051	4	2	16:30:45
999	4	2	16:30:45
973	4	2	16:30:45
830	4	2	16:30:45
816	4	2	16:30:45
770	4	2	16:30:45
727	4	2	16:30:45
663	4	2	16:30:45
611	4	2	16:30:45
614	4	2	16:30:45
574	4	2	16:30:45
582	4	2	16:30:45
630	4	2	16:30:45
657	4	2	16:30:45
765	4	2	16:30:45
943	4	2	16:30:45
948	4	2	16:30:45
954	4	2	16:30:45
989	4	2	16:30:45
935	4	2	16:30:45
878	4	2	16:30:45
784	4	2	16:30:45
684	4	2	16:30:45
641	4	2	16:30:45
665	4	2	16:30:45
641	4	2	16:30:45
614	4	2	16:30:45
606	4	2	16:30:45
574	4	2	16:30:45
590	4	2	16:30:45
571	4	2	16:30:45
601	4	2	16:30:45
630	4	2	16:30:45
649	4	2	16:30:45
803	4	2	16:30:45
967	4	2	16:30:45
994	4	2	16:30:45
962	4	2	16:30:45
935	4	2	16:30:45
911	4	2	16:30:45
881	4	2	16:30:45
762	4	2	16:30:45
671	4	2	16:30:45
614	4	2	16:30:45
628	4	2	16:30:45
595	4	2	16:30:45
603	4	2	16:30:45
614	4	2	16:30:45
636	4	2	16:30:45
722	4	2	16:30:45
765	4	2	16:30:45
1032	4	2	16:30:45
954	4	2	16:30:45
908	4	2	16:30:45
867	4	2	16:30:45
897	4	2	16:30:45
800	4	2	16:30:45
711	4	2	16:30:45
679	4	2	16:30:45
625	4	2	16:30:45
620	4	2	16:30:45
620	4	2	16:30:45
590	4	2	16:30:45
617	4	2	16:30:45
628	4	2	16:30:45
671	4	2	16:30:45
838	4	2	16:30:45
967	4	2	16:30:45
975	4	2	16:30:45
959	4	2	16:30:45
913	4	2	16:30:45
937	4	2	16:30:45
902	4	2	16:30:45
768	4	2	16:30:45
660	4	2	16:30:45
646	4	2	16:30:45
620	4	2	16:30:45
595	4	2	16:30:45
625	4	2	16:30:45
628	4	2	16:30:45
663	4	2	16:30:45
948	4	2	16:30:45
911	4	2	16:30:45
929	4	2	16:30:45
892	4	2	16:30:45
840	4	2	16:30:45
894	4	2	16:30:45
789	4	2	16:30:45
660	4	2	16:30:45
636	4	2	16:30:45
606	4	2	16:30:45
584	4	2	16:30:45
620	4	2	16:30:45
641	4	2	16:30:45
700	4	2	16:30:45
999	4	2	16:30:45
962	4	2	16:30:45
946	4	2	16:30:45
865	4	2	16:30:45
808	4	2	16:30:45
752	4	2	16:30:45
717	4	2	16:30:45
730	4	2	16:30:45
692	4	2	16:30:45
641	4	2	16:30:45
625	4	2	16:30:45
606	4	2	16:30:45
582	4	2	16:30:45
620	4	2	16:30:45
617	4	2	16:30:45
636	4	2	16:30:45
719	4	2	16:30:45
832	4	2	16:30:45
937	4	2	16:30:45
932	4	2	16:30:45
967	4	2	16:30:45
932	4	2	16:30:45
838	4	2	16:30:45
717	4	2	16:30:45
700	4	2	16:30:45
673	4	2	16:30:45
633	4	2	16:30:45
617	4	2	16:30:45
593	4	2	16:30:45
582	4	2	16:30:45
628	4	2	16:30:45
649	4	2	16:30:45
690	4	2	16:30:45
878	4	2	16:30:45
913	4	2	16:30:45
970	4	2	16:30:45
970	4	2	16:30:45
916	4	2	16:30:45
878	4	2	16:30:45
835	4	2	16:30:45
725	4	2	16:30:45
665	4	2	16:30:45
630	4	2	16:30:45
598	4	2	16:30:45
598	4	2	16:30:45
617	4	2	16:30:45
620	4	2	16:30:45
676	4	2	16:30:45
765	4	2	16:30:45
1010	4	2	16:30:45
986	4	2	16:30:45
946	4	2	16:30:45
913	4	2	16:30:45
832	4	2	16:30:45
835	4	2	16:30:45
746	4	2	16:30:45
671	4	2	16:30:45
625	4	2	16:30:45
630	4	2	16:30:45
601	4	2	16:30:45
606	4	2	16:30:45
630	4	2	16:30:45
663	4	2	16:30:45
722	4	2	16:30:45
1043	4	2	16:30:45
981	4	2	16:30:45
946	4	2	16:30:45
889	4	2	16:30:45
822	4	2	16:30:45
789	4	2	16:30:45
719	4	2	16:30:45
730	4	2	16:30:45
665	4	2	16:30:45
663	4	2	16:30:45
609	4	2	16:30:45
622	4	2	16:30:45
622	4	2	16:30:45
633	4	2	16:30:45
703	4	2	16:30:45
741	4	2	16:30:45
1024	4	2	16:30:45
964	4	2	16:30:45
927	4	2	16:30:45
862	4	2	16:30:45
808	4	2	16:30:45
776	4	2	16:30:45
738	4	2	16:30:45
665	4	2	16:30:45
611	4	2	16:30:45
625	4	2	16:30:45
598	4	2	16:30:45
606	4	2	16:30:45
630	4	2	16:30:45
641	4	2	16:30:45
692	4	2	16:30:45
975	4	2	16:30:45
978	4	2	16:30:45
916	4	2	16:30:45
876	4	2	16:30:45
822	4	2	16:30:45
743	4	2	16:30:45
692	4	2	16:30:45
698	4	2	16:30:45
676	4	2	16:30:45
611	4	2	16:30:45
617	4	2	16:30:45
593	4	2	16:30:45
579	4	2	16:30:45
617	4	2	16:30:45
633	4	2	16:30:45
698	4	2	16:30:45
851	4	2	16:30:45
1005	4	2	16:30:45
975	4	2	16:30:45
924	4	2	16:30:45
886	4	2	16:30:45
827	4	2	16:30:45
738	4	2	16:30:45
695	4	2	16:30:45
663	4	2	16:30:45
620	4	2	16:30:45
587	4	2	16:30:45
620	4	2	16:30:45
595	4	2	16:30:45
628	4	2	16:30:45
695	4	2	16:30:45
892	4	2	16:30:45
983	4	2	16:30:45
997	4	2	16:30:45
959	4	2	16:30:45
989	4	2	16:30:45
954	4	2	16:30:45
797	4	2	16:30:45
757	4	2	16:30:45
743	4	2	16:30:45
684	4	2	16:30:45
633	4	2	16:30:45
628	4	2	16:30:45
595	4	2	16:30:45
598	4	2	16:30:45
628	4	2	16:30:45
628	4	2	16:30:45
646	4	2	16:30:45
757	4	2	16:30:45
1021	4	2	16:30:45
981	4	2	16:30:45
929	4	2	16:30:45
878	4	2	16:30:45
773	4	2	16:30:45
749	4	2	16:30:45
703	4	2	16:30:45
655	4	2	16:30:45
609	4	2	16:30:45
614	4	2	16:30:45
593	4	2	16:30:45
593	4	2	16:30:45
644	4	2	16:30:45
708	4	2	16:30:45
999	4	2	16:30:45
970	4	2	16:30:45
967	4	2	16:30:45
916	4	2	16:30:45
854	4	2	16:30:45
770	4	2	16:30:45
752	4	2	16:30:45
719	4	2	16:30:45
641	4	2	16:30:45
625	4	2	16:30:45
614	4	2	16:30:45
582	4	2	16:30:45
617	4	2	16:30:45
611	4	2	16:30:45
644	4	2	16:30:45
684	4	2	16:30:45
760	4	2	16:30:45
946	4	2	16:30:45
948	4	2	16:30:45
943	4	2	16:30:45
908	4	2	16:30:45
889	4	2	16:30:45
851	4	2	16:30:45
800	4	2	16:30:45
695	4	2	16:30:45
638	4	2	16:30:45
636	4	2	16:30:45
671	4	2	16:30:45
641	4	2	16:30:45
676	4	2	16:30:45
649	4	2	16:30:45
606	4	2	16:30:45
601	4	2	16:30:45
593	4	2	16:30:45
582	4	2	16:30:45
622	4	2	16:30:45
646	4	2	16:30:45
663	4	2	16:30:45
714	4	2	16:30:45
784	4	2	16:30:45
859	4	2	16:30:45
892	4	2	16:30:45
897	4	2	16:30:45
889	4	2	16:30:45
849	4	2	16:30:45
816	4	2	16:30:45
741	4	2	16:30:45
671	4	2	16:30:45
649	4	2	16:30:45
663	4	2	16:30:45
638	4	2	16:30:45
595	4	2	16:30:45
620	4	2	16:30:45
576	4	2	16:30:45
601	4	2	16:30:45
598	4	2	16:30:45
611	4	2	16:30:45
655	4	2	16:30:45
765	4	2	16:30:45
916	4	2	16:30:45
892	4	2	16:30:45
878	4	2	16:30:45
814	4	2	16:30:45
800	4	2	16:30:45
773	4	2	16:30:45
690	4	2	16:30:45
620	4	2	16:30:45
628	4	2	16:30:45
579	4	2	16:30:45
593	4	2	16:30:45
609	4	2	16:30:45
628	4	2	16:30:45
711	4	2	16:30:45
997	4	2	16:30:45
959	4	2	16:30:45
943	4	2	16:30:45
878	4	2	16:30:45
832	4	2	16:30:45
752	4	2	16:30:45
708	4	2	16:30:45
687	4	2	16:30:45
636	4	2	16:30:45
601	4	2	16:30:45
614	4	2	16:30:45
587	4	2	16:30:45
611	4	2	16:30:45
622	4	2	16:30:45
730	4	2	16:30:45
948	4	2	16:30:45
867	4	2	16:30:45
857	4	2	16:30:45
857	4	2	16:30:45
797	4	2	16:30:45
727	4	2	16:30:45
673	4	2	16:30:45
652	4	2	16:30:45
606	4	2	16:30:45
595	4	2	16:30:45
603	4	2	16:30:45
576	4	2	16:30:45
614	4	2	16:30:45
638	4	2	16:30:45
773	4	2	16:30:45
991	4	2	16:30:45
981	4	2	16:30:45
927	4	2	16:30:45
878	4	2	16:30:45
800	4	2	16:30:45
762	4	2	16:30:45
695	4	2	16:30:45
625	4	2	16:30:45
617	4	2	16:30:45
601	4	2	16:30:45
574	4	2	16:30:45
622	4	2	16:30:45
633	4	2	16:30:45
679	4	2	16:30:45
884	4	2	16:30:45
943	4	2	16:30:45
900	4	2	16:30:45
876	4	2	16:30:45
814	4	2	16:30:45
776	4	2	16:30:45
727	4	2	16:30:45
703	4	2	16:30:45
625	4	2	16:30:45
606	4	2	16:30:45
614	4	2	16:30:45
571	4	2	16:30:45
617	4	2	16:30:45
652	4	2	16:30:45
700	4	2	16:30:45
951	4	2	16:30:45
900	4	2	16:30:45
900	4	2	16:30:45
884	4	2	16:30:45
870	4	2	16:30:45
773	4	2	16:30:45
711	4	2	16:30:45
652	4	2	16:30:45
652	4	2	16:30:45
603	4	2	16:30:45
606	4	2	16:30:45
614	4	2	16:30:45
622	4	2	16:30:45
655	4	2	16:30:45
700	4	2	16:30:45
956	4	2	16:30:45
964	4	2	16:30:45
940	4	2	16:30:45
919	4	2	16:30:45
873	4	2	16:30:45
827	4	2	16:30:45
722	4	2	16:30:45
663	4	2	16:30:45
603	4	2	16:30:45
620	4	2	16:30:45
584	4	2	16:30:45
579	4	2	16:30:45
628	4	2	16:30:45
641	4	2	16:30:45
862	4	2	16:30:45
940	4	2	16:30:45
911	4	2	16:30:45
867	4	2	16:30:45
851	4	2	16:30:45
735	4	2	16:30:45
695	4	2	16:30:45
649	4	2	16:30:45
638	4	2	16:30:45
590	4	2	16:30:45
595	4	2	16:30:45
584	4	2	16:30:45
1234	5	2	21:27:11
1156	5	2	21:27:11
1088	5	2	21:27:11
1056	5	2	21:27:11
989	5	2	21:27:11
1002	5	2	21:27:11
768	5	2	21:27:11
684	5	2	21:27:11
652	5	2	21:27:11
638	5	2	21:27:11
916	5	2	21:27:11
1258	5	2	21:27:11
1234	5	2	21:27:11
1158	5	2	21:27:11
1123	5	2	21:27:11
1040	5	2	21:27:11
999	5	2	21:27:11
784	5	2	21:27:11
652	5	2	21:27:11
644	5	2	21:27:11
638	5	2	21:27:11
727	5	2	21:27:11
1212	5	2	21:27:11
1110	5	2	21:27:11
1142	5	2	21:27:11
1113	5	2	21:27:11
1048	5	2	21:27:11
991	5	2	21:27:11
768	5	2	21:27:11
681	5	2	21:27:11
649	5	2	21:27:11
641	5	2	21:27:11
754	5	2	21:27:11
1277	5	2	21:27:11
1272	5	2	21:27:11
1169	5	2	21:27:11
1088	5	2	21:27:11
1048	5	2	21:27:11
991	5	2	21:27:11
776	5	2	21:27:11
673	5	2	21:27:11
660	5	2	21:27:11
649	5	2	21:27:11
749	5	2	21:27:11
1317	5	2	21:27:11
1255	5	2	21:27:11
1169	5	2	21:27:11
1134	5	2	21:27:11
1075	5	2	21:27:11
1021	5	2	21:27:11
795	5	2	21:27:11
687	5	2	21:27:11
649	5	2	21:27:11
636	5	2	21:27:11
752	5	2	21:27:11
1309	5	2	21:27:11
1207	5	2	21:27:11
1177	5	2	21:27:11
1059	5	2	21:27:11
1034	5	2	21:27:11
927	5	2	21:27:11
722	5	2	21:27:11
687	5	2	21:27:11
636	5	2	21:27:11
679	5	2	21:27:11
1247	5	2	21:27:11
1191	5	2	21:27:11
1134	5	2	21:27:11
1142	5	2	21:27:11
1072	5	2	21:27:11
1010	5	2	21:27:11
1034	5	2	21:27:11
792	5	2	21:27:11
655	5	2	21:27:11
676	5	2	21:27:11
649	5	2	21:27:11
687	5	2	21:27:11
1288	5	2	21:27:11
1277	5	2	21:27:11
1121	5	2	21:27:11
1134	5	2	21:27:11
1086	5	2	21:27:11
1008	5	2	21:27:11
811	5	2	21:27:11
714	5	2	21:27:11
660	5	2	21:27:11
630	5	2	21:27:11
698	5	2	21:27:11
846	5	2	21:27:11
846	5	2	21:27:11
407	5	2	21:27:11
1148	5	2	21:27:11
1142	5	2	21:27:11
1134	5	2	21:27:11
1078	5	2	21:27:11
994	5	2	21:27:11
752	5	2	21:27:11
671	5	2	21:27:11
663	5	2	21:27:11
646	5	2	21:27:11
773	5	2	21:27:11
1229	5	2	21:27:11
1191	5	2	21:27:11
1121	5	2	21:27:11
1075	5	2	21:27:11
1043	5	2	21:27:11
902	5	2	21:27:11
727	5	2	21:27:11
644	5	2	21:27:11
638	5	2	21:27:11
687	5	2	21:27:11
838	5	2	21:27:11
951	5	2	21:27:11
962	5	2	21:27:11
1229	5	2	21:27:11
1137	5	2	21:27:11
1064	5	2	21:27:11
932	5	2	21:27:11
824	5	2	21:27:11
695	5	2	21:27:11
655	5	2	21:27:11
646	5	2	21:27:11
649	5	2	21:27:11
1274	5	2	21:27:11
1218	5	2	21:27:11
1172	5	2	21:27:11
1115	5	2	21:27:11
1086	5	2	21:27:11
894	5	2	21:27:11
746	5	2	21:27:11
698	5	2	21:27:11
646	5	2	21:27:11
614	5	2	21:27:11
646	5	2	21:27:11
641	5	2	21:27:11
735	5	2	21:27:11
1304	5	2	21:27:11
1177	5	2	21:27:11
1126	5	2	21:27:11
1086	5	2	21:27:11
1059	5	2	21:27:11
999	5	2	21:27:11
873	5	2	21:27:11
743	5	2	21:27:11
671	5	2	21:27:11
641	5	2	21:27:11
679	5	2	21:27:11
733	5	2	21:27:11
857	5	2	21:27:11
474	5	2	21:27:11
1185	5	2	21:27:11
1175	5	2	21:27:11
1148	5	2	21:27:11
1072	5	2	21:27:11
878	5	2	21:27:11
700	5	2	21:27:11
679	5	2	21:27:11
655	5	2	21:27:11
671	5	2	21:27:11
843	5	2	21:27:11
1336	5	2	21:27:11
1150	5	2	21:27:11
1115	5	2	21:27:11
1088	5	2	21:27:11
1016	5	2	21:27:11
954	5	2	21:27:11
752	5	2	21:27:11
665	5	2	21:27:11
641	5	2	21:27:11
681	5	2	21:27:11
733	5	2	21:27:11
1226	5	2	21:27:11
1150	5	2	21:27:11
1102	5	2	21:27:11
1078	5	2	21:27:11
1002	5	2	21:27:11
937	5	2	21:27:11
765	5	2	21:27:11
673	5	2	21:27:11
652	5	2	21:27:11
657	5	2	21:27:11
722	5	2	21:27:11
1239	5	2	21:27:11
1164	5	2	21:27:11
1145	5	2	21:27:11
1078	5	2	21:27:11
1045	5	2	21:27:11
983	5	2	21:27:11
776	5	2	21:27:11
679	5	2	21:27:11
673	5	2	21:27:11
641	5	2	21:27:11
706	5	2	21:27:11
1285	5	2	21:27:11
1180	5	2	21:27:11
1153	5	2	21:27:11
1153	5	2	21:27:11
1059	5	2	21:27:11
1002	5	2	21:27:11
749	5	2	21:27:11
679	5	2	21:27:11
657	5	2	21:27:11
690	5	2	21:27:11
725	5	2	21:27:11
1237	5	2	21:27:11
1134	5	2	21:27:11
1118	5	2	21:27:11
1134	5	2	21:27:11
1051	5	2	21:27:11
989	5	2	21:27:11
789	5	2	21:27:11
690	5	2	21:27:11
663	5	2	21:27:11
641	5	2	21:27:11
711	5	2	21:27:11
1282	5	2	21:27:11
1204	5	2	21:27:11
1142	5	2	21:27:11
1156	5	2	21:27:11
1048	5	2	21:27:11
1016	5	2	21:27:11
805	5	2	21:27:11
676	5	2	21:27:11
644	5	2	21:27:11
681	5	2	21:27:11
692	5	2	21:27:11
832	5	2	21:27:11
1258	5	2	21:27:11
1183	5	2	21:27:11
1140	5	2	21:27:11
1080	5	2	21:27:11
1029	5	2	21:27:11
870	5	2	21:27:11
730	5	2	21:27:11
665	5	2	21:27:11
641	5	2	21:27:11
679	5	2	21:27:11
717	5	2	21:27:11
1196	5	2	21:27:11
1161	5	2	21:27:11
1096	5	2	21:27:11
1113	5	2	21:27:11
1032	5	2	21:27:11
814	5	2	21:27:11
711	5	2	21:27:11
676	5	2	21:27:11
649	5	2	21:27:11
671	5	2	21:27:11
770	5	2	21:27:11
1253	5	2	21:27:11
1169	5	2	21:27:11
1129	5	2	21:27:11
1126	5	2	21:27:11
1010	5	2	21:27:11
948	5	2	21:27:11
770	5	2	21:27:11
673	5	2	21:27:11
679	5	2	21:27:11
633	5	2	21:27:11
652	5	2	21:27:11
935	5	2	21:27:11
857	5	2	21:27:11
999	5	2	21:27:11
1183	5	2	21:27:11
1161	5	2	21:27:11
1080	5	2	21:27:11
967	5	2	21:27:11
741	5	2	21:27:11
700	5	2	21:27:11
668	5	2	21:27:11
633	5	2	21:27:11
727	5	2	21:27:11
916	5	2	21:27:11
1161	5	2	21:27:11
1153	5	2	21:27:11
1148	5	2	21:27:11
1051	5	2	21:27:11
1005	5	2	21:27:11
800	5	2	21:27:11
681	5	2	21:27:11
687	5	2	21:27:11
660	5	2	21:27:11
676	5	2	21:27:11
811	5	2	21:27:11
1247	5	2	21:27:11
1145	5	2	21:27:11
1161	5	2	21:27:11
1099	5	2	21:27:11
1005	5	2	21:27:11
857	5	2	21:27:11
714	5	2	21:27:11
665	5	2	21:27:11
684	5	2	21:27:11
652	5	2	21:27:11
752	5	2	21:27:11
1220	5	2	21:27:11
1164	5	2	21:27:11
1118	5	2	21:27:11
1113	5	2	21:27:11
1010	5	2	21:27:11
881	5	2	21:27:11
719	5	2	21:27:11
649	5	2	21:27:11
690	5	2	21:27:11
655	5	2	21:27:11
725	5	2	21:27:11
1018	5	2	21:27:11
1204	5	2	21:27:11
1134	5	2	21:27:11
1091	5	2	21:27:11
1040	5	2	21:27:11
989	5	2	21:27:11
797	5	2	21:27:11
681	5	2	21:27:11
663	5	2	21:27:11
671	5	2	21:27:11
690	5	2	21:27:11
840	5	2	21:27:11
1218	5	2	21:27:11
1158	5	2	21:27:11
1113	5	2	21:27:11
1059	5	2	21:27:11
975	5	2	21:27:11
808	5	2	21:27:11
698	5	2	21:27:11
646	5	2	21:27:11
673	5	2	21:27:11
660	5	2	21:27:11
733	5	2	21:27:11
1010	5	2	21:27:11
1148	5	2	21:27:11
1115	5	2	21:27:11
1075	5	2	21:27:11
1040	5	2	21:27:11
986	5	2	21:27:11
792	5	2	21:27:11
681	5	2	21:27:11
644	5	2	21:27:11
665	5	2	21:27:11
671	5	2	21:27:11
698	5	2	21:27:11
1005	5	2	21:27:11
830	5	2	21:27:11
393	5	2	21:27:11
1169	5	2	21:27:11
1126	5	2	21:27:11
1051	5	2	21:27:11
956	5	2	21:27:11
730	5	2	21:27:11
668	5	2	21:27:11
665	5	2	21:27:11
668	5	2	21:27:11
687	5	2	21:27:11
873	5	2	21:27:11
1223	5	2	21:27:11
1148	5	2	21:27:11
1129	5	2	21:27:11
1075	5	2	21:27:11
1026	5	2	21:27:11
781	5	2	21:27:11
671	5	2	21:27:11
663	5	2	21:27:11
668	5	2	21:27:11
655	5	2	21:27:11
690	5	2	21:27:11
803	5	2	21:27:11
1167	5	2	21:27:11
1156	5	2	21:27:11
1126	5	2	21:27:11
1083	5	2	21:27:11
997	5	2	21:27:11
760	5	2	21:27:11
676	5	2	21:27:11
668	5	2	21:27:11
652	5	2	21:27:11
665	5	2	21:27:11
760	5	2	21:27:11
797	5	2	21:27:11
792	5	2	21:27:11
1202	5	2	21:27:11
1177	5	2	21:27:11
1086	5	2	21:27:11
1037	5	2	21:27:11
754	5	2	21:27:11
698	5	2	21:27:11
663	5	2	21:27:11
660	5	2	21:27:11
692	5	2	21:27:11
803	5	2	21:27:11
1183	5	2	21:27:11
1129	5	2	21:27:11
1080	5	2	21:27:11
1115	5	2	21:27:11
1010	5	2	21:27:11
822	5	2	21:27:11
735	5	2	21:27:11
655	5	2	21:27:11
649	5	2	21:27:11
681	5	2	21:27:11
765	5	2	21:27:11
1010	5	2	21:27:11
1169	5	2	21:27:11
738	5	2	21:27:11
442	5	2	21:27:11
1086	5	2	21:27:11
1026	5	2	21:27:11
964	5	2	21:27:11
784	5	2	21:27:11
690	5	2	21:27:11
663	5	2	21:27:11
652	5	2	21:27:11
668	5	2	21:27:11
703	5	2	21:27:11
900	5	2	21:27:11
741	5	2	21:27:11
412	5	2	21:27:11
1121	5	2	21:27:11
1129	5	2	21:27:11
1040	5	2	21:27:11
997	5	2	21:27:11
754	5	2	21:27:11
673	5	2	21:27:11
676	5	2	21:27:11
687	5	2	21:27:11
652	5	2	21:27:11
714	5	2	21:27:11
1037	5	2	21:27:11
1210	5	2	21:27:11
1132	5	2	21:27:11
1121	5	2	21:27:11
967	5	2	21:27:11
905	5	2	21:27:11
730	5	2	21:27:11
676	5	2	21:27:11
676	5	2	21:27:11
649	5	2	21:27:11
655	5	2	21:27:11
816	5	2	21:27:11
1026	5	2	21:27:11
1204	5	2	21:27:11
1274	5	2	21:27:11
1121	5	2	21:27:11
1034	5	2	21:27:11
805	5	2	21:27:11
684	5	2	21:27:11
665	5	2	21:27:11
681	5	2	21:27:11
646	5	2	21:27:11
698	5	2	21:27:11
1005	5	2	21:27:11
1148	5	2	21:27:11
1121	5	2	21:27:11
1040	5	2	21:27:11
827	5	2	21:27:11
711	5	2	21:27:11
719	5	2	21:27:11
644	5	2	21:27:11
655	5	2	21:27:11
665	5	2	21:27:11
663	5	2	21:27:11
876	5	2	21:27:11
1029	5	2	21:27:11
1156	5	2	21:27:11
1110	5	2	21:27:11
1037	5	2	21:27:11
991	5	2	21:27:11
967	5	2	21:27:11
808	5	2	21:27:11
703	5	2	21:27:11
668	5	2	21:27:11
679	5	2	21:27:11
657	5	2	21:27:11
703	5	2	21:27:11
857	5	2	21:27:11
1158	5	2	21:27:11
1199	5	2	21:27:11
1123	5	2	21:27:11
1043	5	2	21:27:11
983	5	2	21:27:11
814	5	2	21:27:11
687	5	2	21:27:11
706	5	2	21:27:11
665	5	2	21:27:11
665	5	2	21:27:11
717	5	2	21:27:11
1021	5	2	21:27:11
1231	5	2	21:27:11
1199	5	2	21:27:11
1053	5	2	21:27:11
989	5	2	21:27:11
892	5	2	21:27:11
768	5	2	21:27:11
698	5	2	21:27:11
690	5	2	21:27:11
655	5	2	21:27:11
690	5	2	21:27:11
857	5	2	21:27:11
1180	5	2	21:27:11
1185	5	2	21:27:11
1167	5	2	21:27:11
1064	5	2	21:27:11
994	5	2	21:27:11
824	5	2	21:27:11
703	5	2	21:27:11
690	5	2	21:27:11
671	5	2	21:27:11
671	5	2	21:27:11
735	5	2	21:27:11
1018	5	2	21:27:11
1223	5	2	21:27:11
1169	5	2	21:27:11
1115	5	2	21:27:11
1005	5	2	21:27:11
956	5	2	21:27:11
781	5	2	21:27:11
700	5	2	21:27:11
687	5	2	21:27:11
655	5	2	21:27:11
679	5	2	21:27:11
814	5	2	21:27:11
1253	5	2	21:27:11
1220	5	2	21:27:11
1188	5	2	21:27:11
1099	5	2	21:27:11
1008	5	2	21:27:11
838	5	2	21:27:11
708	5	2	21:27:11
665	5	2	21:27:11
698	5	2	21:27:11
690	5	2	21:27:11
727	5	2	21:27:11
1005	5	2	21:27:11
1237	5	2	21:27:11
1175	5	2	21:27:11
1096	5	2	21:27:11
1037	5	2	21:27:11
873	5	2	21:27:11
735	5	2	21:27:11
679	5	2	21:27:11
657	5	2	21:27:11
692	5	2	21:27:11
706	5	2	21:27:11
884	5	2	21:27:11
1255	5	2	21:27:11
1204	5	2	21:27:11
1126	5	2	21:27:11
1067	5	2	21:27:11
994	5	2	21:27:11
797	5	2	21:27:11
700	5	2	21:27:11
679	5	2	21:27:11
649	5	2	21:27:11
679	5	2	21:27:11
708	5	2	21:27:11
983	5	2	21:27:11
1167	5	2	21:27:11
1134	5	2	21:27:11
1086	5	2	21:27:11
1002	5	2	21:27:11
932	5	2	21:27:11
776	5	2	21:27:11
687	5	2	21:27:11
663	5	2	21:27:11
690	5	2	21:27:11
681	5	2	21:27:11
711	5	2	21:27:11
1029	5	2	21:27:11
1237	5	2	21:27:11
1191	5	2	21:27:11
1072	5	2	21:27:11
1051	5	2	21:27:11
843	5	2	21:27:11
714	5	2	21:27:11
671	5	2	21:27:11
692	5	2	21:27:11
676	5	2	21:27:11
749	5	2	21:27:11
1037	5	2	21:27:11
1269	5	2	21:27:11
1250	5	2	21:27:11
1121	5	2	21:27:11
1053	5	2	21:27:11
873	5	2	21:27:11
735	5	2	21:27:11
692	5	2	21:27:11
663	5	2	21:27:11
679	5	2	21:27:11
714	5	2	21:27:11
981	5	2	21:27:11
1242	5	2	21:27:11
1169	5	2	21:27:11
1115	5	2	21:27:11
1048	5	2	21:27:11
956	5	2	21:27:11
765	5	2	21:27:11
714	5	2	21:27:11
679	5	2	21:27:11
652	5	2	21:27:11
695	5	2	21:27:11
811	5	2	21:27:11
1059	5	2	21:27:11
1231	5	2	21:27:11
1210	5	2	21:27:11
1083	5	2	21:27:11
1026	5	2	21:27:11
927	5	2	21:27:11
738	5	2	21:27:11
698	5	2	21:27:11
681	5	2	21:27:11
671	5	2	21:27:11
692	5	2	21:27:11
983	5	2	21:27:11
1285	5	2	21:27:11
1293	5	2	21:27:11
638	7	3	14:17:43
681	7	3	14:17:43
1061	7	3	14:17:43
1088	7	3	14:17:43
908	7	3	14:17:43
814	7	3	14:17:43
743	7	3	14:17:43
749	7	3	14:17:43
714	7	3	14:17:43
646	7	3	14:17:43
636	7	3	14:17:43
625	7	3	14:17:43
652	7	3	14:17:43
776	7	3	14:17:43
1107	7	3	14:17:43
1169	7	3	14:17:43
1115	7	3	14:17:43
1051	7	3	14:17:43
973	7	3	14:17:43
849	7	3	14:17:43
792	7	3	14:17:43
717	7	3	14:17:43
638	7	3	14:17:43
622	7	3	14:17:43
633	7	3	14:17:43
601	7	3	14:17:43
620	7	3	14:17:43
717	7	3	14:17:43
1177	7	3	14:17:43
1132	7	3	14:17:43
1045	7	3	14:17:43
983	7	3	14:17:43
916	7	3	14:17:43
800	7	3	14:17:43
692	7	3	14:17:43
636	7	3	14:17:43
644	7	3	14:17:43
622	7	3	14:17:43
625	7	3	14:17:43
676	7	3	14:17:43
1204	7	3	14:17:43
1096	7	3	14:17:43
1034	7	3	14:17:43
929	7	3	14:17:43
889	7	3	14:17:43
779	7	3	14:17:43
711	7	3	14:17:43
668	7	3	14:17:43
652	7	3	14:17:43
620	7	3	14:17:43
628	7	3	14:17:43
628	7	3	14:17:43
676	7	3	14:17:43
1245	7	3	14:17:43
1164	7	3	14:17:43
1053	7	3	14:17:43
948	7	3	14:17:43
827	7	3	14:17:43
768	7	3	14:17:43
725	7	3	14:17:43
657	7	3	14:17:43
617	7	3	14:17:43
636	7	3	14:17:43
609	7	3	14:17:43
644	7	3	14:17:43
719	7	3	14:17:43
1202	7	3	14:17:43
1129	7	3	14:17:43
1088	7	3	14:17:43
956	7	3	14:17:43
846	7	3	14:17:43
827	7	3	14:17:43
746	7	3	14:17:43
660	7	3	14:17:43
660	7	3	14:17:43
630	7	3	14:17:43
611	7	3	14:17:43
655	7	3	14:17:43
700	7	3	14:17:43
1156	7	3	14:17:43
1126	7	3	14:17:43
1078	7	3	14:17:43
989	7	3	14:17:43
870	7	3	14:17:43
835	7	3	14:17:43
722	7	3	14:17:43
663	7	3	14:17:43
665	7	3	14:17:43
636	7	3	14:17:43
638	7	3	14:17:43
676	7	3	14:17:43
692	7	3	14:17:43
1175	7	3	14:17:43
1126	7	3	14:17:43
1059	7	3	14:17:43
970	7	3	14:17:43
908	7	3	14:17:43
811	7	3	14:17:43
719	7	3	14:17:43
692	7	3	14:17:43
652	7	3	14:17:43
630	7	3	14:17:43
652	7	3	14:17:43
638	7	3	14:17:43
743	7	3	14:17:43
1164	7	3	14:17:43
1113	7	3	14:17:43
1075	7	3	14:17:43
997	7	3	14:17:43
878	7	3	14:17:43
719	7	3	14:17:43
687	7	3	14:17:43
636	7	3	14:17:43
630	7	3	14:17:43
663	7	3	14:17:43
700	7	3	14:17:43
1258	7	3	14:17:43
1245	7	3	14:17:43
1118	7	3	14:17:43
1040	7	3	14:17:43
978	7	3	14:17:43
924	7	3	14:17:43
765	7	3	14:17:43
684	7	3	14:17:43
649	7	3	14:17:43
665	7	3	14:17:43
620	7	3	14:17:43
641	7	3	14:17:43
725	7	3	14:17:43
1123	7	3	14:17:43
1118	7	3	14:17:43
1045	7	3	14:17:43
983	7	3	14:17:43
927	7	3	14:17:43
779	7	3	14:17:43
676	7	3	14:17:43
646	7	3	14:17:43
671	7	3	14:17:43
628	7	3	14:17:43
636	7	3	14:17:43
692	7	3	14:17:43
1234	7	3	14:17:43
1188	7	3	14:17:43
1075	7	3	14:17:43
999	7	3	14:17:43
902	7	3	14:17:43
822	7	3	14:17:43
757	7	3	14:17:43
665	7	3	14:17:43
644	7	3	14:17:43
649	7	3	14:17:43
620	7	3	14:17:43
671	7	3	14:17:43
725	7	3	14:17:43
1212	7	3	14:17:43
1156	7	3	14:17:43
1086	7	3	14:17:43
1018	7	3	14:17:43
1040	7	3	14:17:43
862	7	3	14:17:43
725	7	3	14:17:43
660	7	3	14:17:43
644	7	3	14:17:43
655	7	3	14:17:43
655	7	3	14:17:43
684	7	3	14:17:43
1150	7	3	14:17:43
1140	7	3	14:17:43
1083	7	3	14:17:43
956	7	3	14:17:43
894	7	3	14:17:43
851	7	3	14:17:43
749	7	3	14:17:43
676	7	3	14:17:43
655	7	3	14:17:43
655	7	3	14:17:43
633	7	3	14:17:43
655	7	3	14:17:43
760	7	3	14:17:43
1193	7	3	14:17:43
1150	7	3	14:17:43
1018	7	3	14:17:43
935	7	3	14:17:43
876	7	3	14:17:43
773	7	3	14:17:43
681	7	3	14:17:43
638	7	3	14:17:43
644	7	3	14:17:43
625	7	3	14:17:43
641	7	3	14:17:43
743	7	3	14:17:43
1196	7	3	14:17:43
1193	7	3	14:17:43
1094	7	3	14:17:43
999	7	3	14:17:43
954	7	3	14:17:43
889	7	3	14:17:43
714	7	3	14:17:43
681	7	3	14:17:43
644	7	3	14:17:43
646	7	3	14:17:43
649	7	3	14:17:43
679	7	3	14:17:43
857	7	3	14:17:43
1164	7	3	14:17:43
1140	7	3	14:17:43
1053	7	3	14:17:43
962	7	3	14:17:43
905	7	3	14:17:43
776	7	3	14:17:43
703	7	3	14:17:43
638	7	3	14:17:43
620	7	3	14:17:43
636	7	3	14:17:43
620	7	3	14:17:43
660	7	3	14:17:43
730	7	3	14:17:43
1158	7	3	14:17:43
1105	7	3	14:17:43
983	7	3	14:17:43
889	7	3	14:17:43
814	7	3	14:17:43
752	7	3	14:17:43
660	7	3	14:17:43
660	7	3	14:17:43
633	7	3	14:17:43
622	7	3	14:17:43
628	7	3	14:17:43
657	7	3	14:17:43
727	7	3	14:17:43
1105	7	3	14:17:43
1142	7	3	14:17:43
1078	7	3	14:17:43
962	7	3	14:17:43
905	7	3	14:17:43
840	7	3	14:17:43
738	7	3	14:17:43
663	7	3	14:17:43
638	7	3	14:17:43
655	7	3	14:17:43
638	7	3	14:17:43
665	7	3	14:17:43
749	7	3	14:17:43
1172	7	3	14:17:43
1148	7	3	14:17:43
1064	7	3	14:17:43
964	7	3	14:17:43
935	7	3	14:17:43
800	7	3	14:17:43
676	7	3	14:17:43
655	7	3	14:17:43
655	7	3	14:17:43
641	7	3	14:17:43
673	7	3	14:17:43
867	7	3	14:17:43
1164	7	3	14:17:43
1126	7	3	14:17:43
1080	7	3	14:17:43
989	7	3	14:17:43
892	7	3	14:17:43
768	7	3	14:17:43
700	7	3	14:17:43
665	7	3	14:17:43
641	7	3	14:17:43
655	7	3	14:17:43
622	7	3	14:17:43
698	7	3	14:17:43
811	7	3	14:17:43
1150	7	3	14:17:43
1121	7	3	14:17:43
1029	7	3	14:17:43
983	7	3	14:17:43
956	7	3	14:17:43
795	7	3	14:17:43
665	7	3	14:17:43
655	7	3	14:17:43
660	7	3	14:17:43
636	7	3	14:17:43
657	7	3	14:17:43
743	7	3	14:17:43
1188	7	3	14:17:43
1126	7	3	14:17:43
1051	7	3	14:17:43
951	7	3	14:17:43
908	7	3	14:17:43
832	7	3	14:17:43
711	7	3	14:17:43
660	7	3	14:17:43
641	7	3	14:17:43
652	7	3	14:17:43
628	7	3	14:17:43
687	7	3	14:17:43
808	7	3	14:17:43
1199	7	3	14:17:43
1145	7	3	14:17:43
1072	7	3	14:17:43
999	7	3	14:17:43
857	7	3	14:17:43
741	7	3	14:17:43
660	7	3	14:17:43
638	7	3	14:17:43
649	7	3	14:17:43
625	7	3	14:17:43
695	7	3	14:17:43
865	7	3	14:17:43
1164	7	3	14:17:43
1113	7	3	14:17:43
1053	7	3	14:17:43
978	7	3	14:17:43
881	7	3	14:17:43
792	7	3	14:17:43
684	7	3	14:17:43
660	7	3	14:17:43
652	7	3	14:17:43
622	7	3	14:17:43
620	7	3	14:17:43
698	7	3	14:17:43
819	7	3	14:17:43
1091	7	3	14:17:43
1164	7	3	14:17:43
1037	7	3	14:17:43
911	7	3	14:17:43
781	7	3	14:17:43
733	7	3	14:17:43
660	7	3	14:17:43
660	7	3	14:17:43
628	7	3	14:17:43
606	7	3	14:17:43
630	7	3	14:17:43
633	7	3	14:17:43
671	7	3	14:17:43
811	7	3	14:17:43
1113	7	3	14:17:43
1064	7	3	14:17:43
959	7	3	14:17:43
867	7	3	14:17:43
768	7	3	14:17:43
690	7	3	14:17:43
652	7	3	14:17:43
628	7	3	14:17:43
598	7	3	14:17:43
614	7	3	14:17:43
665	7	3	14:17:43
954	7	3	14:17:43
1250	7	3	14:17:43
1148	7	3	14:17:43
1064	7	3	14:17:43
894	7	3	14:17:43
830	7	3	14:17:43
827	7	3	14:17:43
703	7	3	14:17:43
673	7	3	14:17:43
638	7	3	14:17:43
636	7	3	14:17:43
646	7	3	14:17:43
638	7	3	14:17:43
684	7	3	14:17:43
1167	7	3	14:17:43
1053	7	3	14:17:43
1016	7	3	14:17:43
940	7	3	14:17:43
822	7	3	14:17:43
749	7	3	14:17:43
703	7	3	14:17:43
665	7	3	14:17:43
660	7	3	14:17:43
625	7	3	14:17:43
622	7	3	14:17:43
633	7	3	14:17:43
628	7	3	14:17:43
698	7	3	14:17:43
1164	7	3	14:17:43
1096	7	3	14:17:43
975	7	3	14:17:43
908	7	3	14:17:43
789	7	3	14:17:43
762	7	3	14:17:43
700	7	3	14:17:43
649	7	3	14:17:43
655	7	3	14:17:43
620	7	3	14:17:43
617	7	3	14:17:43
649	7	3	14:17:43
660	7	3	14:17:43
743	7	3	14:17:43
1043	7	3	14:17:43
997	7	3	14:17:43
946	7	3	14:17:43
894	7	3	14:17:43
857	7	3	14:17:43
752	7	3	14:17:43
725	7	3	14:17:43
671	7	3	14:17:43
673	7	3	14:17:43
633	7	3	14:17:43
644	7	3	14:17:43
663	7	3	14:17:43
722	7	3	14:17:43
1223	7	3	14:17:43
1132	7	3	14:17:43
1053	7	3	14:17:43
924	7	3	14:17:43
830	7	3	14:17:43
749	7	3	14:17:43
690	7	3	14:17:43
668	7	3	14:17:43
633	7	3	14:17:43
646	7	3	14:17:43
633	7	3	14:17:43
711	7	3	14:17:43
1115	7	3	14:17:43
1080	7	3	14:17:43
981	7	3	14:17:43
867	7	3	14:17:43
843	7	3	14:17:43
768	7	3	14:17:43
706	7	3	14:17:43
649	7	3	14:17:43
636	7	3	14:17:43
644	7	3	14:17:43
622	7	3	14:17:43
655	7	3	14:17:43
717	7	3	14:17:43
1099	7	3	14:17:43
1140	7	3	14:17:43
1070	7	3	14:17:43
956	7	3	14:17:43
884	7	3	14:17:43
805	7	3	14:17:43
738	7	3	14:17:43
665	7	3	14:17:43
668	7	3	14:17:43
628	7	3	14:17:43
630	7	3	14:17:43
625	7	3	14:17:43
676	7	3	14:17:43
743	7	3	14:17:43
1078	7	3	14:17:43
1115	7	3	14:17:43
1026	7	3	14:17:43
935	7	3	14:17:43
911	7	3	14:17:43
870	7	3	14:17:43
760	7	3	14:17:43
668	7	3	14:17:43
687	7	3	14:17:43
776	7	3	14:17:43
808	7	3	14:17:43
902	7	3	14:17:43
717	7	3	14:17:43
676	7	3	14:17:43
681	7	3	14:17:43
646	7	3	14:17:43
698	7	3	14:17:43
865	7	3	14:17:43
1032	7	3	14:17:43
878	7	3	14:17:43
706	7	3	14:17:43
665	7	3	14:17:43
673	7	3	14:17:43
657	7	3	14:17:43
663	7	3	14:17:43
754	7	3	14:17:43
1061	7	3	14:17:43
1034	7	3	14:17:43
959	7	3	14:17:43
881	7	3	14:17:43
776	7	3	14:17:43
752	7	3	14:17:43
684	7	3	14:17:43
684	7	3	14:17:43
649	7	3	14:17:43
617	7	3	14:17:43
652	7	3	14:17:43
671	7	3	14:17:43
698	7	3	14:17:43
1110	7	3	14:17:43
1129	7	3	14:17:43
1078	7	3	14:17:43
935	7	3	14:17:43
789	7	3	14:17:43
760	7	3	14:17:43
690	7	3	14:17:43
660	7	3	14:17:43
668	7	3	14:17:43
636	7	3	14:17:43
641	7	3	14:17:43
679	7	3	14:17:43
698	7	3	14:17:43
752	7	3	14:17:43
1193	7	3	14:17:43
1134	7	3	14:17:43
1037	7	3	14:17:43
983	7	3	14:17:43
892	7	3	14:17:43
814	7	3	14:17:43
792	7	3	14:17:43
816	7	3	14:17:43
760	7	3	14:17:43
673	7	3	14:17:43
646	7	3	14:17:43
695	7	3	14:17:43
646	7	3	14:17:43
1280	7	3	14:17:43
1223	7	3	14:17:43
1102	7	3	14:17:43
1010	7	3	14:17:43
803	7	3	14:17:43
684	7	3	14:17:43
665	7	3	14:17:43
668	7	3	14:17:43
649	7	3	14:17:43
652	7	3	14:17:43
717	7	3	14:17:43
832	7	3	14:17:43
1172	7	3	14:17:43
1145	7	3	14:17:43
1070	7	3	14:17:43
959	7	3	14:17:43
840	7	3	14:17:43
725	7	3	14:17:43
679	7	3	14:17:43
681	7	3	14:17:43
765	7	3	14:17:43
827	7	3	14:17:43
870	7	3	14:17:43
752	7	3	14:17:43
684	7	3	14:17:43
703	7	3	14:17:43
743	7	3	14:17:43
1140	7	3	14:17:43
1043	7	3	14:17:43
991	7	3	14:17:43
962	7	3	14:17:43
913	7	3	14:17:43
733	7	3	14:17:43
698	7	3	14:17:43
663	7	3	14:17:43
676	7	3	14:17:43
830	7	3	14:17:43
1264	7	3	14:17:43
1210	7	3	14:17:43
1091	7	3	14:17:43
981	7	3	14:17:43
878	7	3	14:17:43
733	7	3	14:17:43
673	7	3	14:17:43
673	7	3	14:17:43
660	7	3	14:17:43
698	7	3	14:17:43
792	7	3	14:17:43
1202	7	3	14:17:43
1167	7	3	14:17:43
1051	7	3	14:17:43
1013	7	3	14:17:43
1016	7	3	14:17:43
857	7	3	14:17:43
727	7	3	14:17:43
676	7	3	14:17:43
646	7	3	14:17:43
652	7	3	14:17:43
655	7	3	14:17:43
827	7	3	14:17:43
1231	7	3	14:17:43
1140	7	3	14:17:43
1072	7	3	14:17:43
954	7	3	14:17:43
832	7	3	14:17:43
765	7	3	14:17:43
714	7	3	14:17:43
708	7	3	14:17:43
687	7	3	14:17:43
733	7	3	14:17:43
832	7	3	14:17:43
843	7	3	14:17:43
873	7	3	14:17:43
822	7	3	14:17:43
768	7	3	14:17:43
765	7	3	14:17:43
795	7	3	14:17:43
787	7	3	14:17:43
811	7	3	14:17:43
881	7	3	14:17:43
924	7	3	14:17:43
838	7	3	14:17:43
760	7	3	14:17:43
700	7	3	14:17:43
687	7	3	14:17:43
676	7	3	14:17:43
746	7	3	14:17:43
1234	7	3	14:17:43
1056	7	3	14:17:43
1024	7	3	14:17:43
937	7	3	14:17:43
929	7	3	14:17:43
929	7	3	14:17:43
884	7	3	14:17:43
838	7	3	14:17:43
738	7	3	14:17:43
673	7	3	14:17:43
673	7	3	14:17:43
668	7	3	14:17:43
983	7	3	14:17:43
1207	7	3	14:17:43
1061	7	3	14:17:43
1034	7	3	14:17:43
999	7	3	14:17:43
897	7	3	14:17:43
727	7	3	14:17:43
681	7	3	14:17:43
673	7	3	14:17:43
657	7	3	14:17:43
681	7	3	14:17:43
1255	7	3	14:17:43
1153	7	3	14:17:43
1037	7	3	14:17:43
927	7	3	14:17:43
830	7	3	14:17:43
722	7	3	14:17:43
663	7	3	14:17:43
652	7	3	14:17:43
657	7	3	14:17:43
657	7	3	14:17:43
676	7	3	14:17:43
1099	7	3	14:17:43
1088	7	3	14:17:43
962	7	3	14:17:43
873	7	3	14:17:43
830	7	3	14:17:43
867	7	3	14:17:43
805	7	3	14:17:43
832	7	3	14:17:43
846	7	3	14:17:43
787	7	3	14:17:43
722	7	3	14:17:43
660	7	3	14:17:43
636	7	3	14:17:43
690	7	3	14:17:43
1013	7	3	14:17:43
1183	7	3	14:17:43
1132	7	3	14:17:43
1096	7	3	14:17:43
1032	7	3	14:17:43
870	7	3	14:17:43
708	7	3	14:17:43
690	7	3	14:17:43
657	7	3	14:17:43
646	7	3	14:17:43
684	7	3	14:17:43
795	7	3	14:17:43
1215	7	3	14:17:43
1088	7	3	14:17:43
975	7	3	14:17:43
921	7	3	14:17:43
964	7	3	14:17:43
814	7	3	14:17:43
681	7	3	14:17:43
676	7	3	14:17:43
652	7	3	14:17:43
625	7	3	14:17:43
652	7	3	14:17:43
687	7	3	14:17:43
1169	7	3	14:17:43
1118	7	3	14:17:43
1096	7	3	14:17:43
1051	7	3	14:17:43
983	7	3	14:17:43
870	7	3	14:17:43
746	7	3	14:17:43
676	7	3	14:17:43
681	7	3	14:17:43
652	7	3	14:17:43
638	7	3	14:17:43
684	7	3	14:17:43
776	7	3	14:17:43
1193	7	3	14:17:43
1118	7	3	14:17:43
1029	7	3	14:17:43
997	7	3	14:17:43
1005	7	3	14:17:43
1013	7	3	14:17:43
981	7	3	14:17:43
954	7	3	14:17:43
830	7	3	14:17:43
779	7	3	14:17:43
816	7	3	14:17:43
881	7	3	14:17:43
889	7	3	14:17:43
865	7	3	14:17:43
862	7	3	14:17:43
840	7	3	14:17:43
803	7	3	14:17:43
711	7	3	14:17:43
684	7	3	14:17:43
663	7	3	14:17:43
652	7	3	14:17:43
795	7	3	14:17:43
970	7	3	14:17:43
959	7	3	14:17:43
1247	7	3	14:17:43
1167	7	3	14:17:43
1061	7	3	14:17:43
940	7	3	14:17:43
854	7	3	14:17:43
719	7	3	14:17:43
692	7	3	14:17:43
641	7	3	14:17:43
638	7	3	14:17:43
657	7	3	14:17:43
636	7	3	14:17:43
692	7	3	14:17:43
1008	7	3	14:17:43
1113	7	3	14:17:43
959	7	3	14:17:43
932	7	3	14:17:43
916	7	3	14:17:43
770	7	3	14:17:43
665	7	3	14:17:43
644	7	3	14:17:43
663	7	3	14:17:43
638	7	3	14:17:43
741	7	3	14:17:43
805	7	3	14:17:43
857	7	3	14:17:43
1005	7	3	14:17:43
983	7	3	14:17:43
840	7	3	14:17:43
717	7	3	14:17:43
636	7	3	14:17:43
671	7	3	14:17:43
614	7	3	14:17:43
617	7	3	14:17:43
606	7	3	14:17:43
601	7	3	14:17:43
641	7	3	14:17:43
746	7	3	14:17:43
911	7	3	14:17:43
1247	7	3	14:17:43
1129	7	3	14:17:43
1051	7	3	14:17:43
991	7	3	14:17:43
838	7	3	14:17:43
784	7	3	14:17:43
714	7	3	14:17:43
684	7	3	14:17:43
649	7	3	14:17:43
644	7	3	14:17:43
655	7	3	14:17:43
644	7	3	14:17:43
684	7	3	14:17:43
1161	7	3	14:17:43
1134	7	3	14:17:43
1043	7	3	14:17:43
956	7	3	14:17:43
878	7	3	14:17:43
787	7	3	14:17:43
719	7	3	14:17:43
657	7	3	14:17:43
652	7	3	14:17:43
657	7	3	14:17:43
641	7	3	14:17:43
684	7	3	14:17:43
792	7	3	14:17:43
1156	7	3	14:17:43
1142	7	3	14:17:43
1026	7	3	14:17:43
954	7	3	14:17:43
946	7	3	14:17:43
886	7	3	14:17:43
768	7	3	14:17:43
665	7	3	14:17:43
614	7	3	14:17:43
800	7	3	14:17:43
1344	7	3	14:17:43
870	7	3	14:17:43
935	7	3	14:17:43
897	7	3	14:17:43
808	7	3	14:17:43
765	7	3	14:17:43
735	7	3	14:17:43
727	7	3	14:17:43
741	7	3	14:17:43
665	7	3	14:17:43
641	7	3	14:17:43
652	7	3	14:17:43
630	7	3	14:17:43
601	7	3	14:17:43
644	7	3	14:17:43
665	7	3	14:17:43
1083	7	3	14:17:43
1110	7	3	14:17:43
1034	7	3	14:17:43
900	7	3	14:17:43
797	7	3	14:17:43
757	7	3	14:17:43
714	7	3	14:17:43
655	7	3	14:17:43
644	7	3	14:17:43
671	7	3	14:17:43
649	7	3	14:17:43
638	7	3	14:17:43
679	7	3	14:17:43
1013	7	3	14:17:43
1172	7	3	14:17:43
1115	7	3	14:17:43
1016	7	3	14:17:43
970	7	3	14:17:43
940	7	3	14:17:43
735	7	3	14:17:43
671	7	3	14:17:43
655	7	3	14:17:43
663	7	3	14:17:43
663	7	3	14:17:43
784	7	3	14:17:43
1255	7	3	14:17:43
1121	7	3	14:17:43
1037	7	3	14:17:43
940	7	3	14:17:43
857	7	3	14:17:43
843	7	3	14:17:43
800	7	3	14:17:43
808	7	3	14:17:43
803	7	3	14:17:43
717	7	3	14:17:43
673	7	3	14:17:43
668	7	3	14:17:43
646	7	3	14:17:43
676	7	3	14:17:43
1210	7	3	14:17:43
986	7	3	14:17:43
840	7	3	14:17:43
770	7	3	14:17:43
714	7	3	14:17:43
884	7	3	14:17:43
369	7	3	14:17:43
636	7	3	14:17:43
622	7	3	14:17:43
951	7	3	14:17:43
905	7	3	14:17:43
902	7	3	14:17:43
999	7	3	14:17:43
1043	7	3	14:17:43
978	7	3	14:17:43
878	7	3	14:17:43
862	7	3	14:17:43
760	7	3	14:17:43
673	7	3	14:17:43
687	7	3	14:17:43
636	7	3	14:17:43
614	7	3	14:17:43
641	7	3	14:17:43
649	7	3	14:17:43
735	7	3	14:17:43
973	7	3	14:17:43
1223	7	3	14:17:43
1064	7	3	14:17:43
937	7	3	14:17:43
816	7	3	14:17:43
762	7	3	14:17:43
679	7	3	14:17:43
660	7	3	14:17:43
684	7	3	14:17:43
633	7	3	14:17:43
633	7	3	14:17:43
711	7	3	14:17:43
1029	7	3	14:17:43
1099	7	3	14:17:43
1026	7	3	14:17:43
929	7	3	14:17:43
805	7	3	14:17:43
752	7	3	14:17:43
676	7	3	14:17:43
679	7	3	14:17:43
644	7	3	14:17:43
609	7	3	14:17:43
665	7	3	14:17:43
576	7	3	14:17:43
617	7	3	14:17:43
719	7	3	14:17:43
1099	7	3	14:17:43
1199	7	3	14:17:43
1110	7	3	14:17:43
808	7	3	14:17:43
770	7	3	14:17:43
725	7	3	14:17:43
698	7	3	14:17:43
660	7	3	14:17:43
657	7	3	14:17:43
617	7	3	14:17:43
652	7	3	14:17:43
638	7	3	14:17:43
700	7	3	14:17:43
1188	7	3	14:17:43
1158	7	3	14:17:43
1153	7	3	14:17:43
1040	7	3	14:17:43
970	7	3	14:17:43
956	7	3	14:17:43
765	7	3	14:17:43
671	7	3	14:17:43
681	7	3	14:17:43
630	7	3	14:17:43
644	7	3	14:17:43
698	7	3	14:17:43
784	7	3	14:17:43
1150	7	3	14:17:43
1150	7	3	14:17:43
1072	7	3	14:17:43
973	7	3	14:17:43
894	7	3	14:17:43
762	7	3	14:17:43
673	7	3	14:17:43
681	7	3	14:17:43
644	7	3	14:17:43
636	7	3	14:17:43
665	7	3	14:17:43
703	7	3	14:17:43
725	7	3	14:17:43
1183	7	3	14:17:43
1126	7	3	14:17:43
1053	7	3	14:17:43
946	7	3	14:17:43
983	7	3	14:17:43
870	7	3	14:17:43
711	7	3	14:17:43
695	7	3	14:17:43
649	7	3	14:17:43
638	7	3	14:17:43
668	7	3	14:17:43
714	7	3	14:17:43
1234	7	3	14:17:43
1202	7	3	14:17:43
1099	7	3	14:17:43
1002	7	3	14:17:43
948	7	3	14:17:43
819	7	3	14:17:43
708	7	3	14:17:43
668	7	3	14:17:43
673	7	3	14:17:43
655	7	3	14:17:43
660	7	3	14:17:43
857	7	3	14:17:43
1172	7	3	14:17:43
1164	7	3	14:17:43
991	7	3	14:17:43
889	7	3	14:17:43
935	7	3	14:17:43
881	7	3	14:17:43
733	7	3	14:17:43
679	7	3	14:17:43
644	7	3	14:17:43
663	7	3	14:17:43
668	7	3	14:17:43
722	7	3	14:17:43
1258	7	3	14:17:43
1204	7	3	14:17:43
1150	7	3	14:17:43
1005	7	3	14:17:43
921	7	3	14:17:43
781	7	3	14:17:43
717	7	3	14:17:43
663	7	3	14:17:43
679	7	3	14:17:43
636	7	3	14:17:43
641	7	3	14:17:43
671	7	3	14:17:43
714	7	3	14:17:43
1258	7	3	14:17:43
1172	7	3	14:17:43
1056	7	3	14:17:43
954	7	3	14:17:43
881	7	3	14:17:43
827	7	3	14:17:43
711	7	3	14:17:43
681	7	3	14:17:43
673	7	3	14:17:43
644	7	3	14:17:43
668	7	3	14:17:43
698	7	3	14:17:43
1207	7	3	14:17:43
1172	7	3	14:17:43
1096	7	3	14:17:43
1005	7	3	14:17:43
929	7	3	14:17:43
819	7	3	14:17:43
695	7	3	14:17:43
652	7	3	14:17:43
663	7	3	14:17:43
655	7	3	14:17:43
679	7	3	14:17:43
981	7	3	14:17:43
989	7	3	14:17:43
1266	7	3	14:17:43
1193	7	3	14:17:43
1056	7	3	14:17:43
986	7	3	14:17:43
881	7	3	14:17:43
757	7	3	14:17:43
695	7	3	14:17:43
717	7	3	14:17:43
673	7	3	14:17:43
652	7	3	14:17:43
676	7	3	14:17:43
733	7	3	14:17:43
1226	7	3	14:17:43
1102	7	3	14:17:43
1045	7	3	14:17:43
983	7	3	14:17:43
787	7	3	14:17:43
706	7	3	14:17:43
673	7	3	14:17:43
690	7	3	14:17:43
706	7	3	14:17:43
776	7	3	14:17:43
981	7	3	14:17:43
1272	7	3	14:17:43
1175	7	3	14:17:43
1043	7	3	14:17:43
902	7	3	14:17:43
814	7	3	14:17:43
741	7	3	14:17:43
711	7	3	14:17:43
660	7	3	14:17:43
636	7	3	14:17:43
652	7	3	14:17:43
638	7	3	14:17:43
665	7	3	14:17:43
730	7	3	14:17:43
1134	7	3	14:17:43
1183	7	3	14:17:43
1067	7	3	14:17:43
956	7	3	14:17:43
900	7	3	14:17:43
792	7	3	14:17:43
700	7	3	14:17:43
665	7	3	14:17:43
657	7	3	14:17:43
671	7	3	14:17:43
684	7	3	14:17:43
719	7	3	14:17:43
867	7	3	14:17:43
1231	7	3	14:17:43
1191	7	3	14:17:43
1010	7	3	14:17:43
878	7	3	14:17:43
792	7	3	14:17:43
725	7	3	14:17:43
676	7	3	14:17:43
641	7	3	14:17:43
663	7	3	14:17:43
644	7	3	14:17:43
684	7	3	14:17:43
784	7	3	14:17:43
1226	7	3	14:17:43
1215	7	3	14:17:43
1115	7	3	14:17:43
1018	7	3	14:17:43
932	7	3	14:17:43
779	7	3	14:17:43
711	7	3	14:17:43
673	7	3	14:17:43
644	7	3	14:17:43
660	7	3	14:17:43
687	7	3	14:17:43
700	7	3	14:17:43
1167	7	3	14:17:43
1169	7	3	14:17:43
1059	7	3	14:17:43
1005	7	3	14:17:43
908	7	3	14:17:43
730	7	3	14:17:43
673	7	3	14:17:43
673	7	3	14:17:43
652	7	3	14:17:43
668	7	3	14:17:43
746	7	3	14:17:43
964	7	3	14:17:43
975	7	3	14:17:43
1188	7	3	14:17:43
1150	7	3	14:17:43
1059	7	3	14:17:43
881	7	3	14:17:43
803	7	3	14:17:43
719	7	3	14:17:43
665	7	3	14:17:43
663	7	3	14:17:43
633	7	3	14:17:43
630	7	3	14:17:43
684	7	3	14:17:43
757	7	3	14:17:43
1226	7	3	14:17:43
1158	7	3	14:17:43
916	7	3	20:42:50
865	7	3	20:42:50
822	7	3	20:42:50
854	7	3	20:42:50
867	7	3	20:42:50
822	7	3	20:42:50
792	7	3	20:42:50
698	7	3	20:42:50
606	7	3	20:42:50
598	7	3	20:42:50
584	7	3	20:42:50
644	7	3	20:42:50
768	7	3	20:42:50
981	7	3	20:42:50
1029	7	3	20:42:50
956	7	3	20:42:50
937	7	3	20:42:50
919	7	3	20:42:50
862	7	3	20:42:50
779	7	3	20:42:50
700	7	3	20:42:50
668	7	3	20:42:50
587	7	3	20:42:50
568	7	3	20:42:50
593	7	3	20:42:50
574	7	3	20:42:50
671	7	3	20:42:50
800	7	3	20:42:50
884	7	3	20:42:50
913	7	3	20:42:50
905	7	3	20:42:50
886	7	3	20:42:50
808	7	3	20:42:50
722	7	3	20:42:50
717	7	3	20:42:50
660	7	3	20:42:50
620	7	3	20:42:50
598	7	3	20:42:50
571	7	3	20:42:50
587	7	3	20:42:50
603	7	3	20:42:50
762	7	3	20:42:50
964	7	3	20:42:50
908	7	3	20:42:50
962	7	3	20:42:50
954	7	3	20:42:50
878	7	3	20:42:50
832	7	3	20:42:50
754	7	3	20:42:50
644	7	3	20:42:50
617	7	3	20:42:50
590	7	3	20:42:50
587	7	3	20:42:50
587	7	3	20:42:50
593	7	3	20:42:50
784	7	3	20:42:50
967	7	3	20:42:50
948	7	3	20:42:50
940	7	3	20:42:50
932	7	3	20:42:50
865	7	3	20:42:50
770	7	3	20:42:50
692	7	3	20:42:50
690	7	3	20:42:50
611	7	3	20:42:50
595	7	3	20:42:50
582	7	3	20:42:50
574	7	3	20:42:50
630	7	3	20:42:50
663	7	3	20:42:50
1075	7	3	20:42:50
1024	7	3	20:42:50
973	7	3	20:42:50
948	7	3	20:42:50
803	7	3	20:42:50
719	7	3	20:42:50
717	7	3	20:42:50
665	7	3	20:42:50
595	7	3	20:42:50
601	7	3	20:42:50
563	7	3	20:42:50
598	7	3	20:42:50
646	7	3	20:42:50
1099	7	3	20:42:50
1021	7	3	20:42:50
1002	7	3	20:42:50
967	7	3	20:42:50
889	7	3	20:42:50
795	7	3	20:42:50
730	7	3	20:42:50
700	7	3	20:42:50
614	7	3	20:42:50
606	7	3	20:42:50
582	7	3	20:42:50
579	7	3	20:42:50
671	7	3	20:42:50
894	7	3	20:42:50
1118	7	3	20:42:50
1067	7	3	20:42:50
1002	7	3	20:42:50
959	7	3	20:42:50
859	7	3	20:42:50
738	7	3	20:42:50
687	7	3	20:42:50
690	7	3	20:42:50
614	7	3	20:42:50
576	7	3	20:42:50
603	7	3	20:42:50
574	7	3	20:42:50
628	7	3	20:42:50
722	7	3	20:42:50
959	7	3	20:42:50
943	7	3	20:42:50
962	7	3	20:42:50
991	7	3	20:42:50
921	7	3	20:42:50
881	7	3	20:42:50
779	7	3	20:42:50
687	7	3	20:42:50
614	7	3	20:42:50
606	7	3	20:42:50
601	7	3	20:42:50
625	7	3	20:42:50
708	7	3	20:42:50
1105	7	3	20:42:50
981	7	3	20:42:50
951	7	3	20:42:50
924	7	3	20:42:50
873	7	3	20:42:50
811	7	3	20:42:50
749	7	3	20:42:50
684	7	3	20:42:50
655	7	3	20:42:50
609	7	3	20:42:50
606	7	3	20:42:50
587	7	3	20:42:50
625	7	3	20:42:50
722	7	3	20:42:50
983	7	3	20:42:50
999	7	3	20:42:50
935	7	3	20:42:50
937	7	3	20:42:50
876	7	3	20:42:50
838	7	3	20:42:50
787	7	3	20:42:50
668	7	3	20:42:50
636	7	3	20:42:50
590	7	3	20:42:50
609	7	3	20:42:50
606	7	3	20:42:50
673	7	3	20:42:50
859	7	3	20:42:50
1102	7	3	20:42:50
1032	7	3	20:42:50
1021	7	3	20:42:50
954	7	3	20:42:50
900	7	3	20:42:50
835	7	3	20:42:50
719	7	3	20:42:50
628	7	3	20:42:50
628	7	3	20:42:50
603	7	3	20:42:50
598	7	3	20:42:50
638	7	3	20:42:50
714	7	3	20:42:50
1107	7	3	20:42:50
1053	7	3	20:42:50
1013	7	3	20:42:50
967	7	3	20:42:50
884	7	3	20:42:50
787	7	3	20:42:50
735	7	3	20:42:50
703	7	3	20:42:50
633	7	3	20:42:50
584	7	3	20:42:50
614	7	3	20:42:50
571	7	3	20:42:50
668	7	3	20:42:50
735	7	3	20:42:50
1005	7	3	20:42:50
970	7	3	20:42:50
994	7	3	20:42:50
997	7	3	20:42:50
881	7	3	20:42:50
776	7	3	20:42:50
717	7	3	20:42:50
671	7	3	20:42:50
601	7	3	20:42:50
603	7	3	20:42:50
587	7	3	20:42:50
590	7	3	20:42:50
676	7	3	20:42:50
792	7	3	20:42:50
1051	7	3	20:42:50
1018	7	3	20:42:50
1005	7	3	20:42:50
935	7	3	20:42:50
835	7	3	20:42:50
762	7	3	20:42:50
708	7	3	20:42:50
649	7	3	20:42:50
617	7	3	20:42:50
614	7	3	20:42:50
595	7	3	20:42:50
655	7	3	20:42:50
814	7	3	20:42:50
1018	7	3	20:42:50
981	7	3	20:42:50
1045	7	3	20:42:50
986	7	3	20:42:50
905	7	3	20:42:50
835	7	3	20:42:50
714	7	3	20:42:50
614	7	3	20:42:50
625	7	3	20:42:50
603	7	3	20:42:50
617	7	3	20:42:50
646	7	3	20:42:50
784	7	3	20:42:50
1110	7	3	20:42:50
1048	7	3	20:42:50
1056	7	3	20:42:50
1008	7	3	20:42:50
956	7	3	20:42:50
849	7	3	20:42:50
762	7	3	20:42:50
757	7	3	20:42:50
703	7	3	20:42:50
628	7	3	20:42:50
614	7	3	20:42:50
601	7	3	20:42:50
593	7	3	20:42:50
657	7	3	20:42:50
733	7	3	20:42:50
1099	7	3	20:42:50
1024	7	3	20:42:50
1026	7	3	20:42:50
997	7	3	20:42:50
943	7	3	20:42:50
849	7	3	20:42:50
787	7	3	20:42:50
741	7	3	20:42:50
684	7	3	20:42:50
630	7	3	20:42:50
609	7	3	20:42:50
628	7	3	20:42:50
609	7	3	20:42:50
698	7	3	20:42:50
814	7	3	20:42:50
997	7	3	20:42:50
1010	7	3	20:42:50
1040	7	3	20:42:50
943	7	3	20:42:50
892	7	3	20:42:50
832	7	3	20:42:50
795	7	3	20:42:50
773	7	3	20:42:50
805	7	3	20:42:50
735	7	3	20:42:50
657	7	3	20:42:50
638	7	3	20:42:50
614	7	3	20:42:50
611	7	3	20:42:50
681	7	3	20:42:50
735	7	3	20:42:50
827	7	3	20:42:50
1034	7	3	20:42:50
978	7	3	20:42:50
1010	7	3	20:42:50
1034	7	3	20:42:50
970	7	3	20:42:50
913	7	3	20:42:50
902	7	3	20:42:50
803	7	3	20:42:50
797	7	3	20:42:50
749	7	3	20:42:50
770	7	3	20:42:50
708	7	3	20:42:50
660	7	3	20:42:50
625	7	3	20:42:50
611	7	3	20:42:50
628	7	3	20:42:50
638	7	3	20:42:50
681	7	3	20:42:50
1053	7	3	20:42:50
1010	7	3	20:42:50
1013	7	3	20:42:50
967	7	3	20:42:50
919	7	3	20:42:50
857	7	3	20:42:50
797	7	3	20:42:50
733	7	3	20:42:50
649	7	3	20:42:50
633	7	3	20:42:50
617	7	3	20:42:50
611	7	3	20:42:50
628	7	3	20:42:50
665	7	3	20:42:50
870	7	3	20:42:50
978	7	3	20:42:50
970	7	3	20:42:50
994	7	3	20:42:50
943	7	3	20:42:50
897	7	3	20:42:50
814	7	3	20:42:50
730	7	3	20:42:50
633	7	3	20:42:50
625	7	3	20:42:50
598	7	3	20:42:50
587	7	3	20:42:50
638	7	3	20:42:50
722	7	3	20:42:50
962	7	3	20:42:50
1013	7	3	20:42:50
1024	7	3	20:42:50
973	7	3	20:42:50
975	7	3	20:42:50
916	7	3	20:42:50
752	7	3	20:42:50
660	7	3	20:42:50
620	7	3	20:42:50
606	7	3	20:42:50
633	7	3	20:42:50
636	7	3	20:42:50
743	7	3	20:42:50
1008	7	3	20:42:50
1075	7	3	20:42:50
962	7	3	20:42:50
948	7	3	20:42:50
900	7	3	20:42:50
797	7	3	20:42:50
741	7	3	20:42:50
690	7	3	20:42:50
638	7	3	20:42:50
603	7	3	20:42:50
593	7	3	20:42:50
633	7	3	20:42:50
649	7	3	20:42:50
946	7	3	20:42:50
897	7	3	20:42:50
1086	7	3	20:42:50
1037	7	3	20:42:50
978	7	3	20:42:50
884	7	3	20:42:50
805	7	3	20:42:50
752	7	3	20:42:50
649	7	3	20:42:50
622	7	3	20:42:50
630	7	3	20:42:50
611	7	3	20:42:50
636	7	3	20:42:50
681	7	3	20:42:50
916	7	3	20:42:50
994	7	3	20:42:50
994	7	3	20:42:50
935	7	3	20:42:50
897	7	3	20:42:50
843	7	3	20:42:50
765	7	3	20:42:50
768	7	3	20:42:50
730	7	3	20:42:50
641	7	3	20:42:50
646	7	3	20:42:50
620	7	3	20:42:50
598	7	3	20:42:50
641	7	3	20:42:50
687	7	3	20:42:50
894	7	3	20:42:50
986	7	3	20:42:50
989	7	3	20:42:50
997	7	3	20:42:50
894	7	3	20:42:50
870	7	3	20:42:50
814	7	3	20:42:50
787	7	3	20:42:50
738	7	3	20:42:50
652	7	3	20:42:50
652	7	3	20:42:50
617	7	3	20:42:50
622	7	3	20:42:50
663	7	3	20:42:50
776	7	3	20:42:50
994	7	3	20:42:50
1091	7	3	20:42:50
1016	7	3	20:42:50
959	7	3	20:42:50
889	7	3	20:42:50
803	7	3	20:42:50
754	7	3	20:42:50
657	7	3	20:42:50
611	7	3	20:42:50
622	7	3	20:42:50
620	7	3	20:42:50
636	7	3	20:42:50
730	7	3	20:42:50
851	7	3	20:42:50
1067	7	3	20:42:50
1018	7	3	20:42:50
1034	7	3	20:42:50
1002	7	3	20:42:50
924	7	3	20:42:50
835	7	3	20:42:50
741	7	3	20:42:50
754	7	3	20:42:50
700	7	3	20:42:50
636	7	3	20:42:50
590	7	3	20:42:50
617	7	3	20:42:50
609	7	3	20:42:50
673	7	3	20:42:50
714	7	3	20:42:50
986	7	3	20:42:50
1005	7	3	20:42:50
1059	7	3	20:42:50
1021	7	3	20:42:50
943	7	3	20:42:50
811	7	3	20:42:50
717	7	3	20:42:50
698	7	3	20:42:50
695	7	3	20:42:50
620	7	3	20:42:50
609	7	3	20:42:50
593	7	3	20:42:50
587	7	3	20:42:50
633	7	3	20:42:50
719	7	3	20:42:50
840	7	3	20:42:50
989	7	3	20:42:50
1080	7	3	20:42:50
999	7	3	20:42:50
986	7	3	20:42:50
892	7	3	20:42:50
814	7	3	20:42:50
762	7	3	20:42:50
733	7	3	20:42:50
708	7	3	20:42:50
673	7	3	20:42:50
652	7	3	20:42:50
614	7	3	20:42:50
611	7	3	20:42:50
595	7	3	20:42:50
606	7	3	20:42:50
679	7	3	20:42:50
714	7	3	20:42:50
754	7	3	20:42:50
862	7	3	20:42:50
962	7	3	20:42:50
951	7	3	20:42:50
989	7	3	20:42:50
948	7	3	20:42:50
894	7	3	20:42:50
789	7	3	20:42:50
714	7	3	20:42:50
687	7	3	20:42:50
698	7	3	20:42:50
638	7	3	20:42:50
609	7	3	20:42:50
628	7	3	20:42:50
587	7	3	20:42:50
617	7	3	20:42:50
649	7	3	20:42:50
708	7	3	20:42:50
876	7	3	20:42:50
997	7	3	20:42:50
1026	7	3	20:42:50
1013	7	3	20:42:50
946	7	3	20:42:50
846	7	3	20:42:50
784	7	3	20:42:50
717	7	3	20:42:50
679	7	3	20:42:50
641	7	3	20:42:50
633	7	3	20:42:50
601	7	3	20:42:50
625	7	3	20:42:50
638	7	3	20:42:50
692	7	3	20:42:50
838	7	3	20:42:50
994	7	3	20:42:50
1115	7	3	20:42:50
1072	7	3	20:42:50
1051	7	3	20:42:50
927	7	3	20:42:50
819	7	3	20:42:50
808	7	3	20:42:50
779	7	3	20:42:50
765	7	3	20:42:50
706	7	3	20:42:50
655	7	3	20:42:50
614	7	3	20:42:50
617	7	3	20:42:50
636	7	3	20:42:50
646	7	3	20:42:50
714	7	3	20:42:50
830	7	3	20:42:50
924	7	3	20:42:50
981	7	3	20:42:50
1075	7	3	20:42:50
1059	7	3	20:42:50
1002	7	3	20:42:50
954	7	3	20:42:50
862	7	3	20:42:50
757	7	3	20:42:50
722	7	3	20:42:50
719	7	3	20:42:50
663	7	3	20:42:50
622	7	3	20:42:50
622	7	3	20:42:50
598	7	3	20:42:50
603	7	3	20:42:50
671	7	3	20:42:50
708	7	3	20:42:50
805	7	3	20:42:50
948	7	3	20:42:50
897	7	3	20:42:50
1137	7	3	20:42:50
1043	7	3	20:42:50
986	7	3	20:42:50
873	7	3	20:42:50
754	7	3	20:42:50
725	7	3	20:42:50
703	7	3	20:42:50
684	7	3	20:42:50
700	7	3	20:42:50
641	7	3	20:42:50
617	7	3	20:42:50
628	7	3	20:42:50
611	7	3	20:42:50
630	7	3	20:42:50
679	7	3	20:42:50
717	7	3	20:42:50
776	7	3	20:42:50
964	7	3	20:42:50
1118	7	3	20:42:50
1053	7	3	20:42:50
1016	7	3	20:42:50
921	7	3	20:42:50
849	7	3	20:42:50
808	7	3	20:42:50
824	7	3	20:42:50
824	7	3	20:42:50
789	7	3	20:42:50
757	7	3	20:42:50
757	7	3	20:42:50
663	7	3	20:42:50
633	7	3	20:42:50
633	7	3	20:42:50
606	7	3	20:42:50
633	7	3	20:42:50
714	7	3	20:42:50
835	7	3	20:42:50
962	7	3	20:42:50
1113	7	3	20:42:50
1061	7	3	20:42:50
1045	7	3	20:42:50
978	7	3	20:42:50
884	7	3	20:42:50
797	7	3	20:42:50
760	7	3	20:42:50
730	7	3	20:42:50
690	7	3	20:42:50
633	7	3	20:42:50
606	7	3	20:42:50
625	7	3	20:42:50
609	7	3	20:42:50
676	7	3	20:42:50
754	7	3	20:42:50
830	7	3	20:42:50
997	7	3	20:42:50
1094	7	3	20:42:50
1045	7	3	20:42:50
1026	7	3	20:42:50
970	7	3	20:42:50
859	7	3	20:42:50
762	7	3	20:42:50
714	7	3	20:42:50
738	7	3	20:42:50
706	7	3	20:42:50
703	7	3	20:42:50
671	7	3	20:42:50
630	7	3	20:42:50
617	7	3	20:42:50
628	7	3	20:42:50
625	7	3	20:42:50
641	7	3	20:42:50
703	7	3	20:42:50
803	7	3	20:42:50
1024	7	3	20:42:50
1078	7	3	20:42:50
999	7	3	20:42:50
894	7	3	20:42:50
838	7	3	20:42:50
733	7	3	20:42:50
706	7	3	20:42:50
644	7	3	20:42:50
601	7	3	20:42:50
617	7	3	20:42:50
611	7	3	20:42:50
655	7	3	20:42:50
725	7	3	20:42:50
757	7	3	20:42:50
835	7	3	20:42:50
1067	7	3	20:42:50
1080	7	3	20:42:50
962	7	3	20:42:50
911	7	3	20:42:50
805	7	3	20:42:50
749	7	3	20:42:50
725	7	3	20:42:50
641	7	3	20:42:50
606	7	3	20:42:50
625	7	3	20:42:50
603	7	3	20:42:50
625	7	3	20:42:50
673	7	3	20:42:50
719	7	3	20:42:50
854	7	3	20:42:50
1013	7	3	20:42:50
1048	7	3	20:42:50
994	7	3	20:42:50
900	7	3	20:42:50
811	7	3	20:42:50
746	7	3	20:42:50
738	7	3	20:42:50
649	7	3	20:42:50
633	7	3	20:42:50
603	7	3	20:42:50
598	7	3	20:42:50
628	7	3	20:42:50
668	7	3	20:42:50
999	7	3	20:42:50
1032	7	3	20:42:50
1102	7	3	20:42:50
1037	7	3	20:42:50
911	7	3	20:42:50
878	7	3	20:42:50
830	7	3	20:42:50
738	7	3	20:42:50
641	7	3	20:42:50
606	7	3	20:42:50
625	7	3	20:42:50
606	7	3	20:42:50
646	7	3	20:42:50
725	7	3	20:42:50
929	7	3	20:42:50
1072	7	3	20:42:50
1064	7	3	20:42:50
1048	7	3	20:42:50
973	7	3	20:42:50
862	7	3	20:42:50
787	7	3	20:42:50
730	7	3	20:42:50
641	7	3	20:42:50
641	7	3	20:42:50
595	7	3	20:42:50
617	7	3	20:42:50
622	7	3	20:42:50
668	7	3	20:42:50
773	7	3	20:42:50
1091	7	3	20:42:50
1126	7	3	20:42:50
1096	7	3	20:42:50
1016	7	3	20:42:50
929	7	3	20:42:50
849	7	3	20:42:50
816	7	3	20:42:50
762	7	3	20:42:50
692	7	3	20:42:50
622	7	3	20:42:50
633	7	3	20:42:50
603	7	3	20:42:50
633	7	3	20:42:50
652	7	3	20:42:50
676	7	3	20:42:50
738	7	3	20:42:50
840	7	3	20:42:50
1083	7	3	20:42:50
1048	7	3	20:42:50
1026	7	3	20:42:50
916	7	3	20:42:50
832	7	3	20:42:50
749	7	3	20:42:50
733	7	3	20:42:50
722	7	3	20:42:50
784	7	3	20:42:50
743	7	3	20:42:50
679	7	3	20:42:50
638	7	3	20:42:50
611	7	3	20:42:50
601	7	3	20:42:50
630	7	3	20:42:50
638	7	3	20:42:50
676	7	3	20:42:50
746	7	3	20:42:50
784	7	3	20:42:50
967	7	3	20:42:50
921	7	3	20:42:50
951	7	3	20:42:50
1099	7	3	20:42:50
1053	7	3	20:42:50
1037	7	3	20:42:50
902	7	3	20:42:50
797	7	3	20:42:50
743	7	3	20:42:50
722	7	3	20:42:50
695	7	3	20:42:50
719	7	3	20:42:50
708	7	3	20:42:50
725	7	3	20:42:50
681	7	3	20:42:50
609	7	3	20:42:50
641	7	3	20:42:50
593	7	3	20:42:50
617	7	3	20:42:50
665	7	3	20:42:50
684	7	3	20:42:50
792	7	3	20:42:50
964	7	3	20:42:50
943	7	3	20:42:50
1064	7	3	20:42:50
1061	7	3	20:42:50
973	7	3	20:42:50
900	7	3	20:42:50
770	7	3	20:42:50
711	7	3	20:42:50
690	7	3	20:42:50
690	7	3	20:42:50
649	7	3	20:42:50
628	7	3	20:42:50
630	7	3	20:42:50
609	7	3	20:42:50
595	7	3	20:42:50
633	7	3	20:42:50
660	7	3	20:42:50
711	7	3	20:42:50
762	7	3	20:42:50
827	7	3	20:42:50
994	7	3	20:42:50
986	7	3	20:42:50
999	7	3	20:42:50
1005	7	3	20:42:50
900	7	3	20:42:50
811	7	3	20:42:50
733	7	3	20:42:50
743	7	3	20:42:50
725	7	3	20:42:50
719	7	3	20:42:50
681	7	3	20:42:50
641	7	3	20:42:50
601	7	3	20:42:50
620	7	3	20:42:50
614	7	3	20:42:50
630	7	3	20:42:50
703	7	3	20:42:50
760	7	3	20:42:50
1005	7	3	20:42:50
1013	7	3	20:42:50
1040	7	3	20:42:50
999	7	3	20:42:50
905	7	3	20:42:50
865	7	3	20:42:50
795	7	3	20:42:50
717	7	3	20:42:50
644	7	3	20:42:50
625	7	3	20:42:50
630	7	3	20:42:50
617	7	3	20:42:50
609	7	3	20:42:50
679	7	3	20:42:50
719	7	3	20:42:50
1018	7	3	20:42:50
1088	7	3	20:42:50
1040	7	3	20:42:50
983	7	3	20:42:50
916	7	3	20:42:50
827	7	3	20:42:50
717	7	3	20:42:50
671	7	3	20:42:50
638	7	3	20:42:50
601	7	3	20:42:50
630	7	3	20:42:50
641	7	3	20:42:50
673	7	3	20:42:50
900	7	3	20:42:50
1051	7	3	20:42:50
1053	7	3	20:42:50
1005	7	3	20:42:50
924	7	3	20:42:50
846	7	3	20:42:50
776	7	3	20:42:50
738	7	3	20:42:50
749	7	3	20:42:50
733	7	3	20:42:50
657	7	3	20:42:50
625	7	3	20:42:50
644	7	3	20:42:50
652	7	3	20:42:50
660	7	3	20:42:50
708	7	3	20:42:50
733	7	3	20:42:50
789	7	3	20:42:50
849	7	3	20:42:50
940	7	3	20:42:50
919	7	3	20:42:50
1193	7	3	20:42:50
1132	7	3	20:42:50
1008	7	3	20:42:50
959	7	3	20:42:50
843	7	3	20:42:50
754	7	3	20:42:50
741	7	3	20:42:50
663	7	3	20:42:50
620	7	3	20:42:50
630	7	3	20:42:50
603	7	3	20:42:50
622	7	3	20:42:50
663	7	3	20:42:50
752	7	3	20:42:50
959	7	3	20:42:50
1134	7	3	20:42:50
1086	7	3	20:42:50
999	7	3	20:42:50
908	7	3	20:42:50
835	7	3	20:42:50
738	7	3	20:42:50
717	7	3	20:42:50
673	7	3	20:42:50
652	7	3	20:42:50
681	7	3	20:42:50
633	7	3	20:42:50
603	7	3	20:42:50
625	7	3	20:42:50
587	7	3	20:42:50
628	7	3	20:42:50
665	7	3	20:42:50
741	7	3	20:42:50
800	7	3	20:42:50
951	7	3	20:42:50
902	7	3	20:42:50
1134	7	3	20:42:50
1075	7	3	20:42:50
989	7	3	20:42:50
919	7	3	20:42:50
789	7	3	20:42:50
722	7	3	20:42:50
698	7	3	20:42:50
684	7	3	20:42:50
687	7	3	20:42:50
706	7	3	20:42:50
711	7	3	20:42:50
725	7	3	20:42:50
652	7	3	20:42:50
620	7	3	20:42:50
630	7	3	20:42:50
601	7	3	20:42:50
625	7	3	20:42:50
676	7	3	20:42:50
706	7	3	20:42:50
884	7	3	20:42:50
948	7	3	20:42:50
924	7	3	20:42:50
1107	7	3	20:42:50
1056	7	3	20:42:50
967	7	3	20:42:50
859	7	3	20:42:50
746	7	3	20:42:50
663	7	3	20:42:50
622	7	3	20:42:50
625	7	3	20:42:50
630	7	3	20:42:50
641	7	3	20:42:50
673	7	3	20:42:50
695	7	3	20:42:50
700	7	3	20:42:50
668	7	3	20:42:50
630	7	3	20:42:50
603	7	3	20:42:50
630	7	3	20:42:50
646	7	3	20:42:50
711	7	3	20:42:50
768	7	3	20:42:50
760	7	3	20:42:50
776	7	3	20:42:50
884	7	3	20:42:50
994	7	3	20:42:50
948	7	3	20:42:50
1094	7	3	20:42:50
1080	7	3	20:42:50
1043	7	3	20:42:50
978	7	3	20:42:50
876	7	3	20:42:50
859	7	3	20:42:50
776	7	3	20:42:50
797	7	3	20:42:50
754	7	3	20:42:50
752	7	3	20:42:50
743	7	3	20:42:50
684	7	3	20:42:50
617	7	3	20:42:50
614	7	3	20:42:50
636	7	3	20:42:50
646	7	3	20:42:50
711	7	3	20:42:50
803	7	3	20:42:50
862	7	3	20:42:50
981	7	3	20:42:50
956	7	3	20:42:50
916	7	3	20:42:50
954	7	3	20:42:50
1048	7	3	20:42:50
1040	7	3	20:42:50
1016	7	3	20:42:50
905	7	3	20:42:50
822	7	3	20:42:50
749	7	3	20:42:50
722	7	3	20:42:50
741	7	3	20:42:50
692	7	3	20:42:50
671	7	3	20:42:50
655	7	3	20:42:50
620	7	3	20:42:50
609	7	3	20:42:50
622	7	3	20:42:50
611	7	3	20:42:50
655	7	3	20:42:50
676	7	3	20:42:50
719	7	3	20:42:50
760	7	3	20:42:50
884	7	3	20:42:50
913	7	3	20:42:50
932	7	3	20:42:50
1061	7	3	20:42:50
1026	7	3	20:42:50
937	7	3	20:42:50
835	7	3	20:42:50
765	7	3	20:42:50
708	7	3	20:42:50
725	7	3	20:42:50
692	7	3	20:42:50
633	7	3	20:42:50
625	7	3	20:42:50
614	7	3	20:42:50
746	7	3	20:42:50
991	7	3	20:42:50
919	7	3	20:42:50
892	7	3	20:42:50
892	7	3	20:42:50
832	7	3	20:42:50
811	7	3	20:42:50
765	7	3	20:42:50
770	7	3	20:42:50
768	7	3	20:42:50
676	7	3	20:42:50
622	7	3	20:42:50
638	7	3	20:42:50
628	7	3	20:42:50
644	7	3	20:42:50
752	7	3	20:42:50
776	7	3	20:42:50
970	7	3	20:42:50
1134	7	3	20:42:50
1053	7	3	20:42:50
1013	7	3	20:42:50
913	7	3	20:42:50
814	7	3	20:42:50
743	7	3	20:42:50
681	7	3	20:42:50
663	7	3	20:42:50
625	7	3	20:42:50
611	7	3	20:42:50
644	7	3	20:42:50
655	7	3	20:42:50
684	7	3	20:42:50
738	7	3	20:42:50
862	7	3	20:42:50
983	7	3	20:42:50
902	7	3	20:42:50
924	7	3	20:42:50
1096	7	3	20:42:50
986	7	3	20:42:50
962	7	3	20:42:50
862	7	3	20:42:50
765	7	3	20:42:50
749	7	3	20:42:50
657	7	3	20:42:50
620	7	3	20:42:50
630	7	3	20:42:50
606	7	3	20:42:50
614	7	3	20:42:50
684	7	3	20:42:50
695	7	3	20:42:50
814	7	3	20:42:50
867	7	3	20:42:50
975	7	3	20:42:50
1029	7	3	20:42:50
1094	7	3	20:42:50
1032	7	3	20:42:50
973	7	3	20:42:50
873	7	3	20:42:50
792	7	3	20:42:50
754	7	3	20:42:50
681	7	3	20:42:50
644	7	3	20:42:50
628	7	3	20:42:50
593	7	3	20:42:50
630	7	3	20:42:50
652	7	3	20:42:50
719	7	3	20:42:50
803	7	3	20:42:50
1088	7	3	20:42:50
1110	7	3	20:42:50
1080	7	3	20:42:50
948	7	3	20:42:50
800	7	3	20:42:50
768	7	3	20:42:50
762	7	3	20:42:50
695	7	3	20:42:50
652	7	3	20:42:50
622	7	3	20:42:50
601	7	3	20:42:50
620	7	3	20:42:50
636	7	3	20:42:50
706	7	3	20:42:50
792	7	3	20:42:50
905	7	3	20:42:50
1018	7	3	20:42:50
1067	7	3	20:42:50
1032	7	3	20:42:50
935	7	3	20:42:50
838	7	3	20:42:50
760	7	3	20:42:50
760	7	3	20:42:50
690	7	3	20:42:50
655	7	3	20:42:50
609	7	3	20:42:50
625	7	3	20:42:50
606	7	3	20:42:50
630	7	3	20:42:50
703	7	3	20:42:50
862	7	3	20:42:50
1040	7	3	20:42:50
1067	7	3	20:42:50
1086	7	3	20:42:50
989	7	3	20:42:50
900	7	3	20:42:50
824	7	3	20:42:50
754	7	3	20:42:50
676	7	3	20:42:50
665	7	3	20:42:50
633	7	3	20:42:50
614	7	3	20:42:50
641	7	3	20:42:50
663	7	3	20:42:50
779	7	3	20:42:50
1121	7	3	20:42:50
1075	7	3	20:42:50
1067	7	3	20:42:50
973	7	3	20:42:50
889	7	3	20:42:50
789	7	3	20:42:50
811	7	3	20:42:50
822	7	3	20:42:50
779	7	3	20:42:50
781	7	3	20:42:50
717	7	3	20:42:50
671	7	3	20:42:50
641	7	3	20:42:50
636	7	3	20:42:50
633	7	3	20:42:50
652	7	3	20:42:50
725	7	3	20:42:50
749	7	3	20:42:50
870	7	3	20:42:50
954	7	3	20:42:50
1164	7	3	20:42:50
1123	7	3	20:42:50
1026	7	3	20:42:50
951	7	3	20:42:50
851	7	3	20:42:50
776	7	3	20:42:50
787	7	3	20:42:50
722	7	3	20:42:50
671	7	3	20:42:50
630	7	3	20:42:50
622	7	3	20:42:50
638	7	3	20:42:50
652	7	3	20:42:50
719	7	3	20:42:50
787	7	3	20:42:50
835	7	3	20:42:50
959	7	3	20:42:50
929	7	3	20:42:50
935	7	3	20:42:50
1169	7	3	20:42:50
1059	7	3	20:42:50
1018	7	3	20:42:50
943	7	3	20:42:50
811	7	3	20:42:50
746	7	3	20:42:50
741	7	3	20:42:50
762	7	3	20:42:50
776	7	3	20:42:50
717	7	3	20:42:50
681	7	3	20:42:50
646	7	3	20:42:50
622	7	3	20:42:50
636	7	3	20:42:50
630	7	3	20:42:50
649	7	3	20:42:50
738	7	3	20:42:50
795	7	3	20:42:50
970	7	3	20:42:50
943	7	3	20:42:50
916	7	3	20:42:50
932	7	3	20:42:50
1172	7	3	20:42:50
1142	7	3	20:42:50
1083	7	3	20:42:50
986	7	3	20:42:50
814	7	3	20:42:50
746	7	3	20:42:50
722	7	3	20:42:50
730	7	3	20:42:50
700	7	3	20:42:50
681	7	3	20:42:50
655	7	3	20:42:50
638	7	3	20:42:50
606	7	3	20:42:50
625	7	3	20:42:50
638	7	3	20:42:50
673	7	3	20:42:50
773	7	3	20:42:50
959	7	3	20:42:50
1078	7	3	20:42:50
1121	7	3	20:42:50
1048	7	3	20:42:50
935	7	3	20:42:50
894	7	3	20:42:50
792	7	3	20:42:50
676	7	3	20:42:50
636	7	3	20:42:50
644	7	3	20:42:50
617	7	3	20:42:50
620	7	3	20:42:50
673	7	3	20:42:50
698	7	3	20:42:50
843	7	3	20:42:50
1010	7	3	20:42:50
1056	7	3	20:42:50
1032	7	3	20:42:50
1005	7	3	20:42:50
932	7	3	20:42:50
838	7	3	20:42:50
776	7	3	20:42:50
711	7	3	20:42:50
652	7	3	20:42:50
641	7	3	20:42:50
633	7	3	20:42:50
601	7	3	20:42:50
630	7	3	20:42:50
673	7	3	20:42:50
609	8	3	19:53:08
741	8	3	19:53:08
1034	8	3	19:53:08
1037	8	3	19:53:08
951	8	3	19:53:08
894	8	3	19:53:08
768	8	3	19:53:08
717	8	3	19:53:08
684	8	3	19:53:08
655	8	3	19:53:08
606	8	3	19:53:08
595	8	3	19:53:08
620	8	3	19:53:08
571	8	3	19:53:08
646	8	3	19:53:08
708	8	3	19:53:08
1045	8	3	19:53:08
967	8	3	19:53:08
916	8	3	19:53:08
908	8	3	19:53:08
752	8	3	19:53:08
730	8	3	19:53:08
681	8	3	19:53:08
633	8	3	19:53:08
633	8	3	19:53:08
606	8	3	19:53:08
590	8	3	19:53:08
644	8	3	19:53:08
660	8	3	19:53:08
787	8	3	19:53:08
1010	8	3	19:53:08
1029	8	3	19:53:08
986	8	3	19:53:08
913	8	3	19:53:08
865	8	3	19:53:08
797	8	3	19:53:08
722	8	3	19:53:08
646	8	3	19:53:08
655	8	3	19:53:08
593	8	3	19:53:08
614	8	3	19:53:08
657	8	3	19:53:08
1061	8	3	19:53:08
1032	8	3	19:53:08
1026	8	3	19:53:08
1037	8	3	19:53:08
964	8	3	19:53:08
838	8	3	19:53:08
743	8	3	19:53:08
700	8	3	19:53:08
644	8	3	19:53:08
617	8	3	19:53:08
628	8	3	19:53:08
614	8	3	19:53:08
684	8	3	19:53:08
840	8	3	19:53:08
1053	8	3	19:53:08
1045	8	3	19:53:08
1018	8	3	19:53:08
983	8	3	19:53:08
954	8	3	19:53:08
819	8	3	19:53:08
698	8	3	19:53:08
646	8	3	19:53:08
641	8	3	19:53:08
603	8	3	19:53:08
590	8	3	19:53:08
665	8	3	19:53:08
757	8	3	19:53:08
1072	8	3	19:53:08
1016	8	3	19:53:08
1008	8	3	19:53:08
1048	8	3	19:53:08
951	8	3	19:53:08
808	8	3	19:53:08
692	8	3	19:53:08
665	8	3	19:53:08
609	8	3	19:53:08
620	8	3	19:53:08
614	8	3	19:53:08
638	8	3	19:53:08
1118	8	3	19:53:08
1008	8	3	19:53:08
1013	8	3	19:53:08
1018	8	3	19:53:08
1016	8	3	19:53:08
962	8	3	19:53:08
805	8	3	19:53:08
714	8	3	19:53:08
652	8	3	19:53:08
617	8	3	19:53:08
630	8	3	19:53:08
620	8	3	19:53:08
711	8	3	19:53:08
1150	8	3	19:53:08
1070	8	3	19:53:08
1061	8	3	19:53:08
1026	8	3	19:53:08
978	8	3	19:53:08
962	8	3	19:53:08
765	8	3	19:53:08
687	8	3	19:53:08
638	8	3	19:53:08
620	8	3	19:53:08
655	8	3	19:53:08
695	8	3	19:53:08
1091	8	3	19:53:08
1051	8	3	19:53:08
1059	8	3	19:53:08
1051	8	3	19:53:08
962	8	3	19:53:08
892	8	3	19:53:08
738	8	3	19:53:08
671	8	3	19:53:08
671	8	3	19:53:08
611	8	3	19:53:08
638	8	3	19:53:08
663	8	3	19:53:08
830	8	3	19:53:08
1102	8	3	19:53:08
1056	8	3	19:53:08
1043	8	3	19:53:08
1026	8	3	19:53:08
970	8	3	19:53:08
840	8	3	19:53:08
692	8	3	19:53:08
681	8	3	19:53:08
649	8	3	19:53:08
622	8	3	19:53:08
663	8	3	19:53:08
655	8	3	19:53:08
1075	8	3	19:53:08
1018	8	3	19:53:08
1024	8	3	19:53:08
1021	8	3	19:53:08
962	8	3	19:53:08
886	8	3	19:53:08
762	8	3	19:53:08
703	8	3	19:53:08
657	8	3	19:53:08
633	8	3	19:53:08
649	8	3	19:53:08
646	8	3	19:53:08
665	8	3	19:53:08
770	8	3	19:53:08
1070	8	3	19:53:08
1034	8	3	19:53:08
1021	8	3	19:53:08
989	8	3	19:53:08
851	8	3	19:53:08
811	8	3	19:53:08
700	8	3	19:53:08
649	8	3	19:53:08
657	8	3	19:53:08
633	8	3	19:53:08
665	8	3	19:53:08
692	8	3	19:53:08
1118	8	3	19:53:08
1083	8	3	19:53:08
1086	8	3	19:53:08
1024	8	3	19:53:08
956	8	3	19:53:08
859	8	3	19:53:08
717	8	3	19:53:08
649	8	3	19:53:08
657	8	3	19:53:08
625	8	3	19:53:08
622	8	3	19:53:08
679	8	3	19:53:08
719	8	3	19:53:08
1156	8	3	19:53:08
1056	8	3	19:53:08
1053	8	3	19:53:08
1032	8	3	19:53:08
913	8	3	19:53:08
843	8	3	19:53:08
725	8	3	19:53:08
690	8	3	19:53:08
655	8	3	19:53:08
617	8	3	19:53:08
636	8	3	19:53:08
641	8	3	19:53:08
668	8	3	19:53:08
1134	8	3	19:53:08
1024	8	3	19:53:08
1018	8	3	19:53:08
989	8	3	19:53:08
886	8	3	19:53:08
792	8	3	19:53:08
733	8	3	19:53:08
671	8	3	19:53:08
636	8	3	19:53:08
655	8	3	19:53:08
614	8	3	19:53:08
633	8	3	19:53:08
646	8	3	19:53:08
843	8	3	19:53:08
1078	8	3	19:53:08
1032	8	3	19:53:08
1032	8	3	19:53:08
978	8	3	19:53:08
830	8	3	19:53:08
733	8	3	19:53:08
692	8	3	19:53:08
657	8	3	19:53:08
622	8	3	19:53:08
652	8	3	19:53:08
633	8	3	19:53:08
673	8	3	19:53:08
1142	8	3	19:53:08
1064	8	3	19:53:08
1029	8	3	19:53:08
1002	8	3	19:53:08
854	8	3	19:53:08
805	8	3	19:53:08
711	8	3	19:53:08
652	8	3	19:53:08
655	8	3	19:53:08
628	8	3	19:53:08
622	8	3	19:53:08
646	8	3	19:53:08
655	8	3	19:53:08
741	8	3	19:53:08
1075	8	3	19:53:08
1034	8	3	19:53:08
1024	8	3	19:53:08
975	8	3	19:53:08
921	8	3	19:53:08
797	8	3	19:53:08
711	8	3	19:53:08
663	8	3	19:53:08
636	8	3	19:53:08
646	8	3	19:53:08
638	8	3	19:53:08
649	8	3	19:53:08
878	8	3	19:53:08
1072	8	3	19:53:08
1010	8	3	19:53:08
1024	8	3	19:53:08
970	8	3	19:53:08
876	8	3	19:53:08
749	8	3	19:53:08
687	8	3	19:53:08
660	8	3	19:53:08
663	8	3	19:53:08
633	8	3	19:53:08
676	8	3	19:53:08
749	8	3	19:53:08
1123	8	3	19:53:08
1045	8	3	19:53:08
1032	8	3	19:53:08
981	8	3	19:53:08
867	8	3	19:53:08
779	8	3	19:53:08
687	8	3	19:53:08
668	8	3	19:53:08
633	8	3	19:53:08
625	8	3	19:53:08
687	8	3	19:53:08
832	8	3	19:53:08
1185	8	3	19:53:08
1145	8	3	19:53:08
1096	8	3	19:53:08
1043	8	3	19:53:08
975	8	3	19:53:08
827	8	3	19:53:08
733	8	3	19:53:08
660	8	3	19:53:08
644	8	3	19:53:08
646	8	3	19:53:08
641	8	3	19:53:08
663	8	3	19:53:08
690	8	3	19:53:08
1126	8	3	19:53:08
1067	8	3	19:53:08
1080	8	3	19:53:08
1037	8	3	19:53:08
986	8	3	19:53:08
805	8	3	19:53:08
679	8	3	19:53:08
652	8	3	19:53:08
655	8	3	19:53:08
625	8	3	19:53:08
646	8	3	19:53:08
725	8	3	19:53:08
1204	8	3	19:53:08
1086	8	3	19:53:08
1064	8	3	19:53:08
1029	8	3	19:53:08
962	8	3	19:53:08
851	8	3	19:53:08
722	8	3	19:53:08
657	8	3	19:53:08
638	8	3	19:53:08
652	8	3	19:53:08
625	8	3	19:53:08
671	8	3	19:53:08
779	8	3	19:53:08
1169	8	3	19:53:08
1083	8	3	19:53:08
1059	8	3	19:53:08
1037	8	3	19:53:08
994	8	3	19:53:08
862	8	3	19:53:08
730	8	3	19:53:08
676	8	3	19:53:08
644	8	3	19:53:08
660	8	3	19:53:08
649	8	3	19:53:08
673	8	3	19:53:08
1102	8	3	19:53:08
1018	8	3	19:53:08
1002	8	3	19:53:08
1034	8	3	19:53:08
911	8	3	19:53:08
822	8	3	19:53:08
714	8	3	19:53:08
676	8	3	19:53:08
668	8	3	19:53:08
636	8	3	19:53:08
636	8	3	19:53:08
657	8	3	19:53:08
703	8	3	19:53:08
1169	8	3	19:53:08
1086	8	3	19:53:08
1078	8	3	19:53:08
1043	8	3	19:53:08
951	8	3	19:53:08
795	8	3	19:53:08
700	8	3	19:53:08
660	8	3	19:53:08
660	8	3	19:53:08
633	8	3	19:53:08
628	8	3	19:53:08
676	8	3	19:53:08
700	8	3	19:53:08
1148	8	3	19:53:08
1056	8	3	19:53:08
1037	8	3	19:53:08
973	8	3	19:53:08
946	8	3	19:53:08
768	8	3	19:53:08
687	8	3	19:53:08
687	8	3	19:53:08
636	8	3	19:53:08
641	8	3	19:53:08
655	8	3	19:53:08
646	8	3	19:53:08
679	8	3	19:53:08
779	8	3	19:53:08
1088	8	3	19:53:08
1018	8	3	19:53:08
991	8	3	19:53:08
921	8	3	19:53:08
776	8	3	19:53:08
717	8	3	19:53:08
692	8	3	19:53:08
652	8	3	19:53:08
628	8	3	19:53:08
636	8	3	19:53:08
628	8	3	19:53:08
649	8	3	19:53:08
703	8	3	19:53:08
1045	8	3	19:53:08
999	8	3	19:53:08
1059	8	3	19:53:08
1005	8	3	19:53:08
946	8	3	19:53:08
816	8	3	19:53:08
706	8	3	19:53:08
657	8	3	19:53:08
657	8	3	19:53:08
630	8	3	19:53:08
628	8	3	19:53:08
684	8	3	19:53:08
773	8	3	19:53:08
1126	8	3	19:53:08
1029	8	3	19:53:08
1080	8	3	19:53:08
975	8	3	19:53:08
902	8	3	19:53:08
741	8	3	19:53:08
668	8	3	19:53:08
673	8	3	19:53:08
646	8	3	19:53:08
660	8	3	19:53:08
671	8	3	19:53:08
698	8	3	19:53:08
1156	8	3	19:53:08
1064	8	3	19:53:08
1008	8	3	19:53:08
959	8	3	19:53:08
851	8	3	19:53:08
768	8	3	19:53:08
703	8	3	19:53:08
665	8	3	19:53:08
628	8	3	19:53:08
649	8	3	19:53:08
652	8	3	19:53:08
671	8	3	19:53:08
800	8	3	19:53:08
1158	8	3	19:53:08
1102	8	3	19:53:08
1064	8	3	19:53:08
1029	8	3	19:53:08
876	8	3	19:53:08
773	8	3	19:53:08
735	8	3	19:53:08
657	8	3	19:53:08
646	8	3	19:53:08
668	8	3	19:53:08
660	8	3	19:53:08
676	8	3	19:53:08
1153	8	3	19:53:08
1110	8	3	19:53:08
1045	8	3	19:53:08
1070	8	3	19:53:08
1032	8	3	19:53:08
905	8	3	19:53:08
760	8	3	19:53:08
708	8	3	19:53:08
684	8	3	19:53:08
638	8	3	19:53:08
649	8	3	19:53:08
660	8	3	19:53:08
698	8	3	19:53:08
1158	8	3	19:53:08
1056	8	3	19:53:08
1078	8	3	19:53:08
1016	8	3	19:53:08
854	8	3	19:53:08
738	8	3	19:53:08
703	8	3	19:53:08
665	8	3	19:53:08
649	8	3	19:53:08
663	8	3	19:53:08
646	8	3	19:53:08
676	8	3	19:53:08
760	8	3	19:53:08
1083	8	3	19:53:08
1013	8	3	19:53:08
962	8	3	19:53:08
956	8	3	19:53:08
959	8	3	19:53:08
819	8	3	19:53:08
711	8	3	19:53:08
663	8	3	19:53:08
663	8	3	19:53:08
636	8	3	19:53:08
644	8	3	19:53:08
684	8	3	19:53:08
1180	8	3	19:53:08
1070	8	3	19:53:08
1096	8	3	19:53:08
1002	8	3	19:53:08
956	8	3	19:53:08
840	8	3	19:53:08
741	8	3	19:53:08
668	8	3	19:53:08
649	8	3	19:53:08
660	8	3	19:53:08
657	8	3	19:53:08
725	8	3	19:53:08
1164	8	3	19:53:08
1037	8	3	19:53:08
973	8	3	19:53:08
1078	8	3	19:53:08
1010	8	3	19:53:08
921	8	3	19:53:08
779	8	3	19:53:08
708	8	3	19:53:08
673	8	3	19:53:08
641	8	3	19:53:08
655	8	3	19:53:08
671	8	3	19:53:08
722	8	3	19:53:08
1142	8	3	19:53:08
1021	8	3	19:53:08
1083	8	3	19:53:08
981	8	3	19:53:08
973	8	3	19:53:08
803	8	3	19:53:08
684	8	3	19:53:08
684	8	3	19:53:08
655	8	3	19:53:08
644	8	3	19:53:08
663	8	3	19:53:08
657	8	3	19:53:08
986	8	3	19:53:08
940	8	3	19:53:08
932	8	3	19:53:08
919	8	3	19:53:08
924	8	3	19:53:08
948	8	3	19:53:08
843	8	3	19:53:08
676	8	3	19:53:08
652	8	3	19:53:08
655	8	3	19:53:08
628	8	3	19:53:08
638	8	3	19:53:08
700	8	3	19:53:08
784	8	3	19:53:08
1193	8	3	19:53:08
1091	8	3	19:53:08
1005	8	3	19:53:08
932	8	3	19:53:08
932	8	3	19:53:08
795	8	3	19:53:08
660	8	3	19:53:08
660	8	3	19:53:08
633	8	3	19:53:08
638	8	3	19:53:08
681	8	3	19:53:08
851	8	3	19:53:08
1102	8	3	19:53:08
1121	8	3	19:53:08
1067	8	3	19:53:08
991	8	3	19:53:08
873	8	3	19:53:08
779	8	3	19:53:08
690	8	3	19:53:08
665	8	3	19:53:08
679	8	3	19:53:08
628	8	3	19:53:08
668	8	3	19:53:08
692	8	3	19:53:08
827	8	3	19:53:08
1094	8	3	19:53:08
1032	8	3	19:53:08
962	8	3	19:53:08
935	8	3	19:53:08
940	8	3	19:53:08
859	8	3	19:53:08
687	8	3	19:53:08
695	8	3	19:53:08
657	8	3	19:53:08
644	8	3	19:53:08
676	8	3	19:53:08
687	8	3	19:53:08
1123	8	3	19:53:08
1024	8	3	19:53:08
1059	8	3	19:53:08
989	8	3	19:53:08
894	8	3	19:53:08
776	8	3	19:53:08
719	8	3	19:53:08
706	8	3	19:53:08
668	8	3	19:53:08
638	8	3	19:53:08
668	8	3	19:53:08
673	8	3	19:53:08
738	8	3	19:53:08
1099	8	3	19:53:08
1026	8	3	19:53:08
997	8	3	19:53:08
943	8	3	19:53:08
954	8	3	19:53:08
929	8	3	19:53:08
843	8	3	19:53:08
690	8	3	19:53:08
676	8	3	19:53:08
668	8	3	19:53:08
657	8	3	19:53:08
665	8	3	19:53:08
719	8	3	19:53:08
1193	8	3	19:53:08
1118	8	3	19:53:08
1005	8	3	19:53:08
954	8	3	19:53:08
948	8	3	19:53:08
746	8	3	19:53:08
711	8	3	19:53:08
676	8	3	19:53:08
649	8	3	19:53:08
665	8	3	19:53:08
652	8	3	19:53:08
738	8	3	19:53:08
1193	8	3	19:53:08
1096	8	3	19:53:08
1070	8	3	19:53:08
1040	8	3	19:53:08
983	8	3	19:53:08
908	8	3	19:53:08
722	8	3	19:53:08
690	8	3	19:53:08
657	8	3	19:53:08
655	8	3	19:53:08
676	8	3	19:53:08
714	8	3	19:53:08
1137	8	3	19:53:08
1029	8	3	19:53:08
956	8	3	19:53:08
962	8	3	19:53:08
954	8	3	19:53:08
946	8	3	19:53:08
781	8	3	19:53:08
681	8	3	19:53:08
692	8	3	19:53:08
644	8	3	19:53:08
644	8	3	19:53:08
679	8	3	19:53:08
706	8	3	19:53:08
1123	8	3	19:53:08
1013	8	3	19:53:08
946	8	3	19:53:08
937	8	3	19:53:08
946	8	3	19:53:08
835	8	3	19:53:08
708	8	3	19:53:08
695	8	3	19:53:08
652	8	3	19:53:08
665	8	3	19:53:08
668	8	3	19:53:08
698	8	3	19:53:08
822	8	3	19:53:08
1134	8	3	19:53:08
997	8	3	19:53:08
940	8	3	19:53:08
927	8	3	19:53:08
924	8	3	19:53:08
849	8	3	19:53:08
719	8	3	19:53:08
679	8	3	19:53:08
652	8	3	19:53:08
676	8	3	19:53:08
657	8	3	19:53:08
673	8	3	19:53:08
784	8	3	19:53:08
1134	8	3	19:53:08
1088	8	3	19:53:08
991	8	3	19:53:08
956	8	3	19:53:08
948	8	3	19:53:08
859	8	3	19:53:08
717	8	3	19:53:08
692	8	3	19:53:08
684	8	3	19:53:08
665	8	3	19:53:08
660	8	3	19:53:08
719	8	3	19:53:08
752	8	3	19:53:08
1142	8	3	19:53:08
1026	8	3	19:53:08
964	8	3	19:53:08
935	8	3	19:53:08
962	8	3	19:53:08
937	8	3	19:53:08
743	8	3	19:53:08
687	8	3	19:53:08
695	8	3	19:53:08
673	8	3	19:53:08
665	8	3	19:53:08
692	8	3	19:53:08
773	8	3	19:53:08
1172	8	3	19:53:08
1026	8	3	19:53:08
959	8	3	19:53:08
962	8	3	19:53:08
951	8	3	19:53:08
811	8	3	19:53:08
708	8	3	19:53:08
681	8	3	19:53:08
684	8	3	19:53:08
655	8	3	19:53:08
660	8	3	19:53:08
711	8	3	19:53:08
1237	8	3	19:53:08
1045	8	3	19:53:08
1107	8	3	19:53:08
997	8	3	19:53:08
913	8	3	19:53:08
795	8	3	19:53:08
711	8	3	19:53:08
673	8	3	19:53:08
684	8	3	19:53:08
676	8	3	19:53:08
681	8	3	19:53:08
735	8	3	19:53:08
1167	8	3	19:53:08
1040	8	3	19:53:08
970	8	3	19:53:08
959	8	3	19:53:08
962	8	3	19:53:08
840	8	3	19:53:08
708	8	3	19:53:08
668	8	3	19:53:08
655	8	3	19:53:08
673	8	3	19:53:08
652	8	3	19:53:08
695	8	3	19:53:08
1167	8	3	19:53:08
1008	8	3	19:53:08
954	8	3	19:53:08
954	8	3	19:53:08
956	8	3	19:53:08
948	8	3	19:53:08
746	8	3	19:53:08
676	8	3	19:53:08
655	8	3	19:53:08
668	8	3	19:53:08
671	8	3	19:53:08
706	8	3	19:53:08
1185	8	3	19:53:08
1010	8	3	19:53:08
956	8	3	19:53:08
940	8	3	19:53:08
937	8	3	19:53:08
946	8	3	19:53:08
865	8	3	19:53:08
727	8	3	19:53:08
690	8	3	19:53:08
652	8	3	19:53:08
663	8	3	19:53:08
665	8	3	19:53:08
698	8	3	19:53:08
1094	8	3	19:53:08
1018	8	3	19:53:08
951	8	3	19:53:08
946	8	3	19:53:08
911	8	3	19:53:08
797	8	3	19:53:08
733	8	3	19:53:08
708	8	3	19:53:08
671	8	3	19:53:08
684	8	3	19:53:08
665	8	3	19:53:08
668	8	3	19:53:08
695	8	3	19:53:08
738	8	3	19:53:08
1126	8	3	19:53:08
1094	8	3	19:53:08
989	8	3	19:53:08
956	8	3	19:53:08
902	8	3	19:53:08
741	8	3	19:53:08
679	8	3	19:53:08
687	8	3	19:53:08
652	8	3	19:53:08
657	8	3	19:53:08
700	8	3	19:53:08
717	8	3	19:53:08
1129	8	3	19:53:08
1034	8	3	19:53:08
978	8	3	19:53:08
943	8	3	19:53:08
937	8	3	19:53:08
835	8	3	19:53:08
725	8	3	19:53:08
722	8	3	19:53:08
679	8	3	19:53:08
660	8	3	19:53:08
676	8	3	19:53:08
660	8	3	19:53:08
749	8	3	19:53:08
989	8	3	19:53:08
967	8	3	19:53:08
1088	8	3	19:53:08
991	8	3	19:53:08
797	8	3	19:53:08
781	8	3	19:53:08
743	8	3	19:53:08
679	8	3	19:53:08
690	8	3	19:53:08
673	8	3	19:53:08
657	8	3	19:53:08
687	8	3	19:53:08
711	8	3	19:53:08
746	8	3	19:53:08
1126	8	3	19:53:08
1013	8	3	19:53:08
970	8	3	19:53:08
943	8	3	19:53:08
943	8	3	19:53:08
835	8	3	19:53:08
708	8	3	19:53:08
714	8	3	19:53:08
660	8	3	19:53:08
663	8	3	19:53:08
692	8	3	19:53:08
735	8	3	19:53:08
1145	8	3	19:53:08
1018	8	3	19:53:08
956	8	3	19:53:08
975	8	3	19:53:08
970	8	3	19:53:08
946	8	3	19:53:08
749	8	3	19:53:08
700	8	3	19:53:08
690	8	3	19:53:08
652	8	3	19:53:08
673	8	3	19:53:08
690	8	3	19:53:08
749	8	3	19:53:08
1185	8	3	19:53:08
1072	8	3	19:53:08
1045	8	3	19:53:08
1005	8	3	19:53:08
967	8	3	19:53:08
800	8	3	19:53:08
692	8	3	19:53:08
703	8	3	19:53:08
671	8	3	19:53:08
668	8	3	19:53:08
687	8	3	19:53:08
681	8	3	19:53:08
711	8	3	19:53:08
940	8	3	19:53:08
1048	8	3	19:53:08
989	8	3	19:53:08
862	8	3	19:53:08
792	8	3	19:53:08
730	8	3	19:53:08
681	8	3	19:53:08
665	8	3	19:53:08
673	8	3	19:53:08
638	8	3	19:53:08
655	8	3	19:53:08
703	8	3	19:53:08
725	8	3	19:53:08
884	8	3	19:53:08
1086	8	3	19:53:08
1029	8	3	19:53:08
964	8	3	19:53:08
892	8	3	19:53:08
765	8	3	19:53:08
735	8	3	19:53:08
692	8	3	19:53:08
698	8	3	19:53:08
695	8	3	19:53:08
687	8	3	19:53:08
671	8	3	19:53:08
706	8	3	19:53:08
789	8	3	19:53:08
1148	8	3	19:53:08
1061	8	3	19:53:08
1016	8	3	19:53:08
962	8	3	19:53:08
929	8	3	19:53:08
776	8	3	19:53:08
687	8	3	19:53:08
668	8	3	19:53:08
684	8	3	19:53:08
665	8	3	19:53:08
684	8	3	19:53:08
789	8	3	19:53:08
1118	8	3	19:53:08
1021	8	3	19:53:08
967	8	3	19:53:08
964	8	3	19:53:08
973	8	3	19:53:08
779	8	3	19:53:08
690	8	3	19:53:08
679	8	3	19:53:08
684	8	3	19:53:08
673	8	3	19:53:08
687	8	3	19:53:08
795	8	3	19:53:08
1137	8	3	19:53:08
1029	8	3	19:53:08
967	8	3	19:53:08
962	8	3	19:53:08
954	8	3	19:53:08
959	8	3	19:53:08
776	8	3	19:53:08
708	8	3	19:53:08
684	8	3	19:53:08
681	8	3	19:53:08
673	8	3	19:53:08
681	8	3	19:53:08
768	8	3	19:53:08
1193	8	3	19:53:08
1048	8	3	19:53:08
1129	8	3	19:53:08
967	8	3	19:53:08
900	8	3	19:53:08
784	8	3	19:53:08
727	8	3	19:53:08
679	8	3	19:53:08
652	8	3	19:53:08
671	8	3	19:53:08
671	8	3	19:53:08
717	8	3	19:53:08
805	8	3	19:53:08
1075	8	3	19:53:08
1061	8	3	19:53:08
1021	8	3	19:53:08
849	8	3	19:53:08
811	8	3	19:53:08
725	8	3	19:53:08
673	8	3	19:53:08
679	8	3	19:53:08
660	8	3	19:53:08
663	8	3	19:53:08
700	8	3	19:53:08
803	8	3	19:53:08
1121	8	3	19:53:08
1018	8	3	19:53:08
956	8	3	19:53:08
954	8	3	19:53:08
851	8	3	19:53:08
830	8	3	19:53:08
738	8	3	19:53:08
695	8	3	19:53:08
690	8	3	19:53:08
649	8	3	19:53:08
663	8	3	19:53:08
706	8	3	19:53:08
722	8	3	19:53:08
1148	8	3	19:53:08
1032	8	3	19:53:08
951	8	3	19:53:08
973	8	3	19:53:08
973	8	3	19:53:08
822	8	3	19:53:08
700	8	3	19:53:08
692	8	3	19:53:08
665	8	3	19:53:08
633	8	3	19:53:08
649	8	3	19:53:08
641	8	3	19:53:08
681	8	3	19:53:08
797	8	3	19:53:08
1091	8	3	19:53:08
1021	8	3	19:53:08
962	8	3	19:53:08
954	8	3	19:53:08
897	8	3	19:53:08
765	8	3	19:53:08
676	8	3	19:53:08
681	8	3	19:53:08
652	8	3	19:53:08
646	8	3	19:53:08
660	8	3	19:53:08
668	8	3	19:53:08
757	8	3	19:53:08
1110	8	3	19:53:08
1034	8	3	19:53:08
964	8	3	19:53:08
929	8	3	19:53:08
894	8	3	19:53:08
773	8	3	19:53:08
714	8	3	19:53:08
690	8	3	19:53:08
679	8	3	19:53:08
700	8	3	19:53:08
692	8	3	19:53:08
714	8	3	19:53:08
876	8	3	19:53:08
1088	8	3	19:53:08
1013	8	3	19:53:08
870	8	3	19:53:08
800	8	3	19:53:08
770	8	3	19:53:08
703	8	3	19:53:08
692	8	3	19:53:08
722	8	3	19:53:08
719	8	3	19:53:08
692	8	3	19:53:08
695	8	3	19:53:08
708	8	3	19:53:08
1177	8	3	19:53:08
1132	8	3	19:53:08
1032	8	3	19:53:08
964	8	3	19:53:08
857	8	3	19:53:08
749	8	3	19:53:08
695	8	3	19:53:08
681	8	3	19:53:08
665	8	3	19:53:08
671	8	3	19:53:08
690	8	3	19:53:08
762	8	3	19:53:08
913	8	3	19:53:08
1129	8	3	19:53:08
1118	8	3	19:53:08
1123	8	3	19:53:08
1086	8	3	19:53:08
1016	8	3	19:53:08
908	8	3	19:53:08
862	8	3	19:53:08
765	8	3	19:53:08
698	8	3	19:53:08
673	8	3	19:53:08
676	8	3	19:53:08
671	8	3	19:53:08
644	8	3	19:53:08
690	8	3	19:53:08
849	8	3	19:53:08
1105	8	3	19:53:08
997	8	3	19:53:08
889	8	3	19:53:08
808	8	3	19:53:08
746	8	3	19:53:08
735	8	3	19:53:08
695	8	3	19:53:08
681	8	3	19:53:08
684	8	3	19:53:08
703	8	3	19:53:08
708	8	3	19:53:08
762	8	3	19:53:08
889	8	3	19:53:08
1051	8	3	19:53:08
970	8	3	19:53:08
867	8	3	19:53:08
892	8	3	19:53:08
865	8	3	19:53:08
827	8	3	19:53:08
722	8	3	19:53:08
679	8	3	19:53:08
695	8	3	19:53:08
652	8	3	19:53:08
657	8	3	19:53:08
730	8	3	19:53:08
803	8	3	19:53:08
1158	8	3	19:53:08
1129	8	3	19:53:08
1078	8	3	19:53:08
929	8	3	19:53:08
832	8	3	19:53:08
792	8	3	19:53:08
714	8	3	19:53:08
695	8	3	19:53:08
676	8	3	19:53:08
655	8	3	19:53:08
671	8	3	19:53:08
700	8	3	19:53:08
819	8	3	19:53:08
1132	8	3	19:53:08
1107	8	3	19:53:08
1072	8	3	19:53:08
900	8	3	19:53:08
814	8	3	19:53:08
725	8	3	19:53:08
703	8	3	19:53:08
671	8	3	19:53:08
663	8	3	19:53:08
671	8	3	19:53:08
665	8	3	19:53:08
719	8	3	19:53:08
937	8	3	19:53:08
1113	8	3	19:53:08
1118	8	3	19:53:08
1048	8	3	19:53:08
970	8	3	19:53:08
865	8	3	19:53:08
733	8	3	19:53:08
717	8	3	19:53:08
671	8	3	19:53:08
646	8	3	19:53:08
665	8	3	19:53:08
692	8	3	19:53:08
749	8	3	19:53:08
1164	8	3	19:53:08
1121	8	3	19:53:08
1045	8	3	19:53:08
989	8	3	19:53:08
948	8	3	19:53:08
743	8	3	19:53:08
687	8	3	19:53:08
698	8	3	19:53:08
655	8	3	19:53:08
655	8	3	19:53:08
671	8	3	19:53:08
700	8	3	19:53:08
1132	8	3	19:53:08
1129	8	3	19:53:08
1070	8	3	19:53:08
975	8	3	19:53:08
862	8	3	19:53:08
757	8	3	19:53:08
690	8	3	19:53:08
695	8	3	19:53:08
636	8	3	19:53:08
638	8	3	19:53:08
660	8	3	19:53:08
668	8	3	19:53:08
692	8	3	19:53:08
862	8	3	19:53:08
1148	8	3	19:53:08
1105	8	3	19:53:08
1024	8	3	19:53:08
970	8	3	19:53:08
816	8	3	19:53:08
727	8	3	19:53:08
687	8	3	19:53:08
660	8	3	19:53:08
671	8	3	19:53:08
663	8	3	19:53:08
652	8	3	19:53:08
703	8	3	19:53:08
773	8	3	19:53:08
1142	8	3	19:53:08
1048	8	3	19:53:08
999	8	3	19:53:08
929	8	3	19:53:08
846	8	3	19:53:08
779	8	3	19:53:08
717	8	3	19:53:08
684	8	3	19:53:08
649	8	3	19:53:08
660	8	3	19:53:08
681	8	3	19:53:08
730	8	3	19:53:08
1134	8	3	19:53:08
1121	8	3	19:53:08
1032	8	3	19:53:08
894	8	3	19:53:08
805	8	3	19:53:08
760	8	3	19:53:08
741	8	3	19:53:08
695	8	3	19:53:08
665	8	3	19:53:08
665	8	3	19:53:08
655	8	3	19:53:08
663	8	3	19:53:08
760	8	3	19:53:08
1102	8	3	19:53:08
1037	8	3	19:53:08
1051	8	3	19:53:08
892	8	3	19:53:08
808	8	3	19:53:08
754	8	3	19:53:08
700	8	3	19:53:08
679	8	3	19:53:08
690	8	3	19:53:08
649	8	3	19:53:08
663	8	3	19:53:08
719	8	3	19:53:08
814	8	3	19:53:08
1129	8	3	19:53:08
1029	8	3	19:53:08
991	8	3	19:53:08
824	8	3	19:53:08
881	8	3	19:53:08
795	8	3	19:53:08
735	8	3	19:53:08
698	8	3	19:53:08
665	8	3	19:53:08
668	8	3	19:53:08
703	8	3	19:53:08
700	8	3	19:53:08
816	8	3	19:53:08
1188	8	3	19:53:08
1091	8	3	19:53:08
1029	8	3	19:53:08
981	8	3	19:53:08
800	8	3	19:53:08
725	8	3	19:53:08
700	8	3	19:53:08
660	8	3	19:53:08
633	8	3	19:53:08
671	8	3	19:53:08
668	8	3	19:53:08
687	8	3	19:53:08
908	8	3	19:53:08
1140	8	3	19:53:08
1091	8	3	19:53:08
1088	8	3	19:53:08
663	8	3	20:09:51
698	8	3	20:09:51
695	8	3	20:09:51
660	8	3	20:09:51
655	8	3	20:09:51
1158	8	3	20:09:51
1110	8	3	20:09:51
1018	8	3	20:09:51
876	8	3	20:09:51
789	8	3	20:09:51
746	8	3	20:09:51
681	8	3	20:09:51
655	8	3	20:09:51
679	8	3	20:09:51
657	8	3	20:09:51
671	8	3	20:09:51
708	8	3	20:09:51
752	8	3	20:09:51
854	8	3	20:09:51
870	8	3	20:09:51
999	8	3	20:09:51
1045	8	3	20:09:51
822	8	3	20:09:51
706	8	3	20:09:51
690	8	3	20:09:51
646	8	3	20:09:51
663	8	3	20:09:51
638	8	3	20:09:51
609	8	3	20:09:51
636	8	3	20:09:51
622	8	3	20:09:51
617	8	3	20:09:51
614	8	3	20:09:51
590	8	3	20:09:51
617	8	3	20:09:51
606	8	3	20:09:51
603	8	3	20:09:51
711	8	3	20:09:51
1099	8	3	20:09:51
1099	8	3	20:09:51
1034	8	3	20:09:51
1056	8	3	20:09:51
1088	8	3	20:09:51
1008	8	3	20:09:51
827	8	3	20:09:51
757	8	3	20:09:51
738	8	3	20:09:51
700	8	3	20:09:51
684	8	3	20:09:51
641	8	3	20:09:51
638	8	3	20:09:51
646	8	3	20:09:51
649	8	3	20:09:51
741	8	3	20:09:51
1123	8	3	20:09:51
1029	8	3	20:09:51
1088	8	3	20:09:51
1067	8	3	20:09:51
1026	8	3	20:09:51
967	8	3	20:09:51
840	8	3	20:09:51
765	8	3	20:09:51
714	8	3	20:09:51
671	8	3	20:09:51
638	8	3	20:09:51
657	8	3	20:09:51
649	8	3	20:09:51
703	8	3	20:09:51
800	8	3	20:09:51
1102	8	3	20:09:51
1107	8	3	20:09:51
1032	8	3	20:09:51
989	8	3	20:09:51
779	8	3	20:09:51
717	8	3	20:09:51
665	8	3	20:09:51
660	8	3	20:09:51
676	8	3	20:09:51
641	8	3	20:09:51
630	8	3	20:09:51
665	8	3	20:09:51
700	8	3	20:09:51
765	8	3	20:09:51
1115	8	3	20:09:51
1032	8	3	20:09:51
1110	8	3	20:09:51
1088	8	3	20:09:51
1051	8	3	20:09:51
994	8	3	20:09:51
859	8	3	20:09:51
773	8	3	20:09:51
711	8	3	20:09:51
663	8	3	20:09:51
638	8	3	20:09:51
646	8	3	20:09:51
657	8	3	20:09:51
673	8	3	20:09:51
889	8	3	20:09:51
1096	8	3	20:09:51
1099	8	3	20:09:51
1067	8	3	20:09:51
1013	8	3	20:09:51
954	8	3	20:09:51
884	8	3	20:09:51
800	8	3	20:09:51
738	8	3	20:09:51
673	8	3	20:09:51
652	8	3	20:09:51
663	8	3	20:09:51
660	8	3	20:09:51
657	8	3	20:09:51
762	8	3	20:09:51
1105	8	3	20:09:51
1072	8	3	20:09:51
1086	8	3	20:09:51
1024	8	3	20:09:51
1045	8	3	20:09:51
991	8	3	20:09:51
752	8	3	20:09:51
695	8	3	20:09:51
649	8	3	20:09:51
638	8	3	20:09:51
628	8	3	20:17:51
725	8	3	20:17:51
1188	8	3	20:17:51
1088	8	3	20:17:51
1010	8	3	20:17:51
973	8	3	20:17:51
989	8	3	20:17:51
789	8	3	20:17:51
684	8	3	20:17:51
657	8	3	20:17:51
644	8	3	20:17:51
684	8	3	20:17:51
1207	8	3	20:17:51
1150	8	3	20:17:51
1110	8	3	20:17:51
1064	8	3	20:17:51
1002	8	3	20:17:51
792	8	3	20:17:51
719	8	3	20:17:51
752	8	3	20:17:51
676	8	3	20:17:51
636	8	3	20:17:51
649	8	3	20:17:51
638	8	3	20:17:51
684	8	3	20:17:51
1220	8	3	20:17:51
1024	8	3	20:17:51
1043	8	3	20:17:51
967	8	3	20:17:51
919	8	3	20:17:51
857	8	3	20:17:51
816	8	3	20:17:51
692	8	3	20:17:51
636	8	3	20:17:51
646	8	3	20:17:51
617	8	3	20:17:51
641	8	3	20:17:51
708	8	3	20:17:51
1175	8	3	20:17:51
1037	8	3	20:17:51
1026	8	3	20:17:51
999	8	3	20:17:51
913	8	3	20:17:51
854	8	3	20:17:51
830	8	3	20:17:51
749	8	3	20:17:51
668	8	3	20:17:51
636	8	3	20:17:51
620	8	3	20:17:51
673	8	3	20:17:51
752	8	3	20:17:51
1188	8	3	20:17:51
1086	8	3	20:17:51
1048	8	3	20:17:51
994	8	3	20:17:51
822	8	3	20:17:51
717	8	3	20:17:51
757	8	3	20:17:51
692	8	3	20:17:51
641	8	3	20:17:51
646	8	3	20:17:51
628	8	3	20:17:51
633	8	3	20:17:51
706	8	3	20:17:51
1118	8	3	20:17:51
1121	8	3	20:17:51
1067	8	3	20:17:51
1013	8	3	20:17:51
881	8	3	20:17:51
770	8	3	20:17:51
735	8	3	20:17:51
703	8	3	20:17:51
676	8	3	20:17:51
633	8	3	20:17:51
617	8	3	20:17:51
663	8	3	20:17:51
698	8	3	20:17:51
1266	8	3	20:17:51
1067	8	3	20:17:51
1064	8	3	20:17:51
1034	8	3	20:17:51
962	8	3	20:17:51
792	8	3	20:17:51
770	8	3	20:17:51
708	8	3	20:17:51
655	8	3	20:17:51
625	8	3	20:17:51
638	8	3	20:17:51
655	8	3	20:17:51
1183	8	3	20:17:51
1099	8	3	20:17:51
1053	8	3	20:17:51
1053	8	3	20:17:51
962	8	3	20:17:51
814	8	3	20:17:51
725	8	3	20:17:51
752	8	3	20:17:51
695	8	3	20:17:51
644	8	3	20:17:51
655	8	3	20:17:51
646	8	3	20:17:51
657	8	3	20:17:51
797	8	3	20:17:51
1231	8	3	20:17:51
1094	8	3	20:17:51
1070	8	3	20:17:51
986	8	3	20:17:51
805	8	3	20:17:51
773	8	3	20:17:51
814	8	3	20:17:51
684	8	3	20:17:51
652	8	3	20:17:51
655	8	3	20:17:51
628	8	3	20:17:51
687	8	3	20:17:51
1153	8	3	20:17:51
1177	8	3	20:17:51
1070	8	3	20:17:51
983	8	3	20:17:51
733	8	3	20:17:51
676	8	3	20:17:51
663	8	3	20:17:51
657	8	3	20:17:51
625	8	3	20:17:51
590	8	3	20:17:51
582	8	3	20:17:51
663	8	3	20:17:51
1072	8	3	20:17:51
1096	8	3	20:17:51
1096	8	3	20:17:51
1070	8	3	20:17:51
1008	8	3	20:17:51
916	8	3	20:17:51
754	8	3	20:17:51
633	8	3	20:17:51
703	8	3	20:17:51
636	8	3	20:17:51
598	8	3	20:17:51
611	8	3	20:17:51
614	8	3	20:17:51
1048	8	3	20:17:51
905	8	3	20:17:51
911	8	3	20:17:51
1018	8	3	20:17:51
1002	8	3	20:17:51
962	8	3	20:17:51
916	8	3	20:17:51
876	8	3	20:17:51
733	8	3	20:17:51
655	8	3	20:17:51
644	8	3	20:17:51
638	8	3	20:17:51
620	8	3	20:17:51
692	8	3	20:17:51
1070	8	3	20:17:51
989	8	3	20:17:51
1010	8	3	20:17:51
1037	8	3	20:17:51
970	8	3	20:17:51
894	8	3	20:17:51
779	8	3	20:17:51
690	8	3	20:17:51
644	8	3	20:17:51
652	8	3	20:17:51
611	8	3	20:17:51
655	8	3	20:17:51
1132	8	3	20:17:51
1005	8	3	20:17:51
1056	8	3	20:17:51
1075	8	3	20:17:51
1026	8	3	20:17:51
970	8	3	20:17:51
940	8	3	20:17:51
762	8	3	20:17:51
673	8	3	20:17:51
641	8	3	20:17:51
636	8	3	20:17:51
649	8	3	20:17:51
1172	8	3	20:17:51
1064	8	3	20:17:51
1059	8	3	20:17:51
1072	8	3	20:17:51
1018	8	3	20:17:51
956	8	3	20:17:51
900	8	3	20:17:51
781	8	3	20:17:51
665	8	3	20:17:51
646	8	3	20:17:51
628	8	3	20:17:51
655	8	3	20:17:51
935	8	3	20:17:51
1102	8	3	20:17:51
1045	8	3	20:17:51
1067	8	3	20:17:51
1024	8	3	20:17:51
940	8	3	20:17:51
932	8	3	20:17:51
814	8	3	20:17:51
684	8	3	20:17:51
663	8	3	20:17:51
630	8	3	20:17:51
665	8	3	20:17:51
679	8	3	20:17:51
1129	8	3	20:17:51
1043	8	3	20:17:51
1067	8	3	20:17:51
1026	8	3	20:17:51
870	8	3	20:17:51
816	8	3	20:17:51
781	8	3	20:17:51
703	8	3	20:17:51
668	8	3	20:17:51
638	8	3	20:17:51
655	8	3	20:17:51
652	8	3	20:17:51
1210	8	3	20:17:51
1067	8	3	20:17:51
1061	8	3	20:17:51
1053	8	3	20:17:51
986	8	3	20:17:51
822	8	3	20:17:51
795	8	3	20:17:51
725	8	3	20:17:51
708	8	3	20:17:51
668	8	3	20:17:51
657	8	3	20:17:51
681	8	3	20:17:51
708	8	3	20:17:51
770	8	3	20:17:51
1110	8	3	20:17:51
1096	8	3	20:17:51
1102	8	3	20:17:51
1018	8	3	20:17:51
908	8	3	20:17:51
832	8	3	20:17:51
808	8	3	20:17:51
730	8	3	20:17:51
673	8	3	20:17:51
665	8	3	20:17:51
679	8	3	20:17:51
695	8	3	20:17:51
725	8	3	20:17:51
1118	8	3	20:17:51
1075	8	3	20:17:51
1121	8	3	20:17:51
1051	8	3	20:17:51
962	8	3	20:17:51
876	8	3	20:17:51
757	8	3	20:17:51
676	8	3	20:17:51
649	8	3	20:17:51
633	8	3	20:17:51
681	8	3	20:17:51
792	8	3	20:17:51
1102	8	3	20:17:51
1056	8	3	20:17:51
1043	8	3	20:17:51
1051	8	3	20:17:51
991	8	3	20:17:51
873	8	3	20:17:51
730	8	3	20:17:51
673	8	3	20:17:51
671	8	3	20:17:51
644	8	3	20:17:51
644	8	3	20:17:51
717	8	3	20:17:51
1115	8	3	20:17:51
1056	8	3	20:17:51
1051	8	3	20:17:51
1034	8	3	20:17:51
962	8	3	20:17:51
873	8	3	20:17:51
733	8	3	20:17:51
663	8	3	20:17:51
641	8	3	20:17:51
665	8	3	20:17:51
695	8	3	20:17:51
765	8	3	20:17:51
1113	8	3	20:17:51
1061	8	3	20:17:51
1078	8	3	20:17:51
1043	8	3	20:17:51
951	8	3	20:17:51
862	8	3	20:17:51
735	8	3	20:17:51
695	8	3	20:17:51
652	8	3	20:17:51
652	8	3	20:17:51
657	8	3	20:17:51
690	8	3	20:17:51
781	8	3	20:17:51
1113	8	3	20:17:51
1059	8	3	20:17:51
1080	8	3	20:17:51
1024	8	3	20:17:51
897	8	3	20:17:51
773	8	3	20:17:51
727	8	3	20:17:51
692	8	3	20:17:51
665	8	3	20:17:51
668	8	3	20:17:51
646	8	3	20:17:51
671	8	3	20:17:51
765	8	3	20:17:51
1132	8	3	20:17:51
1048	8	3	20:17:51
1070	8	3	20:17:51
1037	8	3	20:17:51
967	8	3	20:17:51
889	8	3	20:17:51
754	8	3	20:17:51
700	8	3	20:17:51
663	8	3	20:17:51
676	8	3	20:17:51
644	8	3	20:17:51
692	8	3	20:17:51
1096	8	3	20:17:51
1078	8	3	20:17:51
1078	8	3	20:17:51
1024	8	3	20:17:51
962	8	3	20:17:51
867	8	3	20:17:51
800	8	3	20:17:51
725	8	3	20:17:51
660	8	3	20:17:51
641	8	3	20:17:51
655	8	3	20:17:51
633	8	3	20:17:51
711	8	3	20:17:51
1202	8	3	20:17:51
1078	8	3	20:17:51
1072	8	3	20:17:51
1018	8	3	20:17:51
927	8	3	20:17:51
795	8	3	20:17:51
722	8	3	20:17:51
671	8	3	20:17:51
649	8	3	20:17:51
663	8	3	20:17:51
673	8	3	20:17:51
738	8	3	20:17:51
1145	8	3	20:17:51
1034	8	3	20:17:51
1021	8	3	20:17:51
962	8	3	20:17:51
765	8	3	20:17:51
681	8	3	20:17:51
655	8	3	20:17:51
617	8	3	20:17:51
636	8	3	20:17:51
611	8	3	20:17:51
622	8	3	20:17:51
808	8	3	20:17:51
1123	8	3	20:17:51
1016	8	3	20:17:51
1083	8	3	20:17:51
1075	8	3	20:17:51
1043	8	3	20:17:51
975	8	3	20:17:51
943	8	3	20:17:51
803	8	3	20:17:51
681	8	3	20:17:51
646	8	3	20:17:51
663	8	3	20:17:51
698	8	3	20:17:51
708	8	3	20:17:51
1091	8	3	20:17:51
1086	8	3	20:17:51
1070	8	3	20:17:51
1045	8	3	20:17:51
1032	8	3	20:17:51
970	8	3	20:17:51
765	8	3	20:17:51
676	8	3	20:17:51
671	8	3	20:17:51
638	8	3	20:17:51
646	8	3	20:17:51
725	8	3	20:17:51
1161	8	3	20:17:51
1037	8	3	20:17:51
1140	8	3	20:17:51
1043	8	3	20:17:51
994	8	3	20:17:51
940	8	3	20:17:51
746	8	3	20:17:51
676	8	3	20:17:51
657	8	3	20:17:51
660	8	3	20:17:51
663	8	3	20:17:51
711	8	3	20:17:51
862	8	3	20:17:51
1167	8	3	20:17:51
1105	8	3	20:17:51
1078	8	3	20:17:51
1005	8	3	20:17:51
946	8	3	20:17:51
773	8	3	20:17:51
684	8	3	20:17:51
681	8	3	20:17:51
660	8	3	20:17:51
663	8	3	20:17:51
684	8	3	20:17:51
711	8	3	20:17:51
1102	8	3	20:17:51
1126	8	3	20:17:51
1010	8	3	20:17:51
954	8	3	20:17:51
876	8	3	20:17:51
867	8	3	20:17:51
765	8	3	20:17:51
673	8	3	20:17:51
671	8	3	20:17:51
665	8	3	20:17:51
692	8	3	20:17:51
738	8	3	20:17:51
1053	8	3	20:17:51
1099	8	3	20:17:51
1056	8	3	20:17:51
975	8	3	20:17:51
921	8	3	20:17:51
962	8	3	20:17:51
800	8	3	20:17:51
687	8	3	20:17:51
681	8	3	20:17:51
660	8	3	20:17:51
663	8	3	20:17:51
700	8	3	20:17:51
835	8	3	20:17:51
1145	8	3	20:17:51
1086	8	3	20:17:51
1080	8	3	20:17:51
1024	8	3	20:17:51
999	8	3	20:17:51
814	8	3	20:17:51
714	8	3	20:17:51
676	8	3	20:17:51
668	8	3	20:17:51
698	8	3	20:17:51
706	8	3	20:17:51
770	8	3	20:17:51
1183	8	3	20:17:51
1134	8	3	20:17:51
1064	8	3	20:17:51
1026	8	3	20:17:51
999	8	3	20:17:51
865	8	3	20:17:51
706	8	3	20:17:51
692	8	3	20:17:51
673	8	3	20:17:51
673	8	3	20:17:51
719	8	3	20:17:51
773	8	3	20:17:51
1180	8	3	20:17:51
1059	8	3	20:17:51
1048	8	3	20:17:51
1005	8	3	20:17:51
989	8	3	20:17:51
876	8	3	20:17:51
717	8	3	20:17:51
695	8	3	20:17:51
665	8	3	20:17:51
692	8	3	20:17:51
681	8	3	20:17:51
714	8	3	20:17:51
1010	8	3	20:17:51
997	8	3	20:17:51
1148	8	3	20:17:51
1075	8	3	20:17:51
1045	8	3	20:17:51
978	8	3	20:17:51
768	8	3	20:17:51
717	8	3	20:17:51
690	8	3	20:17:51
663	8	3	20:17:51
687	8	3	20:17:51
725	8	3	20:17:51
832	8	3	20:17:51
1188	8	3	20:17:51
1107	8	3	20:17:51
1059	8	3	20:17:51
1010	8	3	20:17:51
889	8	3	20:17:51
741	8	3	20:17:51
690	8	3	20:17:51
690	8	3	20:17:51
684	8	3	20:17:51
676	8	3	20:17:51
698	8	3	20:17:51
800	8	3	20:17:51
1172	8	3	20:17:51
1107	8	3	20:17:51
1053	8	3	20:17:51
973	8	3	20:17:51
973	8	3	20:17:51
811	8	3	20:17:51
708	8	3	20:17:51
665	8	3	20:17:51
665	8	3	20:17:51
700	8	3	20:17:51
703	8	3	20:17:51
789	8	3	20:17:51
1220	8	3	20:17:51
1172	8	3	20:17:51
1099	8	3	20:17:51
1070	8	3	20:17:51
943	8	3	20:17:51
768	8	3	20:17:51
695	8	3	20:17:51
695	8	3	20:17:51
684	8	3	20:17:51
676	8	3	20:17:51
700	8	3	20:17:51
733	8	3	20:17:51
870	8	3	20:17:51
1134	8	3	20:17:51
1021	8	3	20:17:51
989	8	3	20:17:51
983	8	3	20:17:51
830	8	3	20:17:51
719	8	3	20:17:51
698	8	3	20:17:51
687	8	3	20:17:51
663	8	3	20:17:51
671	8	3	20:17:51
695	8	3	20:17:51
735	8	3	20:17:51
1148	8	3	20:17:51
1037	8	3	20:17:51
1002	8	3	20:17:51
1008	8	3	20:17:51
973	8	3	20:17:51
911	8	3	20:17:51
719	8	3	20:17:51
714	8	3	20:17:51
687	8	3	20:17:51
668	8	3	20:17:51
692	8	3	20:17:51
757	8	3	20:17:51
857	8	3	20:17:51
1210	8	3	20:17:51
1115	8	3	20:17:51
1067	8	3	20:17:51
1005	8	3	20:17:51
973	8	3	20:17:51
797	8	3	20:17:51
725	8	3	20:17:51
671	8	3	20:17:51
684	8	3	20:17:51
681	8	3	20:17:51
708	8	3	20:17:51
803	8	3	20:17:51
1207	8	3	20:17:51
1145	8	3	20:17:51
1086	8	3	20:17:51
1013	8	3	20:17:51
951	8	3	20:17:51
789	8	3	20:17:51
717	8	3	20:17:51
714	8	3	20:17:51
679	8	3	20:17:51
668	8	3	20:17:51
698	8	3	20:17:51
733	8	3	20:17:51
1175	8	3	20:17:51
1043	8	3	20:17:51
983	8	3	20:17:51
994	8	3	20:17:51
986	8	3	20:17:51
970	8	3	20:17:51
779	8	3	20:17:51
692	8	3	20:17:51
698	8	3	20:17:51
673	8	3	20:17:51
665	8	3	20:17:51
703	8	3	20:17:51
1086	8	3	20:17:51
1034	8	3	20:17:51
999	8	3	20:17:51
1115	8	3	20:17:51
981	8	3	20:17:51
824	8	3	20:17:51
768	8	3	20:17:51
717	8	3	20:17:51
687	8	3	20:17:51
706	8	3	20:17:51
706	8	3	20:17:51
762	8	3	20:17:51
1169	8	3	20:17:51
1051	8	3	20:17:51
991	8	3	20:17:51
967	8	3	20:17:51
954	8	3	20:17:51
819	8	3	20:17:51
733	8	3	20:17:51
749	8	3	20:17:51
722	8	3	20:17:51
714	8	3	20:17:51
695	8	3	20:17:51
743	8	3	20:17:51
1169	8	3	20:17:51
1029	8	3	20:17:51
975	8	3	20:17:51
962	8	3	20:17:51
956	8	3	20:17:51
959	8	3	20:17:51
816	8	3	20:17:51
692	8	3	20:17:51
687	8	3	20:17:51
706	8	3	20:17:51
698	8	3	20:17:51
768	8	3	20:17:51
1016	8	3	20:17:51
978	8	3	20:17:51
959	8	3	20:17:51
943	8	3	20:17:51
946	8	3	20:17:51
948	8	3	20:17:51
805	8	3	20:17:51
706	8	3	20:17:51
676	8	3	20:17:51
679	8	3	20:17:51
703	8	3	20:17:51
714	8	3	20:17:51
730	8	3	20:17:51
1150	8	3	20:17:51
1018	8	3	20:17:51
973	8	3	20:17:51
978	8	3	20:17:51
962	8	3	20:17:51
894	8	3	20:17:51
743	8	3	20:17:51
719	8	3	20:17:51
698	8	3	20:17:51
681	8	3	20:17:51
700	8	3	20:17:51
700	8	3	20:17:51
832	8	3	20:17:51
1016	8	3	20:17:51
1188	8	3	20:17:51
1053	8	3	20:17:51
962	8	3	20:17:51
948	8	3	20:17:51
897	8	3	20:17:51
706	8	3	20:17:51
706	8	3	20:17:51
665	8	3	20:17:51
663	8	3	20:17:51
703	8	3	20:17:51
776	8	3	20:17:51
1185	8	3	20:17:51
1043	8	3	20:17:51
986	8	3	20:17:51
978	8	3	20:17:51
964	8	3	20:17:51
789	8	3	20:17:51
700	8	3	20:17:51
695	8	3	20:17:51
673	8	3	20:17:51
684	8	3	20:17:51
749	8	3	20:17:51
846	8	3	20:17:51
1196	8	3	20:17:51
1056	8	3	20:17:51
994	8	3	20:17:51
1094	8	3	20:17:51
970	8	3	20:17:51
822	8	3	20:17:51
784	8	3	20:17:51
711	8	3	20:17:51
681	8	3	20:17:51
684	8	3	20:17:51
706	8	3	20:17:51
835	8	3	20:17:51
1210	8	3	20:17:51
1034	8	3	20:17:51
983	8	3	20:17:51
959	8	3	20:17:51
919	8	3	20:17:51
970	8	3	20:17:51
870	8	3	20:17:51
708	8	3	20:17:51
711	8	3	20:17:51
711	8	3	20:17:51
781	8	3	20:17:51
776	8	3	20:17:51
954	8	3	20:17:51
989	8	3	20:17:51
948	8	3	20:17:51
948	8	3	20:17:51
935	8	3	20:17:51
956	8	3	20:17:51
808	8	3	20:17:51
698	8	3	20:17:51
668	8	3	20:17:51
684	8	3	20:17:51
690	8	3	20:17:51
708	8	3	20:17:51
862	8	3	20:17:51
1193	8	3	20:17:51
1045	8	3	20:17:51
964	8	3	20:17:51
959	8	3	20:17:51
956	8	3	20:17:51
800	8	3	20:17:51
725	8	3	20:17:51
679	8	3	20:17:51
665	8	3	20:17:51
708	8	3	20:17:51
719	8	3	20:17:51
770	8	3	20:17:51
1177	8	3	20:17:51
1026	8	3	20:17:51
991	8	3	20:17:51
986	8	3	20:17:51
956	8	3	20:17:51
876	8	3	20:17:51
719	8	3	20:17:51
711	8	3	20:17:51
692	8	3	20:17:51
671	8	3	20:17:51
703	8	3	20:17:51
735	8	3	20:17:51
1137	8	3	20:17:51
1110	8	3	20:17:51
1056	8	3	20:17:51
970	8	3	20:17:51
929	8	3	20:17:51
881	8	3	20:17:51
752	8	3	20:17:51
679	8	3	20:17:51
690	8	3	20:17:51
679	8	3	20:17:51
657	8	3	20:17:51
695	8	3	20:17:51
795	8	3	20:17:51
1164	8	3	20:17:51
1040	8	3	20:17:51
981	8	3	20:17:51
973	8	3	20:17:51
967	8	3	20:17:51
902	8	3	20:17:51
738	8	3	20:17:51
681	8	3	20:17:51
698	8	3	20:17:51
690	8	3	20:17:51
719	8	3	20:17:51
749	8	3	20:17:51
1129	8	3	20:17:51
1008	8	3	20:17:51
967	8	3	20:17:51
884	8	3	20:17:51
881	8	3	20:17:51
832	8	3	20:17:51
797	8	3	20:17:51
722	8	3	20:17:51
698	8	3	20:17:51
717	8	3	20:17:51
714	8	3	20:17:51
735	8	3	20:17:51
830	8	3	20:17:51
1142	8	3	20:17:51
1032	8	3	20:17:51
986	8	3	20:17:51
970	8	3	20:17:51
962	8	3	20:17:51
805	8	3	20:17:51
717	8	3	20:17:51
692	8	3	20:17:51
698	8	3	20:17:51
725	8	3	20:17:51
719	8	3	20:17:51
743	8	3	20:17:51
999	8	3	20:17:51
1161	8	3	20:17:51
1053	8	3	20:17:51
1002	8	3	20:17:51
975	8	3	20:17:51
892	8	3	20:17:51
735	8	3	20:17:51
708	8	3	20:17:51
681	8	3	20:17:51
668	8	3	20:17:51
692	8	3	20:17:51
749	8	3	20:17:51
1153	8	3	20:17:51
1059	8	3	20:17:51
986	8	3	20:17:51
1083	8	3	20:17:51
981	8	3	20:17:51
881	8	3	20:17:51
762	8	3	20:17:51
681	8	3	20:17:51
687	8	3	20:17:51
665	8	3	20:17:51
665	8	3	20:17:51
789	8	3	20:17:51
1183	8	3	20:17:51
1145	8	3	20:17:51
1118	8	3	20:17:51
1018	8	3	20:17:51
886	8	3	20:17:51
851	8	3	20:17:51
754	8	3	20:17:51
762	8	3	20:17:51
708	8	3	20:17:51
681	8	3	20:17:51
695	8	3	20:17:51
692	8	3	20:17:51
730	8	3	20:17:51
1002	8	3	20:17:51
964	8	3	20:17:51
956	8	3	20:17:51
964	8	3	20:17:51
962	8	3	20:17:51
967	8	3	20:17:51
838	8	3	20:17:51
808	8	3	20:17:51
805	8	3	20:17:51
803	8	3	20:17:51
779	8	3	20:17:51
816	8	3	20:17:51
776	8	3	20:17:51
911	8	3	20:17:51
991	8	3	20:17:51
954	8	3	20:17:51
956	8	3	20:17:51
943	8	3	20:17:51
811	8	3	20:17:51
684	8	3	20:17:51
695	8	3	20:17:51
681	8	3	20:17:51
687	8	3	20:17:51
743	8	3	20:17:51
1126	8	3	20:17:51
1078	8	3	20:17:51
1107	8	3	20:17:51
1078	8	3	20:17:51
997	8	3	20:17:51
935	8	3	20:17:51
757	8	3	20:17:51
687	8	3	20:17:51
657	8	3	20:17:51
649	8	3	20:17:51
663	8	3	20:17:51
668	8	3	20:17:51
754	8	3	20:17:51
1158	8	3	20:17:51
1075	8	3	20:17:51
1034	8	3	20:17:51
932	8	3	20:17:51
916	8	3	20:17:51
795	8	3	20:17:51
708	8	3	20:17:51
657	8	3	20:17:51
649	8	3	20:17:51
676	8	3	20:17:51
663	8	3	20:17:51
733	8	3	20:17:51
1086	8	3	20:17:51
1091	8	3	20:17:51
1099	8	3	20:17:51
1024	8	3	20:17:51
943	8	3	20:17:51
792	8	3	20:17:51
719	8	3	20:17:51
698	8	3	20:17:51
673	8	3	20:17:51
660	8	3	20:17:51
652	8	3	20:17:51
676	8	3	20:17:51
779	8	3	20:17:51
1167	8	3	20:17:51
1107	8	3	20:17:51
1056	8	3	20:17:51
1005	8	3	20:17:51
986	8	3	20:17:51
803	8	3	20:17:51
708	8	3	20:17:51
695	8	3	20:17:51
679	8	3	20:17:51
679	8	3	20:17:51
673	8	3	20:17:51
695	8	3	20:17:51
819	8	3	20:17:51
1167	8	3	20:17:51
1005	8	3	20:17:51
1005	8	3	20:17:51
973	8	3	20:17:51
929	8	3	20:17:51
757	8	3	20:17:51
741	8	3	20:17:51
708	8	3	20:17:51
679	8	3	20:17:51
706	8	3	20:17:51
717	8	3	20:17:51
781	8	3	20:17:51
1183	8	3	20:17:51
1043	8	3	20:17:51
997	8	3	20:17:51
983	8	3	20:17:51
975	8	3	20:17:51
978	8	3	20:17:51
784	8	3	20:17:51
700	8	3	20:17:51
703	8	3	20:17:51
681	8	3	20:17:51
668	8	3	20:17:51
741	8	3	20:17:51
943	8	3	20:17:51
1148	8	3	20:17:51
1040	8	3	20:17:51
1051	8	3	20:17:51
983	8	3	20:17:51
805	8	3	20:17:51
722	8	3	20:17:51
681	8	3	20:17:51
679	8	3	20:17:51
665	8	3	20:17:51
668	8	3	20:17:51
725	8	3	20:17:51
784	8	3	20:17:51
1183	8	3	20:17:51
1040	8	3	20:17:51
989	8	3	20:17:51
991	8	3	20:17:51
989	8	3	20:17:51
978	8	3	20:17:51
816	8	3	20:17:51
708	8	3	20:17:51
684	8	3	20:17:51
681	8	3	20:17:51
692	8	3	20:17:51
743	8	3	20:17:51
1158	8	3	20:17:51
1013	8	3	20:17:51
999	8	3	20:17:51
997	8	3	20:17:51
975	8	3	20:17:51
919	8	3	20:17:51
741	8	3	20:17:51
881	8	3	20:17:51
1010	8	3	20:17:51
959	8	3	20:17:51
908	8	3	20:17:51
792	8	3	20:17:51
997	8	3	20:17:51
970	8	3	20:17:51
970	8	3	20:17:51
959	8	3	20:17:51
959	8	3	20:17:51
881	8	3	20:17:51
719	8	3	20:17:51
711	8	3	20:17:51
695	8	3	20:17:51
684	8	3	20:17:51
722	8	3	20:17:51
840	8	3	20:17:51
1185	8	3	20:17:51
1096	8	3	20:17:51
1037	8	3	20:17:51
994	8	3	20:17:51
951	8	3	20:17:51
797	8	3	20:17:51
711	8	3	20:17:51
687	8	3	20:17:51
671	8	3	20:17:51
684	8	3	20:17:51
708	8	3	20:17:51
822	8	3	20:17:51
1016	8	3	20:17:51
959	8	3	20:17:51
967	8	3	20:17:51
1002	8	3	20:17:51
999	8	3	20:17:51
862	8	3	20:17:51
725	8	3	20:17:51
695	8	3	20:17:51
668	8	3	20:17:51
681	8	3	20:17:51
671	8	3	20:17:51
687	8	3	20:17:51
776	8	3	20:17:51
1202	8	3	20:17:51
1072	8	3	20:17:51
999	8	3	20:17:51
964	8	3	20:17:51
970	8	3	20:17:51
905	8	3	20:17:51
870	8	3	20:17:51
857	8	3	20:17:51
749	8	3	20:17:51
706	8	3	20:17:51
679	8	3	20:17:51
681	8	3	20:17:51
719	8	3	20:17:51
1005	8	3	20:17:51
948	8	3	20:17:51
951	8	3	20:17:51
959	8	3	20:17:51
975	8	3	20:17:51
878	8	3	20:17:51
722	8	3	20:17:51
700	8	3	20:17:51
671	8	3	20:17:51
692	8	3	20:17:51
733	8	3	20:17:51
870	8	3	20:17:51
1142	8	3	20:17:51
1115	8	3	20:17:51
1024	8	3	20:17:51
999	8	3	20:17:51
986	8	3	20:17:51
827	8	3	20:17:51
698	8	3	20:17:51
690	8	3	20:17:51
703	8	3	20:17:51
676	8	3	20:17:51
681	8	3	20:17:51
749	8	3	20:17:51
1134	8	3	20:17:51
1123	8	3	20:17:51
1018	8	3	20:17:51
886	8	3	20:17:51
873	8	3	20:17:51
803	8	3	20:17:51
722	8	3	20:17:51
708	8	3	20:17:51
700	8	3	20:17:51
679	8	3	20:17:51
673	8	3	20:17:51
727	8	3	20:17:51
808	8	3	20:17:51
1153	8	3	20:17:51
1080	8	3	20:17:51
1024	8	3	20:17:51
970	8	3	20:17:51
913	8	3	20:17:51
787	8	3	20:17:51
757	8	3	20:17:51
692	8	3	20:17:51
698	8	3	20:17:51
687	8	3	20:17:51
676	8	3	20:17:51
733	8	3	20:17:51
897	8	3	20:17:51
1113	8	3	20:17:51
1043	8	3	20:17:51
970	8	3	20:17:51
851	8	3	20:17:51
795	8	3	20:17:51
797	8	3	20:17:51
770	8	3	20:17:51
773	8	3	20:17:51
754	8	3	20:17:51
727	8	3	20:17:51
779	8	3	20:17:51
1142	8	3	20:17:51
1008	8	3	20:17:51
981	8	3	20:17:51
970	8	3	20:17:51
792	8	3	20:17:51
752	8	3	20:17:51
749	8	3	20:17:51
700	8	3	20:17:51
698	8	3	20:17:51
708	8	3	20:17:51
711	8	3	20:17:51
706	8	3	20:17:51
776	8	3	20:17:51
835	8	3	20:17:51
1177	8	3	20:17:51
1115	8	3	20:17:51
978	8	3	20:17:51
973	8	3	20:17:51
908	8	3	20:17:51
792	8	3	20:17:51
676	8	3	20:17:51
655	8	3	20:17:51
660	8	3	20:17:51
668	8	3	20:17:51
717	8	3	20:17:51
1148	8	3	20:17:51
1164	8	3	20:17:51
1040	8	3	20:17:51
1094	8	3	20:17:51
1016	8	3	20:17:51
884	8	3	20:17:51
741	8	3	20:17:51
717	8	3	20:17:51
698	8	3	20:17:51
663	8	3	20:17:51
649	8	3	20:17:51
681	8	3	20:17:51
708	8	3	20:17:51
870	8	3	20:17:51
1202	8	3	20:17:51
1110	8	3	20:17:51
1048	8	3	20:17:51
835	8	3	20:17:51
773	8	3	20:17:51
738	8	3	20:17:51
708	8	3	20:17:51
665	8	3	20:17:51
638	8	3	20:17:51
655	8	3	20:17:51
646	8	3	20:17:51
692	8	3	20:17:51
840	8	3	20:17:51
1177	8	3	20:17:51
1115	8	3	20:17:51
1094	8	3	20:17:51
948	8	3	20:17:51
889	8	3	20:17:51
749	8	3	20:17:51
727	8	3	20:17:51
679	8	3	20:17:51
646	8	3	20:17:51
673	8	3	20:17:51
660	8	3	20:17:51
706	8	3	20:17:51
1161	8	3	20:17:51
1126	8	3	20:17:51
1061	8	3	20:17:51
986	8	3	20:17:51
1013	8	3	20:17:51
811	8	3	20:17:51
708	8	3	20:17:51
700	8	3	20:17:51
671	8	3	20:17:51
652	8	3	20:17:51
687	8	3	20:17:51
687	8	3	20:17:51
911	8	3	20:17:51
1137	8	3	20:17:51
1132	8	3	20:17:51
1070	8	3	20:17:51
981	8	3	20:17:51
927	8	3	20:17:51
768	8	3	20:17:51
708	8	3	20:17:51
700	8	3	20:17:51
660	8	3	20:17:51
663	8	3	20:17:51
695	8	3	20:17:51
727	8	3	20:17:51
1177	8	3	20:17:51
1134	8	3	20:17:51
1059	8	3	20:17:51
1051	8	3	20:17:51
1018	8	3	20:17:51
1264	12	3	10:08:29
1245	12	3	10:08:29
1032	12	3	10:08:29
504	12	3	10:08:29
401	12	3	10:08:29
830	12	3	10:08:29
870	12	3	10:08:29
795	12	3	10:08:29
684	12	3	10:08:29
663	12	3	10:08:29
671	12	3	10:08:29
787	12	3	10:08:29
1040	12	3	10:08:29
1002	12	3	10:08:29
1061	12	3	10:08:29
1196	12	3	10:08:29
1183	12	3	10:08:29
1132	12	3	10:08:29
1051	12	3	10:08:29
722	12	3	10:08:29
706	12	3	10:08:29
687	12	3	10:08:29
673	12	3	10:08:29
822	12	3	10:08:29
1105	12	3	10:08:29
1083	12	3	10:08:29
1282	12	3	10:08:29
1220	12	3	10:08:29
1061	12	3	10:08:29
1018	12	3	10:08:29
849	12	3	10:08:29
698	12	3	10:08:29
668	12	3	10:08:29
706	12	3	10:08:29
754	12	3	10:08:29
1053	12	3	10:08:29
1026	12	3	10:08:29
1304	12	3	10:08:29
1231	12	3	10:08:29
1204	12	3	10:08:29
1056	12	3	10:08:29
846	12	3	10:08:29
708	12	3	10:08:29
700	12	3	10:08:29
673	12	3	10:08:29
757	12	3	10:08:29
991	12	3	10:08:29
983	12	3	10:08:29
1315	12	3	10:08:29
1202	12	3	10:08:29
1172	12	3	10:08:29
1088	12	3	10:08:29
878	12	3	10:08:29
700	12	3	10:08:29
676	12	3	10:08:29
690	12	3	10:08:29
749	12	3	10:08:29
991	12	3	10:08:29
997	12	3	10:08:29
1344	12	3	10:08:29
1215	12	3	10:08:29
1158	12	3	10:08:29
1037	12	3	10:08:29
913	12	3	10:08:29
711	12	3	10:08:29
708	12	3	10:08:29
698	12	3	10:08:29
770	12	3	10:08:29
943	12	3	10:08:29
1056	12	3	10:08:29
1379	12	3	10:08:29
1285	12	3	10:08:29
1172	12	3	10:08:29
1156	12	3	10:08:29
805	12	3	10:08:29
730	12	3	10:08:29
695	12	3	10:08:29
687	12	3	10:08:29
808	12	3	10:08:29
1053	12	3	10:08:29
1344	12	3	10:08:29
1285	12	3	10:08:29
1210	12	3	10:08:29
1126	12	3	10:08:29
846	12	3	10:08:29
719	12	3	10:08:29
687	12	3	10:08:29
714	12	3	10:08:29
779	12	3	10:08:29
997	12	3	10:08:29
991	12	3	10:08:29
1277	12	3	10:08:29
1212	12	3	10:08:29
1180	12	3	10:08:29
1034	12	3	10:08:29
897	12	3	10:08:29
711	12	3	10:08:29
711	12	3	10:08:29
690	12	3	10:08:29
743	12	3	10:08:29
876	12	3	10:08:29
1048	12	3	10:08:29
1317	12	3	10:08:29
1226	12	3	10:08:29
1161	12	3	10:08:29
1185	12	3	10:08:29
919	12	3	10:08:29
727	12	3	10:08:29
714	12	3	10:08:29
681	12	3	10:08:29
743	12	3	10:08:29
927	12	3	10:08:29
1037	12	3	10:08:29
1336	12	3	10:08:29
1258	12	3	10:08:29
1199	12	3	10:08:29
1032	12	3	10:08:29
838	12	3	10:08:29
698	12	3	10:08:29
717	12	3	10:08:29
690	12	3	10:08:29
779	12	3	10:08:29
997	12	3	10:08:29
1010	12	3	10:08:29
1021	12	3	10:08:29
1253	12	3	10:08:29
1212	12	3	10:08:29
1164	12	3	10:08:29
1043	12	3	10:08:29
773	12	3	10:08:29
698	12	3	10:08:29
679	12	3	10:08:29
695	12	3	10:08:29
792	12	3	10:08:29
1024	12	3	10:08:29
1008	12	3	10:08:29
1280	12	3	10:08:29
1255	12	3	10:08:29
1191	12	3	10:08:29
1034	12	3	10:08:29
757	12	3	10:08:29
695	12	3	10:08:29
687	12	3	10:08:29
684	12	3	10:08:29
725	12	3	10:08:29
997	12	3	10:08:29
994	12	3	10:08:29
1239	12	3	10:08:29
1210	12	3	10:08:29
1148	12	3	10:08:29
1043	12	3	10:08:29
873	12	3	10:08:29
695	12	3	10:08:29
681	12	3	10:08:29
676	12	3	10:08:29
700	12	3	10:08:29
978	12	3	10:08:29
1013	12	3	10:08:29
1255	12	3	10:08:29
1180	12	3	10:08:29
1145	12	3	10:08:29
1021	12	3	10:08:29
924	12	3	10:08:29
725	12	3	10:08:29
684	12	3	10:08:29
668	12	3	10:08:29
741	12	3	10:08:29
962	12	3	10:08:29
973	12	3	10:08:29
999	12	3	10:08:29
1280	12	3	10:08:29
1207	12	3	10:08:29
1204	12	3	10:08:29
956	12	3	10:08:29
719	12	3	10:08:29
714	12	3	10:08:29
676	12	3	10:08:29
703	12	3	10:08:29
1005	12	3	10:08:29
1051	12	3	10:08:29
1301	12	3	10:08:29
1266	12	3	10:08:29
1191	12	3	10:08:29
1115	12	3	10:08:29
797	12	3	10:08:29
711	12	3	10:08:29
692	12	3	10:08:29
687	12	3	10:08:29
768	12	3	10:08:29
916	12	3	10:08:29
1037	12	3	10:08:29
1301	12	3	10:08:29
1247	12	3	10:08:29
1183	12	3	10:08:29
1029	12	3	10:08:29
913	12	3	10:08:29
711	12	3	10:08:29
681	12	3	10:08:29
700	12	3	10:08:29
730	12	3	10:08:29
805	12	3	10:08:29
994	12	3	10:08:29
1008	12	3	10:08:29
1274	12	3	10:08:29
1242	12	3	10:08:29
1164	12	3	10:08:29
1026	12	3	10:08:29
795	12	3	10:08:29
752	12	3	10:08:29
628	12	3	10:08:29
749	12	3	10:08:29
703	12	3	10:08:29
970	12	3	10:08:29
991	12	3	10:08:29
1282	12	3	10:08:29
1121	12	3	10:08:29
959	12	3	10:08:29
854	12	3	10:08:29
714	12	3	10:08:29
703	12	3	10:08:29
679	12	3	10:08:29
692	12	3	10:08:29
773	12	3	10:08:29
1067	12	3	10:08:29
1245	12	3	10:08:29
1199	12	3	10:08:29
1156	12	3	10:08:29
1037	12	3	10:08:29
1048	12	3	10:08:29
749	12	3	10:08:29
727	12	3	10:08:29
703	12	3	10:08:29
681	12	3	10:08:29
760	12	3	10:08:29
876	12	3	10:08:29
1032	12	3	10:08:29
1045	12	3	10:08:29
1247	12	3	10:08:29
1255	12	3	10:08:29
1145	12	3	10:08:29
1005	12	3	10:08:29
757	12	3	10:08:29
711	12	3	10:08:29
722	12	3	10:08:29
719	12	3	10:08:29
757	12	3	10:08:29
1247	12	3	10:08:29
1264	12	3	10:08:29
1229	12	3	10:08:29
1096	12	3	10:08:29
1113	12	3	10:08:29
840	12	3	10:08:29
741	12	3	10:08:29
708	12	3	10:08:29
703	12	3	10:08:29
743	12	3	10:08:29
908	12	3	10:08:29
1064	12	3	10:08:29
1317	12	3	10:08:29
1258	12	3	10:08:29
1188	12	3	10:08:29
1051	12	3	10:08:29
959	12	3	10:08:29
752	12	3	10:08:29
690	12	3	10:08:29
708	12	3	10:08:29
722	12	3	10:08:29
797	12	3	10:08:29
1040	12	3	10:08:29
1342	12	3	10:08:29
1053	12	3	10:08:29
937	12	3	10:08:29
940	12	3	10:08:29
876	12	3	10:08:29
819	12	3	10:08:29
719	12	3	10:08:29
700	12	3	10:08:29
690	12	3	10:08:29
673	12	3	10:08:29
725	12	3	10:08:29
781	12	3	10:08:29
1013	12	3	10:08:29
975	12	3	10:08:29
954	12	3	10:08:29
948	12	3	10:08:29
1115	12	3	10:08:29
843	12	3	10:08:29
698	12	3	10:08:29
708	12	3	10:08:29
730	12	3	10:08:29
673	12	3	10:08:29
859	12	3	10:08:29
1018	12	3	10:08:29
1296	12	3	10:08:29
1212	12	3	10:08:29
1161	12	3	10:08:29
1040	12	3	10:08:29
935	12	3	10:08:29
754	12	3	10:08:29
703	12	3	10:08:29
708	12	3	10:08:29
706	12	3	10:08:29
814	12	3	10:08:29
1010	12	3	10:08:29
1026	12	3	10:08:29
1309	12	3	10:08:29
1301	12	3	10:08:29
1223	12	3	10:08:29
970	12	3	10:08:29
725	12	3	10:08:29
719	12	3	10:08:29
722	12	3	10:08:29
708	12	3	10:08:29
876	12	3	10:08:29
1029	12	3	10:08:29
1331	12	3	10:08:29
1272	12	3	10:08:29
1229	12	3	10:08:29
1040	12	3	10:08:29
943	12	3	10:08:29
714	12	3	10:08:29
727	12	3	10:08:29
711	12	3	10:08:29
741	12	3	10:08:29
830	12	3	10:08:29
1032	12	3	10:08:29
1026	12	3	10:08:29
1315	12	3	10:08:29
1234	12	3	10:08:29
1043	12	3	10:08:29
932	12	3	10:08:29
816	12	3	10:08:29
722	12	3	10:08:29
708	12	3	10:08:29
730	12	3	10:08:29
787	12	3	10:08:29
752	12	3	10:08:29
1048	12	3	10:08:29
1293	12	3	10:08:29
1078	12	3	10:08:29
1185	12	3	10:08:29
1048	12	3	10:08:29
816	12	3	10:08:29
722	12	3	10:08:29
684	12	3	10:08:29
706	12	3	10:08:29
749	12	3	10:08:29
1005	12	3	10:08:29
1010	12	3	10:08:29
1299	12	3	10:08:29
1255	12	3	10:08:29
1172	12	3	10:08:29
1021	12	3	10:08:29
814	12	3	10:08:29
719	12	3	10:08:29
700	12	3	10:08:29
725	12	3	10:08:29
681	12	3	10:08:29
795	12	3	10:08:29
1056	12	3	10:08:29
1374	12	3	10:08:29
1274	12	3	10:08:29
1070	12	3	10:08:29
1134	12	3	10:08:29
797	12	3	10:08:29
722	12	3	10:08:29
703	12	3	10:08:29
746	12	3	10:08:29
792	12	3	10:08:29
1229	12	3	10:08:29
1301	12	3	10:08:29
1315	12	3	10:08:29
1193	12	3	10:08:29
1212	12	3	10:08:29
1013	12	3	10:08:29
765	12	3	10:08:29
711	12	3	10:08:29
690	12	3	10:08:29
746	12	3	10:08:29
830	12	3	10:08:29
1005	12	3	10:08:29
1048	12	3	10:08:29
1274	12	3	10:08:29
1070	12	3	10:08:29
1164	12	3	10:08:29
894	12	3	10:08:29
730	12	3	10:08:29
703	12	3	10:08:29
730	12	3	10:08:29
719	12	3	10:08:29
781	12	3	10:08:29
997	12	3	10:08:29
1002	12	3	10:08:29
1272	12	3	10:08:29
1220	12	3	10:08:29
1051	12	3	10:08:29
978	12	3	10:08:29
843	12	3	10:08:29
700	12	3	10:08:29
711	12	3	10:08:29
706	12	3	10:08:29
749	12	3	10:08:29
840	12	3	10:08:29
1040	12	3	10:08:29
1320	12	3	10:08:29
1212	12	3	10:08:29
1026	12	3	10:08:29
978	12	3	10:08:29
919	12	3	10:08:29
738	12	3	10:08:29
708	12	3	10:08:29
722	12	3	10:08:29
717	12	3	10:08:29
805	12	3	10:08:29
1024	12	3	10:08:29
1344	12	3	10:08:29
1296	12	3	10:08:29
1070	12	3	10:08:29
902	12	3	10:08:29
830	12	3	10:08:29
727	12	3	10:08:29
708	12	3	10:08:29
706	12	3	10:08:29
730	12	3	10:08:29
830	12	3	10:08:29
1040	12	3	10:08:29
1280	12	3	10:08:29
1234	12	3	10:08:29
1037	12	3	10:08:29
991	12	3	10:08:29
978	12	3	10:08:29
865	12	3	10:08:29
743	12	3	10:08:29
700	12	3	10:08:29
711	12	3	10:08:29
754	12	3	10:08:29
787	12	3	10:08:29
1043	12	3	10:08:29
1336	12	3	10:08:29
1277	12	3	10:08:29
1148	12	3	10:08:29
1040	12	3	10:08:29
948	12	3	10:08:29
754	12	3	10:08:29
700	12	3	10:08:29
719	12	3	10:08:29
719	12	3	10:08:29
781	12	3	10:08:29
1013	12	3	10:08:29
1008	12	3	10:08:29
1307	12	3	10:08:29
1218	12	3	10:08:29
1008	12	3	10:08:29
822	12	3	10:08:29
708	12	3	10:08:29
717	12	3	10:08:29
708	12	3	10:08:29
913	12	3	10:08:29
644	12	3	10:08:29
539	12	3	10:08:29
722	12	3	10:08:29
552	12	3	10:08:29
1202	12	3	10:08:29
1150	12	3	10:08:29
937	12	3	10:08:29
954	12	3	10:08:29
708	12	3	10:08:29
700	12	3	10:08:29
711	12	3	10:08:29
671	12	3	10:08:29
687	12	3	10:08:29
752	12	3	10:08:29
1229	12	3	10:08:29
1191	12	3	10:08:29
1153	12	3	10:08:29
1067	12	3	10:08:29
1016	12	3	10:08:29
805	12	3	10:08:29
727	12	3	10:08:29
690	12	3	10:08:29
676	12	3	10:08:29
727	12	3	10:08:29
943	12	3	10:08:29
1013	12	3	10:08:29
1024	12	3	10:08:29
1234	12	3	10:08:29
1247	12	3	10:08:29
1026	12	3	10:08:29
986	12	3	10:08:29
749	12	3	10:08:29
700	12	3	10:08:29
698	12	3	10:08:29
708	12	3	10:08:29
714	12	3	10:08:29
773	12	3	10:08:29
819	12	3	10:08:29
1315	12	3	10:08:29
1242	12	3	10:08:29
1185	12	3	10:08:29
1094	12	3	10:08:29
1032	12	3	10:08:29
819	12	3	10:08:29
692	12	3	10:08:29
700	12	3	10:08:29
700	12	3	10:08:29
708	12	3	10:08:29
754	12	3	10:08:29
1053	12	3	10:08:29
1274	12	3	10:08:29
1237	12	3	10:08:29
1142	12	3	10:08:29
1032	12	3	10:08:29
770	12	3	10:08:29
711	12	3	10:08:29
708	12	3	10:08:29
700	12	3	10:08:29
741	12	3	10:08:29
819	12	3	10:08:29
1061	12	3	10:08:29
1315	12	3	10:08:29
1212	12	3	10:08:29
1045	12	3	10:08:29
1099	12	3	10:08:29
824	12	3	10:08:29
719	12	3	10:08:29
687	12	3	10:08:29
722	12	3	10:08:29
765	12	3	10:08:29
1010	12	3	10:08:29
1024	12	3	10:08:29
1296	12	3	10:08:29
1272	12	3	10:08:29
1043	12	3	10:08:29
983	12	3	10:08:29
951	12	3	10:08:29
770	12	3	10:08:29
735	12	3	10:08:29
706	12	3	10:08:29
760	12	3	10:08:29
819	12	3	10:08:29
1037	12	3	10:08:29
1363	12	3	10:08:29
1237	12	3	10:08:29
1180	12	3	10:08:29
1024	12	3	10:08:29
905	12	3	10:08:29
717	12	3	10:08:29
698	12	3	10:08:29
698	12	3	10:08:29
746	12	3	10:08:29
789	12	3	10:08:29
1010	12	3	10:08:29
1061	12	3	10:08:29
1285	12	3	10:08:29
1234	12	3	10:08:29
1051	12	3	10:08:29
970	12	3	10:08:29
857	12	3	10:08:29
752	12	3	10:08:29
725	12	3	10:08:29
700	12	3	10:08:29
743	12	3	10:08:29
851	12	3	10:08:29
1056	12	3	10:08:29
1002	12	3	10:08:29
970	12	3	10:08:29
978	12	3	10:08:29
870	12	3	10:08:29
808	12	3	10:08:29
595	12	3	10:08:29
695	12	3	10:08:29
1320	12	3	10:08:29
717	12	3	10:08:29
552	12	3	10:08:29
743	12	3	10:08:29
722	12	3	10:08:29
814	12	3	10:08:29
1153	12	3	10:08:29
1123	12	3	10:08:29
1153	12	3	10:08:29
1064	12	3	10:08:29
789	12	3	10:08:29
733	12	3	10:08:29
698	12	3	10:08:29
700	12	3	10:08:29
719	12	3	10:08:29
814	12	3	10:08:29
1018	12	3	10:08:29
1021	12	3	10:08:29
1269	12	3	10:08:29
1204	12	3	10:08:29
1029	12	3	10:08:29
913	12	3	10:08:29
738	12	3	10:08:29
698	12	3	10:08:29
727	12	3	10:08:29
733	12	3	10:08:29
824	12	3	10:08:29
1034	12	3	10:08:29
1043	12	3	10:08:29
1309	12	3	10:08:29
1218	12	3	10:08:29
1067	12	3	10:08:29
981	12	3	10:08:29
838	12	3	10:08:29
730	12	3	10:08:29
700	12	3	10:08:29
717	12	3	10:08:29
743	12	3	10:08:29
808	12	3	10:08:29
1094	12	3	10:08:29
1344	12	3	10:08:29
1266	12	3	10:08:29
1215	12	3	10:08:29
959	12	3	10:08:29
768	12	3	10:08:29
717	12	3	10:08:29
706	12	3	10:08:29
714	12	3	10:08:29
762	12	3	10:08:29
878	12	3	10:08:29
1072	12	3	10:08:29
1344	12	3	10:08:29
1282	12	3	10:08:29
1132	12	3	10:08:29
1045	12	3	10:08:29
762	12	3	10:08:29
719	12	3	10:08:29
719	12	3	10:08:29
706	12	3	10:08:29
743	12	3	10:08:29
792	12	3	10:08:29
1091	12	3	10:08:29
1355	12	3	10:08:29
1277	12	3	10:08:29
1172	12	3	10:08:29
1037	12	3	10:08:29
822	12	3	10:08:29
730	12	3	10:08:29
703	12	3	10:08:29
692	12	3	10:08:29
770	12	3	10:08:29
878	12	3	10:08:29
1080	12	3	10:08:29
1361	12	3	10:08:29
1350	12	3	10:08:29
1193	12	3	10:08:29
1013	12	3	10:08:29
846	12	3	10:08:29
722	12	3	10:08:29
708	12	3	10:08:29
717	12	3	10:08:29
787	12	3	10:08:29
1021	12	3	10:08:29
1051	12	3	10:08:29
1293	12	3	10:08:29
1288	12	3	10:08:29
1242	12	3	10:08:29
946	12	3	10:08:29
730	12	3	10:08:29
738	12	3	10:08:29
719	12	3	10:08:29
752	12	3	10:08:29
927	12	3	10:08:29
1029	12	3	10:08:29
1056	12	3	10:08:29
1390	12	3	10:08:29
1266	12	3	10:08:29
1080	12	3	10:08:29
954	12	3	10:08:29
838	12	3	10:08:29
776	12	3	10:08:29
714	12	3	10:08:29
717	12	3	10:08:29
768	12	3	10:08:29
1010	12	3	10:08:29
1040	12	3	10:08:29
1323	12	3	10:08:29
1080	12	3	10:08:29
956	12	3	10:08:29
924	12	3	10:08:29
830	12	3	10:08:29
733	12	3	10:08:29
741	12	3	10:08:29
735	12	3	10:08:29
749	12	3	10:08:29
978	12	3	10:08:29
1070	12	3	10:08:29
1282	12	3	10:08:29
1064	12	3	10:08:29
975	12	3	10:08:29
929	12	3	10:08:29
835	12	3	10:08:29
749	12	3	10:08:29
719	12	3	10:08:29
722	12	3	10:08:29
792	12	3	10:08:29
760	12	3	10:08:29
1013	12	3	10:08:29
1029	12	3	10:08:29
1218	12	3	10:08:29
703	12	3	10:08:29
913	12	3	10:08:29
948	12	3	10:08:29
865	12	3	10:08:29
727	12	3	10:08:29
700	12	3	10:08:29
722	12	3	10:08:29
819	12	3	10:08:29
870	12	3	10:08:29
1034	12	3	10:08:29
1018	12	3	10:08:29
1304	12	3	10:08:29
1234	12	3	10:08:29
1059	12	3	10:08:29
959	12	3	10:08:29
849	12	3	10:08:29
733	12	3	10:08:29
1495	12	3	10:08:29
735	12	3	10:08:29
725	12	3	10:08:29
1229	12	3	10:08:29
937	12	3	10:08:29
981	12	3	10:08:29
1016	12	3	10:08:29
878	12	3	10:08:29
792	12	3	10:08:29
913	12	3	10:08:29
1245	12	3	10:08:29
722	12	3	10:08:29
458	12	3	10:08:29
544	12	3	10:08:29
396	12	3	10:08:29
1067	12	3	10:08:29
1350	12	3	10:08:29
1161	12	3	10:08:29
1005	12	3	10:08:29
463	12	3	10:08:29
1288	12	3	10:08:29
690	12	3	10:08:29
703	12	3	10:08:29
687	12	3	10:08:29
698	12	3	10:08:29
741	12	3	10:08:29
1034	12	3	10:08:29
1040	12	3	10:08:29
1253	12	3	10:08:29
1045	12	3	10:08:29
975	12	3	10:08:29
975	12	3	10:08:29
757	12	3	10:08:29
730	12	3	10:08:29
698	12	3	10:08:29
714	12	3	10:08:29
752	12	3	10:08:29
827	12	3	10:08:29
1043	12	3	10:08:29
1053	12	3	10:08:29
1336	12	3	10:08:29
1242	12	3	10:08:29
1051	12	3	10:08:29
886	12	3	10:08:29
749	12	3	10:08:29
698	12	3	10:08:29
706	12	3	10:08:29
714	12	3	10:08:29
770	12	3	10:08:29
1029	12	3	10:08:29
1010	12	3	10:08:29
1336	12	3	10:08:29
1266	12	3	10:08:29
997	12	3	10:08:29
937	12	3	10:08:29
741	12	3	10:08:29
692	12	3	10:08:29
698	12	3	10:08:29
698	12	3	10:08:29
743	12	3	10:08:29
900	12	3	10:08:29
1070	12	3	10:08:29
1288	12	3	10:08:29
1229	12	3	10:08:29
1148	12	3	10:08:29
1061	12	3	10:08:29
884	12	3	10:08:29
733	12	3	10:08:29
708	12	3	10:08:29
700	12	3	10:08:29
727	12	3	10:08:29
741	12	3	10:08:29
838	12	3	10:08:29
1072	12	3	10:08:29
1301	12	3	10:08:29
1218	12	3	10:08:29
1040	12	3	10:08:29
1005	12	3	10:08:29
902	12	3	10:08:29
749	12	3	10:08:29
711	12	3	10:08:29
692	12	3	10:08:29
719	12	3	10:08:29
789	12	3	10:08:29
1061	12	3	10:08:29
1309	12	3	10:08:29
1269	12	3	10:08:29
1053	12	3	10:08:29
981	12	3	10:08:29
832	12	3	10:08:29
725	12	3	10:08:29
743	12	3	10:08:29
733	12	3	10:08:29
754	12	3	10:08:29
916	12	3	10:08:29
1080	12	3	10:08:29
1355	12	3	10:08:29
1272	12	3	10:08:29
1067	12	3	10:08:29
986	12	3	10:08:29
927	12	3	10:08:29
752	12	3	10:08:29
722	12	3	10:08:29
722	12	3	10:08:29
773	12	3	10:08:29
816	12	3	10:08:29
1029	12	3	10:08:29
1078	12	3	10:08:29
1334	12	3	10:08:29
1247	12	3	10:08:29
1075	12	3	10:08:29
956	12	3	10:08:29
814	12	3	10:08:29
722	12	3	10:08:29
735	12	3	10:08:29
741	12	3	10:08:29
781	12	3	10:08:29
902	12	3	10:08:29
1067	12	3	10:08:29
1312	12	3	10:08:29
1051	12	3	10:08:29
962	12	3	10:08:29
978	12	3	10:08:29
932	12	3	10:08:29
770	12	3	10:08:29
671	12	3	10:08:29
717	12	3	10:08:29
843	12	3	10:08:29
1008	12	3	10:08:29
1043	12	3	10:08:29
1277	12	3	10:08:29
1053	12	3	10:08:29
989	12	3	10:08:29
937	12	3	10:08:29
876	12	3	10:08:29
738	12	3	10:08:29
725	12	3	10:08:29
711	12	3	10:08:29
760	12	3	10:08:29
1018	12	3	10:08:29
999	12	3	10:08:29
1043	12	3	10:08:29
1285	12	3	10:08:29
1045	12	3	10:08:29
940	12	3	10:08:29
886	12	3	10:08:29
743	12	3	10:08:29
735	12	3	10:08:29
717	12	3	10:08:29
738	12	3	10:08:29
811	12	3	10:08:29
1029	12	3	10:08:29
1024	12	3	10:08:29
1299	12	3	10:08:29
1269	12	3	10:08:29
1075	12	3	10:08:29
954	12	3	10:08:29
779	12	3	10:08:29
714	12	3	10:08:29
725	12	3	10:08:29
735	12	3	10:08:29
770	12	3	10:08:29
1018	12	3	10:08:29
1048	12	3	10:08:29
1323	12	3	10:08:29
1061	12	3	10:08:29
994	12	3	10:08:29
967	12	3	10:08:29
838	12	3	10:08:29
730	12	3	10:08:29
692	12	3	10:08:29
743	12	3	10:08:29
762	12	3	10:08:29
876	12	3	10:08:29
1043	12	3	10:08:29
1312	12	3	10:08:29
1088	12	3	10:08:29
999	12	3	10:08:29
951	12	3	10:08:29
849	12	3	10:08:29
733	12	3	10:08:29
717	12	3	10:08:29
735	12	3	10:08:29
776	12	3	10:08:29
827	12	3	10:08:29
1008	12	3	10:08:29
1021	12	3	10:08:29
1008	12	3	10:08:29
1237	12	3	10:08:29
1045	12	3	10:08:29
973	12	3	10:08:29
873	12	3	10:08:29
725	12	3	10:08:29
703	12	3	10:08:29
733	12	3	10:08:29
746	12	3	10:08:29
819	12	3	10:08:29
1043	12	3	10:08:29
1350	12	3	10:08:29
1255	12	3	10:08:29
1102	12	3	10:08:29
1008	12	3	10:08:29
978	12	3	10:08:29
795	12	3	10:08:29
749	12	3	10:08:29
735	12	3	10:08:29
738	12	3	10:08:29
832	12	3	10:08:29
1070	12	3	10:08:29
1423	12	3	10:08:29
1336	12	3	10:08:29
1091	12	3	10:08:29
989	12	3	10:08:29
948	12	3	10:08:29
832	12	3	10:08:29
752	12	3	10:08:29
730	12	3	10:08:29
757	12	3	10:08:29
932	12	3	10:08:29
1075	12	3	10:08:29
1304	12	3	10:08:29
1051	12	3	10:08:29
989	12	3	10:08:29
940	12	3	10:08:29
873	12	3	10:08:29
733	12	3	10:08:29
743	12	3	10:08:29
719	12	3	10:08:29
738	12	3	10:08:29
849	12	3	10:08:29
1026	12	3	10:08:29
1040	12	3	10:08:29
1320	12	3	10:08:29
1078	12	3	10:08:29
959	12	3	10:08:29
956	12	3	10:08:29
768	12	3	10:08:29
719	12	3	10:08:29
614	12	3	10:08:29
1264	12	3	10:08:29
1078	12	3	10:08:29
999	12	3	10:08:29
1048	12	3	10:08:29
1282	12	3	10:08:29
1075	12	3	10:08:29
1005	12	3	10:08:29
870	12	3	10:08:29
741	12	3	10:08:29
733	12	3	10:08:29
706	12	3	10:08:29
730	12	3	10:08:29
792	12	3	10:08:29
999	12	3	10:08:29
1018	12	3	10:08:29
1269	12	3	10:08:29
1040	12	3	10:08:29
986	12	3	10:08:29
948	12	3	10:08:29
897	12	3	10:08:29
765	12	3	10:08:29
725	12	3	10:08:29
727	12	3	10:08:29
746	12	3	10:08:29
811	12	3	10:08:29
1013	12	3	10:08:29
981	12	3	10:08:29
1016	12	3	10:08:29
959	12	3	10:08:29
951	12	3	10:08:29
940	12	3	10:08:29
916	12	3	10:08:29
738	12	3	10:08:29
733	12	3	10:08:29
743	12	3	10:08:29
749	12	3	10:08:29
1013	12	3	10:08:29
1040	12	3	10:08:29
1261	12	3	10:08:29
1045	12	3	10:08:29
994	12	3	10:08:29
959	12	3	10:08:29
873	12	3	10:08:29
725	12	3	10:08:29
722	12	3	10:08:29
717	12	3	10:08:29
738	12	3	10:08:29
789	12	3	10:08:29
1013	12	3	10:08:29
1024	12	3	10:08:29
1018	12	3	10:08:29
1010	12	3	10:08:29
1210	12	3	10:08:29
1002	12	3	10:08:29
867	12	3	10:08:29
738	12	3	10:08:29
708	12	3	10:08:29
730	12	3	10:08:29
749	12	3	10:08:29
859	12	3	10:08:29
1032	12	3	10:08:29
1350	12	3	10:08:29
1064	12	3	10:08:29
999	12	3	10:08:29
964	12	3	10:08:29
973	12	3	10:08:29
878	12	3	10:08:29
727	12	3	10:08:29
708	12	3	10:08:29
735	12	3	10:08:29
835	12	3	10:08:29
1010	12	3	10:08:29
1032	12	3	10:08:29
1350	12	3	10:08:29
1091	12	3	10:08:29
1013	12	3	10:08:29
1005	12	3	10:08:29
954	12	3	10:08:29
892	12	3	10:08:29
746	12	3	10:08:29
752	12	3	10:08:29
773	12	3	10:08:29
1016	12	3	10:08:29
1056	12	3	10:08:29
1026	12	3	10:08:29
967	12	3	10:08:29
981	12	3	10:08:29
983	12	3	10:08:29
946	12	3	10:08:29
819	12	3	10:08:29
730	12	3	10:08:29
749	12	3	10:08:29
779	12	3	10:08:29
795	12	3	10:08:29
1024	12	3	10:08:29
1029	12	3	10:08:29
1018	12	3	10:08:29
1258	12	3	10:08:29
1083	12	3	10:08:29
948	12	3	10:08:29
779	12	3	10:08:29
706	12	3	10:08:29
719	12	3	10:08:29
746	12	3	10:08:29
832	12	3	10:08:29
1024	12	3	10:08:29
999	12	3	10:08:29
1016	12	3	10:08:29
1005	12	3	10:08:29
997	12	3	10:08:29
954	12	3	10:08:29
956	12	3	10:08:29
803	12	3	10:08:29
714	12	3	10:08:29
730	12	3	10:08:29
733	12	3	10:08:29
814	12	3	10:08:29
1010	12	3	10:08:29
1018	12	3	10:08:29
991	12	3	10:08:29
975	12	3	10:08:29
935	12	3	10:08:29
948	12	3	10:08:29
865	12	3	10:08:29
735	12	3	10:08:29
722	12	3	10:08:29
717	12	3	10:08:29
760	12	3	10:08:29
768	12	3	10:08:29
1045	12	3	10:08:29
1366	12	3	10:08:29
1255	12	3	10:08:29
1075	12	3	10:08:29
1002	12	3	10:08:29
900	12	3	10:08:29
722	12	3	10:08:29
700	12	3	10:08:29
730	12	3	10:08:29
719	12	3	10:08:29
784	12	3	10:08:29
964	12	3	10:08:29
1094	12	3	10:08:29
1315	12	3	10:08:29
1199	12	3	10:08:29
1064	12	3	10:08:29
975	12	3	10:08:29
770	12	3	10:08:29
727	12	3	10:08:29
711	12	3	10:08:29
738	12	3	10:08:29
762	12	3	10:08:29
1005	12	3	10:08:29
1034	12	3	10:08:29
1269	12	3	10:08:29
1026	12	3	10:08:29
973	12	3	10:08:29
959	12	3	10:08:29
892	12	3	10:08:29
735	12	3	10:08:29
700	12	3	10:08:29
708	12	3	10:08:29
743	12	3	10:08:29
760	12	3	10:08:29
1043	12	3	10:08:29
1021	12	3	10:08:29
1307	12	3	10:08:29
1070	12	3	10:08:29
994	12	3	10:08:29
951	12	3	10:08:29
741	12	3	10:08:29
722	12	3	10:08:29
700	12	3	10:08:29
725	12	3	10:08:29
735	12	3	10:08:29
846	12	3	10:08:29
1040	12	3	10:08:29
1032	12	3	10:08:29
1245	12	3	10:08:29
1037	12	3	10:08:29
975	12	3	10:08:29
902	12	3	10:08:29
749	12	3	10:08:29
703	12	3	10:08:29
703	12	3	10:08:29
714	12	3	10:08:29
733	12	3	10:08:29
808	12	3	10:08:29
1059	12	3	10:08:29
1016	12	3	10:08:29
1282	12	3	10:08:29
1086	12	3	10:08:29
964	12	3	10:08:29
929	12	3	10:08:29
803	12	3	10:08:29
733	12	3	10:08:29
711	12	3	10:08:29
714	12	3	10:08:29
725	12	3	10:08:29
970	12	3	10:08:29
1061	12	3	10:08:29
1010	12	3	10:08:29
981	12	3	10:08:29
981	12	3	10:08:29
962	12	3	10:08:29
943	12	3	10:08:29
773	12	3	10:08:29
719	12	3	10:08:29
703	12	3	10:08:29
719	12	3	10:08:29
743	12	3	10:08:29
884	12	3	10:08:29
1067	12	3	10:08:29
1026	12	3	10:08:29
1242	12	3	10:08:29
1029	12	3	10:08:29
959	12	3	10:08:29
916	12	3	10:08:29
765	12	3	10:08:29
708	12	3	10:08:29
706	12	3	10:08:29
743	12	3	10:08:29
784	12	3	10:08:29
1010	12	3	10:08:29
1037	12	3	10:08:29
1285	12	3	10:08:29
1059	12	3	10:08:29
981	12	3	10:08:29
951	12	3	10:08:29
843	12	3	10:08:29
738	12	3	10:08:29
708	12	3	10:08:29
717	12	3	10:08:29
762	12	3	10:08:29
808	12	3	10:08:29
1032	12	3	10:08:29
1021	12	3	10:08:29
1002	12	3	10:08:29
975	12	3	10:08:29
954	12	3	10:08:29
962	12	3	10:08:29
830	12	3	10:08:29
722	12	3	10:08:29
725	12	3	10:08:29
722	12	3	10:08:29
741	12	3	10:08:29
857	12	3	10:08:29
1021	12	3	10:08:29
1013	12	3	10:08:29
1277	12	3	10:08:29
1048	12	3	10:08:29
986	12	3	10:08:29
951	12	3	10:08:29
832	12	3	10:08:29
719	12	3	10:08:29
727	12	3	10:08:29
714	12	3	10:08:29
735	12	3	10:08:29
959	12	3	10:08:29
1045	12	3	10:08:29
1029	12	3	10:08:29
1218	12	3	10:08:29
1064	12	3	10:08:29
991	12	3	10:08:29
897	12	3	10:08:29
741	12	3	10:08:29
730	12	3	10:08:29
733	12	3	10:08:29
757	12	3	10:08:29
900	12	3	10:08:29
1051	12	3	10:08:29
1034	12	3	10:08:29
940	12	3	10:08:29
970	12	3	10:08:29
951	12	3	10:08:29
959	12	3	10:08:29
867	12	3	10:08:29
789	12	3	10:08:29
711	12	3	10:08:29
700	12	3	10:08:29
679	12	3	10:08:29
830	12	3	10:08:29
935	12	3	10:08:29
1016	12	3	10:08:29
1304	12	3	10:08:29
1352	12	3	10:08:29
913	12	3	10:08:29
717	12	3	10:08:29
727	12	3	10:08:29
695	12	3	10:08:29
703	12	3	10:08:29
714	12	3	10:08:29
746	12	3	10:08:29
900	12	3	10:08:29
1083	12	3	10:08:29
1250	12	3	10:08:29
1056	12	3	10:08:29
978	12	3	10:08:29
997	12	3	10:08:29
900	12	3	10:08:29
717	12	3	10:08:29
722	12	3	10:08:29
692	12	3	10:08:29
722	12	3	10:08:29
738	12	3	10:08:29
803	12	3	10:08:29
1029	12	3	10:08:29
1024	12	3	10:08:29
994	12	3	10:08:29
986	12	3	10:08:29
973	12	3	10:08:29
978	12	3	10:08:29
838	12	3	10:08:29
733	12	3	10:08:29
708	12	3	10:08:29
714	12	3	10:08:29
706	12	3	10:08:29
752	12	3	10:08:29
1005	12	3	10:08:29
1021	12	3	10:08:29
1304	12	3	10:08:29
1264	12	3	10:08:29
1064	12	3	10:08:29
962	12	3	10:08:29
819	12	3	10:08:29
725	12	3	10:08:29
735	12	3	10:08:29
711	12	3	10:08:29
752	12	3	10:08:29
865	12	3	10:08:29
1053	12	3	10:08:29
1307	12	3	10:08:29
1078	12	3	10:08:29
989	12	3	10:08:29
954	12	3	10:08:29
859	12	3	10:08:29
717	12	3	10:08:29
717	12	3	10:08:29
703	12	3	10:08:29
719	12	3	10:08:29
765	12	3	10:08:29
1021	12	3	10:08:29
1021	12	3	10:08:29
1296	12	3	10:08:29
1075	12	3	10:08:29
967	12	3	10:08:29
973	12	3	10:08:29
849	12	3	10:08:29
741	12	3	10:08:29
719	12	3	10:08:29
698	12	3	10:08:29
703	12	3	10:08:29
752	12	3	10:08:29
1010	12	3	10:08:29
1002	12	3	10:08:29
1008	12	3	10:08:29
1185	12	3	10:08:29
1053	12	3	10:08:29
973	12	3	10:08:29
859	12	3	10:08:29
733	12	3	10:08:29
714	12	3	10:08:29
700	12	3	10:08:29
757	12	3	10:08:29
779	12	3	10:08:29
1032	12	3	10:08:29
1048	12	3	10:08:29
1272	12	3	10:08:29
1078	12	3	10:08:29
981	12	3	10:08:29
975	12	3	10:08:29
956	12	3	10:08:29
811	12	3	10:08:29
730	12	3	10:08:29
717	12	3	10:08:29
727	12	3	10:08:29
1002	12	3	10:08:29
1005	12	3	10:08:29
978	12	3	10:08:29
981	12	3	10:08:29
975	12	3	10:08:29
973	12	3	10:08:29
975	12	3	10:08:29
951	12	3	10:08:29
932	12	3	10:08:29
800	12	3	10:08:29
762	12	3	10:08:29
789	12	3	10:08:29
1029	12	3	10:08:29
1016	12	3	10:08:29
978	12	3	10:08:29
954	12	3	10:08:29
956	12	3	10:08:29
940	12	3	10:08:29
805	12	3	10:08:29
725	12	3	10:08:29
722	12	3	10:08:29
743	12	3	10:08:29
789	12	3	10:08:29
897	12	3	10:08:29
1037	12	3	10:08:29
1010	12	3	10:08:29
1002	12	3	10:08:29
967	12	3	10:08:29
970	12	3	10:08:29
943	12	3	10:08:29
946	12	3	10:08:29
840	12	3	10:08:29
749	12	3	10:08:29
703	12	3	10:08:29
733	12	3	10:08:29
787	12	3	10:08:29
1034	12	3	10:08:29
1013	12	3	10:08:29
962	12	3	10:08:29
964	12	3	10:08:29
962	12	3	10:08:29
865	12	3	10:08:29
722	12	3	10:08:29
719	12	3	10:08:29
717	12	3	10:08:29
730	12	3	10:08:29
779	12	3	10:08:29
1029	12	3	10:08:29
1018	12	3	10:08:29
1010	12	3	10:08:29
962	12	3	10:08:29
962	12	3	10:08:29
948	12	3	10:08:29
886	12	3	10:08:29
735	12	3	10:08:29
714	12	3	10:08:29
708	12	3	10:08:29
733	12	3	10:08:29
757	12	3	10:08:29
1013	12	3	10:08:29
1005	12	3	10:08:29
1018	12	3	10:08:29
973	12	3	10:08:29
959	12	3	10:08:29
954	12	3	10:08:29
881	12	3	10:08:29
749	12	3	10:08:29
733	12	3	10:08:29
717	12	3	10:08:29
741	12	3	10:08:29
795	12	3	10:08:29
1005	12	3	10:08:29
1021	12	3	10:08:29
983	12	3	10:08:29
956	12	3	10:08:29
946	12	3	10:08:29
946	12	3	10:08:29
892	12	3	10:08:29
768	12	3	10:08:29
717	12	3	10:08:29
706	12	3	10:08:29
730	12	3	10:08:29
752	12	3	10:08:29
902	12	3	10:08:29
1037	12	3	10:08:29
1016	12	3	10:08:29
954	12	3	10:08:29
951	12	3	10:08:29
929	12	3	10:08:29
911	12	3	10:08:29
768	12	3	10:08:29
722	12	3	10:08:29
711	12	3	10:08:29
711	12	3	10:08:29
727	12	3	10:08:29
822	12	3	10:08:29
1026	12	3	10:08:29
1008	12	3	10:08:29
989	12	3	10:08:29
983	12	3	10:08:29
962	12	3	10:08:29
927	12	3	10:08:29
819	12	3	10:08:29
738	12	3	10:08:29
711	12	3	10:08:29
743	12	3	10:08:29
725	12	3	10:08:29
816	12	3	10:08:29
1021	12	3	10:08:29
1005	12	3	10:08:29
991	12	3	10:08:29
973	12	3	10:08:29
962	12	3	10:08:29
954	12	3	10:08:29
916	12	3	10:08:29
754	12	3	10:08:29
733	12	3	10:08:29
714	12	3	10:08:29
700	12	3	10:08:29
768	12	3	10:08:29
1029	12	3	10:08:29
1029	12	3	10:08:29
1002	12	3	10:08:29
973	12	3	10:08:29
951	12	3	10:08:29
962	12	3	10:08:29
946	12	3	10:08:29
762	12	3	10:08:29
733	12	3	10:08:29
714	12	3	10:08:29
757	12	3	10:08:29
800	12	3	10:08:29
1045	12	3	10:08:29
1026	12	3	10:08:29
999	12	3	10:08:29
967	12	3	10:08:29
962	12	3	10:08:29
946	12	3	10:08:29
970	12	3	10:08:29
784	12	3	10:08:29
730	12	3	10:08:29
730	12	3	10:08:29
743	12	3	10:08:29
814	12	3	10:08:29
1061	12	3	10:08:29
1053	12	3	10:08:29
1013	12	3	10:08:29
970	12	3	10:08:29
943	12	3	10:08:29
913	12	3	10:08:29
749	12	3	10:08:29
730	12	3	10:08:29
717	12	3	10:08:29
733	12	3	10:08:29
717	12	3	10:08:29
867	12	3	10:08:29
1045	12	3	10:08:29
991	12	3	10:08:29
981	12	3	10:08:29
954	12	3	10:08:29
943	12	3	10:08:29
878	12	3	10:08:29
727	12	3	10:08:29
708	12	3	10:08:29
695	12	3	10:08:29
738	12	3	10:08:29
760	12	3	10:08:29
1024	12	3	10:08:29
1056	12	3	10:08:29
779	12	3	10:32:23
708	12	3	10:32:23
719	12	3	10:32:23
1037	12	3	10:32:23
1043	12	3	10:32:23
999	12	3	10:32:23
997	12	3	10:32:23
973	12	3	10:32:23
835	12	3	10:32:23
727	12	3	10:32:23
717	12	3	10:32:23
717	12	3	10:32:23
770	12	3	10:32:23
894	12	3	10:32:23
1067	12	3	10:32:23
1067	12	3	10:32:23
1215	12	3	10:32:23
1061	12	3	10:32:23
983	12	3	10:32:23
878	12	3	10:32:23
714	12	3	10:32:23
727	12	3	10:32:23
687	12	3	10:32:23
722	12	3	10:32:23
738	12	3	10:32:23
859	12	3	10:32:23
1061	12	3	10:32:23
1075	12	3	10:32:23
1026	12	3	10:32:23
986	12	3	10:32:23
975	12	3	10:32:23
927	12	3	10:32:23
735	12	3	10:32:23
725	12	3	10:32:23
703	12	3	10:32:23
695	12	3	10:32:23
738	12	3	10:32:23
849	12	3	10:32:23
1080	12	3	10:32:23
1034	12	3	10:32:23
1212	12	3	10:32:23
1045	12	3	10:32:23
943	12	3	10:32:23
768	12	3	10:32:23
727	12	3	10:32:23
711	12	3	10:32:23
700	12	3	10:32:23
768	12	3	10:32:23
816	12	3	10:32:23
1051	12	3	10:32:23
1070	12	3	10:32:23
1253	12	3	10:32:23
1075	12	3	10:32:23
991	12	3	10:32:23
956	12	3	10:32:23
749	12	3	10:32:23
711	12	3	10:32:23
698	12	3	10:32:23
706	12	3	10:32:23
784	12	3	10:32:23
951	12	3	10:32:23
1072	12	3	10:32:23
1043	12	3	10:32:23
1250	12	3	10:32:23
1075	12	3	10:32:23
994	12	3	10:32:23
862	12	3	10:32:23
746	12	3	10:32:23
719	12	3	10:32:23
711	12	3	10:32:23
708	12	3	10:32:23
800	12	3	10:32:23
1126	12	3	10:32:23
1326	12	3	10:32:23
1199	12	3	10:32:23
1185	12	3	10:32:23
1064	12	3	10:32:23
676	12	3	10:32:23
792	12	3	10:32:23
595	12	3	10:32:23
703	12	3	10:32:23
1490	12	3	10:32:23
1010	12	3	10:32:23
1172	12	3	10:32:23
1269	12	3	10:32:23
1196	12	3	10:32:23
1118	12	3	10:32:23
849	12	3	10:32:23
676	12	3	10:32:23
708	12	3	10:32:23
703	12	3	10:32:23
703	12	3	10:32:23
695	12	3	10:32:23
749	12	3	10:32:23
797	12	3	10:32:23
1102	12	3	10:32:23
1234	12	3	10:32:23
1064	12	3	10:32:23
975	12	3	10:32:23
964	12	3	10:32:23
862	12	3	10:32:23
725	12	3	10:32:23
698	12	3	10:32:23
684	12	3	10:32:23
714	12	3	10:32:23
703	12	3	10:32:23
1043	12	3	10:32:23
1026	12	3	10:32:23
1293	12	3	10:32:23
1215	12	3	10:32:23
1045	12	3	10:32:23
959	12	3	10:32:23
819	12	3	10:32:23
722	12	3	10:32:23
706	12	3	10:32:23
692	12	3	10:32:23
752	12	3	10:32:23
781	12	3	10:32:23
905	12	3	10:32:23
1083	12	3	10:32:23
1010	12	3	10:32:23
1202	12	3	10:32:23
1021	12	3	10:32:23
964	12	3	10:32:23
768	12	3	10:32:23
714	12	3	10:32:23
714	12	3	10:32:23
708	12	3	10:32:23
733	12	3	10:32:23
908	12	3	10:32:23
983	12	3	10:32:23
323	12	3	10:32:23
994	12	3	10:32:23
725	12	3	10:32:23
816	12	3	10:32:23
851	12	3	10:32:23
760	12	3	10:32:23
706	12	3	10:32:23
714	12	3	10:32:23
708	12	3	10:32:23
719	12	3	10:32:23
727	12	3	10:32:23
808	12	3	10:32:23
1053	12	3	10:32:23
1029	12	3	10:32:23
1005	12	3	10:32:23
1207	12	3	10:32:23
1032	12	3	10:32:23
962	12	3	10:32:23
843	12	3	10:32:23
708	12	3	10:32:23
722	12	3	10:32:23
700	12	3	10:32:23
717	12	3	10:32:23
727	12	3	10:32:23
1018	12	3	10:32:23
989	12	3	10:32:23
991	12	3	10:32:23
986	12	3	10:32:23
975	12	3	10:32:23
970	12	3	10:32:23
884	12	3	10:32:23
743	12	3	10:32:23
722	12	3	10:32:23
727	12	3	10:32:23
727	12	3	10:32:23
797	12	3	10:32:23
854	12	3	10:32:23
1059	12	3	10:32:23
1026	12	3	10:32:23
986	12	3	10:32:23
983	12	3	10:32:23
970	12	3	10:32:23
870	12	3	10:32:23
706	12	3	10:32:23
735	12	3	10:32:23
730	12	3	10:32:23
725	12	3	10:32:23
752	12	3	10:32:23
830	12	3	10:32:23
1029	12	3	10:32:23
1010	12	3	10:32:23
989	12	3	10:32:23
951	12	3	10:32:23
946	12	3	10:32:23
948	12	3	10:32:23
803	12	3	10:32:23
711	12	3	10:32:23
714	12	3	10:32:23
730	12	3	10:32:23
768	12	3	10:32:23
773	12	3	10:32:23
1040	12	3	10:32:23
1064	12	3	10:32:23
1220	12	3	10:32:23
1056	12	3	10:32:23
967	12	3	10:32:23
889	12	3	10:32:23
727	12	3	10:32:23
714	12	3	10:32:23
733	12	3	10:32:23
708	12	3	10:32:23
768	12	3	10:32:23
1029	12	3	10:32:23
1013	12	3	10:32:23
991	12	3	10:32:23
986	12	3	10:32:23
994	12	3	10:32:23
962	12	3	10:32:23
824	12	3	10:32:23
727	12	3	10:32:23
700	12	3	10:32:23
746	12	3	10:32:23
706	12	3	10:32:23
752	12	3	10:32:23
708	12	3	10:32:23
722	12	3	10:32:23
884	12	3	10:32:23
1140	12	3	10:32:23
1134	12	3	10:32:23
676	12	3	10:32:23
805	12	3	10:32:23
552	12	3	10:32:23
698	12	3	10:32:23
711	12	3	10:32:23
668	12	3	10:32:23
776	12	3	10:32:23
1010	12	3	10:32:23
997	12	3	10:32:23
905	12	3	10:32:23
989	12	3	10:32:23
967	12	3	10:32:23
1056	12	3	10:32:23
865	12	3	10:32:23
700	12	3	10:32:23
679	12	3	10:32:23
735	12	3	10:32:23
555	12	3	10:32:23
326	12	3	10:32:23
617	12	3	10:32:23
676	12	3	10:32:23
800	12	3	10:32:23
1193	12	3	10:32:23
1134	12	3	10:32:23
1204	12	3	10:32:23
536	12	3	10:32:23
436	12	3	10:32:23
727	12	3	10:32:23
725	12	3	10:32:23
725	12	3	10:32:23
919	12	3	10:32:23
444	12	3	10:32:23
442	12	3	10:32:23
409	12	3	10:32:23
601	12	3	10:32:23
1441	12	3	10:32:23
1129	12	3	10:32:23
951	12	3	10:32:23
911	12	3	10:32:23
795	12	3	10:32:23
832	12	3	10:32:23
717	12	3	10:32:23
684	12	3	10:32:23
706	12	3	10:32:23
690	12	3	10:32:23
725	12	3	10:32:23
940	12	3	10:32:23
1029	12	3	10:32:23
999	12	3	10:32:23
1032	12	3	10:32:23
1021	12	3	10:32:23
954	12	3	10:32:23
973	12	3	10:32:23
954	12	3	10:32:23
741	12	3	10:32:23
717	12	3	10:32:23
727	12	3	10:32:23
687	12	3	10:32:23
741	12	3	10:32:23
830	12	3	10:32:23
1034	12	3	10:32:23
999	12	3	10:32:23
1008	12	3	10:32:23
986	12	3	10:32:23
973	12	3	10:32:23
951	12	3	10:32:23
760	12	3	10:32:23
725	12	3	10:32:23
714	12	3	10:32:23
738	12	3	10:32:23
708	12	3	10:32:23
849	12	3	10:32:23
1034	12	3	10:32:23
1045	12	3	10:32:23
1223	12	3	10:32:23
1045	12	3	10:32:23
1032	12	3	10:32:23
835	12	3	10:32:23
735	12	3	10:32:23
708	12	3	10:32:23
706	12	3	10:32:23
714	12	3	10:32:23
754	12	3	10:32:23
859	12	3	10:32:23
1053	12	3	10:32:23
1029	12	3	10:32:23
1229	12	3	10:32:23
1056	12	3	10:32:23
1016	12	3	10:32:23
840	12	3	10:32:23
749	12	3	10:32:23
706	12	3	10:32:23
714	12	3	10:32:23
752	12	3	10:32:23
835	12	3	10:32:23
1021	12	3	10:32:23
1048	12	3	10:32:23
1266	12	3	10:32:23
1070	12	3	10:32:23
997	12	3	10:32:23
964	12	3	10:32:23
843	12	3	10:32:23
743	12	3	10:32:23
717	12	3	10:32:23
717	12	3	10:32:23
760	12	3	10:32:23
840	12	3	10:32:23
1048	12	3	10:32:23
1026	12	3	10:32:23
1226	12	3	10:32:23
1067	12	3	10:32:23
999	12	3	10:32:23
800	12	3	10:32:23
722	12	3	10:32:23
714	12	3	10:32:23
735	12	3	10:32:23
733	12	3	10:32:23
814	12	3	10:32:23
1037	12	3	10:32:23
1002	12	3	10:32:23
1002	12	3	10:32:23
981	12	3	10:32:23
1005	12	3	10:32:23
838	12	3	10:32:23
733	12	3	10:32:23
719	12	3	10:32:23
722	12	3	10:32:23
770	12	3	10:32:23
814	12	3	10:32:23
1034	12	3	10:32:23
994	12	3	10:32:23
1008	12	3	10:32:23
978	12	3	10:32:23
978	12	3	10:32:23
959	12	3	10:32:23
970	12	3	10:32:23
843	12	3	10:32:23
733	12	3	10:32:23
733	12	3	10:32:23
719	12	3	10:32:23
730	12	3	10:32:23
819	12	3	10:32:23
1037	12	3	10:32:23
1010	12	3	10:32:23
983	12	3	10:32:23
959	12	3	10:32:23
956	12	3	10:32:23
948	12	3	10:32:23
876	12	3	10:32:23
733	12	3	10:32:23
719	12	3	10:32:23
719	12	3	10:32:23
727	12	3	10:32:23
752	12	3	10:32:23
824	12	3	10:32:23
1056	12	3	10:32:23
989	12	3	10:32:23
959	12	3	10:32:23
959	12	3	10:32:23
956	12	3	10:32:23
889	12	3	10:32:23
733	12	3	10:32:23
746	12	3	10:32:23
760	12	3	10:32:23
595	12	3	10:32:23
840	12	3	10:32:23
878	12	3	10:32:23
989	12	3	10:32:23
973	12	3	10:32:23
962	12	3	10:32:23
967	12	3	10:32:23
962	12	3	10:32:23
884	12	3	10:32:23
725	12	3	10:32:23
719	12	3	10:32:23
725	12	3	10:32:23
727	12	3	10:32:23
727	12	3	10:32:23
770	12	3	10:32:23
1008	12	3	10:32:23
981	12	3	10:32:23
967	12	3	10:32:23
973	12	3	10:32:23
973	12	3	10:32:23
865	12	3	10:32:23
700	12	3	10:32:23
735	12	3	10:32:23
741	12	3	10:32:23
1072	12	3	10:32:23
951	12	3	10:32:23
964	12	3	10:32:23
970	12	3	10:32:23
989	12	3	10:32:23
989	12	3	10:32:23
929	12	3	10:32:23
749	12	3	10:32:23
727	12	3	10:32:23
717	12	3	10:32:23
746	12	3	10:32:23
811	12	3	10:32:23
991	12	3	10:32:23
999	12	3	10:32:23
991	12	3	10:32:23
991	12	3	10:32:23
1008	12	3	10:32:23
991	12	3	10:32:23
981	12	3	10:32:23
970	12	3	10:32:23
975	12	3	10:32:23
889	12	3	10:32:23
722	12	3	10:32:23
733	12	3	10:32:23
727	12	3	10:32:23
717	12	3	10:32:23
884	12	3	10:32:23
1053	12	3	10:32:23
991	12	3	10:32:23
973	12	3	10:32:23
964	12	3	10:32:23
959	12	3	10:32:23
1010	12	3	10:32:23
921	12	3	10:32:23
830	12	3	10:32:23
741	12	3	10:32:23
714	12	3	10:32:23
779	12	3	10:32:23
1056	12	3	10:32:23
989	12	3	10:32:23
986	12	3	10:32:23
967	12	3	10:32:23
970	12	3	10:32:23
983	12	3	10:32:23
779	12	3	10:32:23
805	12	3	10:32:23
1034	12	3	10:32:23
1048	12	3	10:32:23
964	12	3	10:32:23
991	12	3	10:32:23
970	12	3	10:32:23
999	12	3	10:32:23
970	12	3	10:32:23
970	12	3	10:32:23
886	12	3	10:32:23
765	12	3	10:32:23
725	12	3	10:32:23
735	12	3	10:32:23
760	12	3	10:32:23
854	12	3	10:32:23
1026	12	3	10:32:23
1008	12	3	10:32:23
989	12	3	10:32:23
973	12	3	10:32:23
994	12	3	10:32:23
989	12	3	10:32:23
792	12	3	10:32:23
727	12	3	10:32:23
735	12	3	10:32:23
746	12	3	10:32:23
711	12	3	10:32:23
803	12	3	10:32:23
884	12	3	10:32:23
1024	12	3	10:32:23
1005	12	3	10:32:23
1010	12	3	10:32:23
997	12	3	10:32:23
986	12	3	10:32:23
1008	12	3	10:32:23
959	12	3	10:32:23
870	12	3	10:32:23
741	12	3	10:32:23
717	12	3	10:32:23
730	12	3	10:32:23
808	12	3	10:32:23
1026	12	3	10:32:23
997	12	3	10:32:23
978	12	3	10:32:23
964	12	3	10:32:23
962	12	3	10:32:23
978	12	3	10:32:23
1013	12	3	10:32:23
999	12	3	10:32:23
1010	12	3	10:32:23
989	12	3	10:32:23
986	12	3	10:32:23
1018	12	3	10:32:23
997	12	3	10:32:23
994	12	3	10:32:23
975	12	3	10:32:23
954	12	3	10:32:23
846	12	3	10:32:23
754	12	3	10:32:23
762	12	3	10:32:23
827	12	3	10:32:23
1021	12	3	10:32:23
1024	12	3	10:32:23
991	12	3	10:32:23
973	12	3	10:32:23
970	12	3	10:32:23
981	12	3	10:32:23
991	12	3	10:32:23
1008	12	3	10:32:23
1021	12	3	10:32:23
1008	12	3	10:32:23
1026	12	3	10:32:23
1018	12	3	10:32:23
999	12	3	10:32:23
1005	12	3	10:32:23
1026	12	3	10:32:23
1005	12	3	10:32:23
1002	12	3	10:32:23
948	12	3	10:32:23
911	12	3	10:32:23
787	12	3	10:32:23
746	12	3	10:32:23
805	12	3	10:32:23
956	12	3	10:32:23
1067	12	3	10:32:23
1013	12	3	10:32:23
994	12	3	10:32:23
1024	12	3	10:32:23
997	12	3	10:32:23
1018	12	3	10:32:23
1032	12	3	10:32:23
1016	12	3	10:32:23
962	12	3	10:32:23
943	12	3	10:32:23
884	12	3	10:32:23
776	12	3	10:32:23
789	12	3	10:32:23
795	12	3	10:32:23
1008	12	3	10:32:23
1005	12	3	10:32:23
986	12	3	10:32:23
991	12	3	10:32:23
1005	12	3	10:32:23
1008	12	3	10:32:23
967	12	3	10:32:23
981	12	3	10:32:23
924	12	3	10:32:23
811	12	3	10:32:23
754	12	3	10:32:23
1013	12	3	10:32:23
975	12	3	10:32:23
967	12	3	10:32:23
946	12	3	10:32:23
843	12	3	10:32:23
773	12	3	10:32:23
1008	12	3	10:32:23
1021	12	3	10:32:23
964	12	3	10:32:23
997	12	3	10:32:23
986	12	3	10:32:23
986	12	3	10:32:23
997	12	3	10:32:23
962	12	3	10:32:23
954	12	3	10:32:23
862	12	3	10:32:23
754	12	3	10:32:23
1010	12	3	10:32:23
986	12	3	10:32:23
970	12	3	10:32:23
981	12	3	10:32:23
978	12	3	10:32:23
932	12	3	10:32:23
937	12	3	10:32:23
973	12	3	10:32:23
983	12	3	10:32:23
1002	12	3	10:32:23
951	12	3	10:32:23
973	12	3	10:32:23
986	12	3	10:32:23
983	12	3	10:32:23
983	12	3	10:32:23
970	12	3	10:32:23
951	12	3	10:32:23
894	12	3	10:32:23
765	12	3	10:32:23
830	12	3	10:32:23
1040	12	3	10:32:23
1005	12	3	10:32:23
986	12	3	10:32:23
946	12	3	10:32:23
983	12	3	10:32:23
1005	12	3	10:32:23
973	12	3	10:32:23
970	12	3	10:32:23
951	12	3	10:32:23
967	12	3	10:32:23
1013	12	3	10:32:23
991	12	3	10:32:23
943	12	3	10:32:23
964	12	3	10:32:23
991	12	3	10:32:23
946	12	3	10:32:23
967	12	3	10:32:23
795	12	3	10:32:23
865	12	3	10:32:23
1016	12	3	10:32:23
1024	12	3	10:32:23
962	12	3	10:32:23
792	12	3	10:32:23
735	12	3	10:32:23
743	12	3	10:32:23
770	12	3	10:32:23
986	12	3	10:32:23
1059	12	3	10:32:23
1002	12	3	10:32:23
940	12	3	10:32:23
954	12	3	10:32:23
951	12	3	10:32:23
913	12	3	10:32:23
754	12	3	10:32:23
725	12	3	10:32:23
733	12	3	10:32:23
719	12	3	10:32:23
797	12	3	10:32:23
1013	12	3	10:32:23
1010	12	3	10:32:23
986	12	3	10:32:23
973	12	3	10:32:23
937	12	3	10:32:23
959	12	3	10:32:23
913	12	3	10:32:23
779	12	3	10:32:23
738	12	3	10:32:23
703	12	3	10:32:23
676	12	3	10:32:23
781	12	3	10:32:23
916	12	3	10:32:23
1040	12	3	10:32:23
1010	12	3	10:32:23
967	12	3	10:32:23
927	12	3	10:32:23
991	12	3	10:32:23
975	12	3	10:32:23
997	12	3	10:32:23
973	12	3	10:32:23
973	12	3	10:32:23
816	12	3	10:32:23
727	12	3	10:32:23
733	12	3	10:32:23
1034	12	3	10:32:23
1005	12	3	10:32:23
954	12	3	10:32:23
946	12	3	10:32:23
975	12	3	10:32:23
986	12	3	10:32:23
975	12	3	10:32:23
997	12	3	10:32:23
989	12	3	10:32:23
943	12	3	10:32:23
943	12	3	10:32:23
849	12	3	10:32:23
797	12	3	10:32:23
900	12	3	10:32:23
1034	12	3	10:32:23
964	12	3	10:32:23
927	12	3	10:32:23
940	12	3	10:32:23
997	12	3	10:32:23
1018	12	3	10:32:23
1032	12	3	10:32:23
1002	12	3	10:32:23
1002	12	3	10:32:23
997	12	3	10:32:23
951	12	3	10:32:23
843	12	3	10:32:23
768	12	3	10:32:23
730	12	3	10:32:23
776	12	3	10:32:23
830	12	3	10:32:23
1032	12	3	10:32:23
999	12	3	10:32:23
983	12	3	10:32:23
1002	12	3	10:32:23
994	12	3	10:32:23
981	12	3	10:32:23
970	12	3	10:32:23
975	12	3	10:32:23
962	12	3	10:32:23
897	12	3	10:32:23
1024	12	3	10:32:23
1005	12	3	10:32:23
991	12	3	10:32:23
989	12	3	10:32:23
935	12	3	10:32:23
450	12	3	10:32:23
584	12	3	10:32:23
921	12	3	10:32:23
773	12	3	10:32:23
727	12	3	10:32:23
932	12	3	10:32:23
789	12	3	10:32:23
805	12	3	10:32:23
846	12	3	10:32:23
946	12	3	10:32:23
1029	12	3	10:32:23
1034	12	3	10:32:23
1002	12	3	10:32:23
1010	12	3	10:32:23
997	12	3	10:32:23
994	12	3	10:32:23
994	12	3	10:32:23
997	12	3	10:32:23
994	12	3	10:32:23
978	12	3	10:32:23
975	12	3	10:32:23
1002	12	3	10:32:23
994	12	3	10:32:23
986	12	3	10:32:23
983	12	3	10:32:23
943	12	3	10:32:23
854	12	3	10:32:23
876	12	3	10:32:23
1043	12	3	10:32:23
1013	12	3	10:32:23
1005	12	3	10:32:23
973	12	3	10:32:23
989	12	3	10:32:23
994	12	3	10:32:23
983	12	3	10:32:23
956	12	3	10:32:23
999	12	3	10:32:23
1018	12	3	10:32:23
991	12	3	10:32:23
994	12	3	10:32:23
994	12	3	10:32:23
991	12	3	10:32:23
986	12	3	10:32:23
983	12	3	10:32:23
964	12	3	10:32:23
1008	12	3	10:32:23
978	12	3	10:32:23
851	12	3	10:32:23
754	12	3	10:32:23
762	12	3	10:32:23
830	12	3	10:32:23
1053	12	3	10:32:23
983	12	3	10:32:23
978	12	3	10:32:23
994	12	3	10:32:23
1021	12	3	10:32:23
997	12	3	10:32:23
1013	12	3	10:32:23
991	12	3	10:32:23
997	12	3	10:32:23
1021	12	3	10:32:23
989	12	3	10:32:23
991	12	3	10:32:23
1040	12	3	10:32:23
973	12	3	10:32:23
978	12	3	10:32:23
981	12	3	10:32:23
999	12	3	10:32:23
1002	12	3	10:32:23
989	12	3	10:32:23
1013	12	3	10:32:23
999	12	3	10:32:23
1016	12	3	10:32:23
981	12	3	10:32:23
986	12	3	10:32:23
1005	12	3	10:32:23
983	12	3	10:32:23
946	12	3	10:32:23
905	12	3	10:32:23
779	12	3	10:32:23
1024	12	3	10:32:23
983	12	3	10:32:23
978	12	3	10:32:23
986	12	3	10:32:23
1005	12	3	10:32:23
964	12	3	10:32:23
937	12	3	10:32:23
956	12	3	10:32:23
989	12	3	10:32:23
1008	12	3	10:32:23
975	12	3	10:32:23
978	12	3	10:32:23
981	12	3	10:32:23
978	12	3	10:32:23
991	12	3	10:32:23
956	12	3	10:32:23
967	12	3	10:32:23
983	12	3	10:32:23
927	12	3	10:32:23
873	12	3	10:32:23
1008	12	3	10:32:23
964	12	3	10:32:23
967	12	3	10:32:23
970	12	3	10:32:23
975	12	3	10:32:23
983	12	3	10:32:23
956	12	3	10:32:23
935	12	3	10:32:23
959	12	3	10:32:23
951	12	3	10:32:23
962	12	3	10:32:23
948	12	3	10:32:23
951	12	3	10:32:23
919	12	3	10:32:23
892	12	3	10:32:23
765	12	3	10:32:23
708	12	3	10:32:23
690	12	3	10:32:23
805	12	3	10:32:23
735	12	3	10:32:23
991	12	3	10:32:23
1002	12	3	10:32:23
981	12	3	10:32:23
940	12	3	10:32:23
948	12	3	10:32:23
940	12	3	10:32:23
884	12	3	10:32:23
735	12	3	10:32:23
727	12	3	10:32:23
719	12	3	10:32:23
730	12	3	10:32:23
730	12	3	10:32:23
819	12	3	10:32:23
1024	12	3	10:32:23
1005	12	3	10:32:23
962	12	3	10:32:23
956	12	3	10:32:23
956	12	3	10:32:23
911	12	3	10:32:23
743	12	3	10:32:23
706	12	3	10:32:23
700	12	3	10:32:23
719	12	3	10:32:23
743	12	3	10:32:23
840	12	3	10:32:23
1043	12	3	10:32:23
997	12	3	10:32:23
973	12	3	10:32:23
970	12	3	10:32:23
964	12	3	10:32:23
824	12	3	10:32:23
741	12	3	10:32:23
708	12	3	10:32:23
687	12	3	10:32:23
725	12	3	10:32:23
743	12	3	10:32:23
835	12	3	10:32:23
1034	12	3	10:32:23
997	12	3	10:32:23
1008	12	3	10:32:23
981	12	3	10:32:23
983	12	3	10:32:23
919	12	3	10:32:23
1145	12	3	10:32:23
364	12	3	10:32:23
733	12	3	10:32:23
814	12	3	10:32:23
894	12	3	10:32:23
754	12	3	10:32:23
838	12	3	10:32:23
994	12	3	10:32:23
978	12	3	10:32:23
962	12	3	10:32:23
981	12	3	10:32:23
954	12	3	10:32:23
840	12	3	10:32:23
730	12	3	10:32:23
703	12	3	10:32:23
738	12	3	10:32:23
765	12	3	10:32:23
865	12	3	10:32:23
1053	12	3	10:32:23
1067	12	3	10:32:23
1059	12	3	10:32:23
1296	12	3	10:32:23
1091	12	3	10:32:23
973	12	3	10:32:23
894	12	3	10:32:23
773	12	3	10:32:23
768	12	3	10:32:23
814	12	3	10:32:23
1059	12	3	10:32:23
994	12	3	10:32:23
978	12	3	10:32:23
964	12	3	10:32:23
959	12	3	10:32:23
983	12	3	10:32:23
978	12	3	10:32:23
784	12	3	10:32:23
738	12	3	10:32:23
714	12	3	10:32:23
708	12	3	10:32:23
749	12	3	10:32:23
846	12	3	10:32:23
1021	12	3	10:32:23
1053	12	3	10:32:23
1288	12	3	10:32:23
1126	12	3	10:32:23
1034	12	3	10:32:23
981	12	3	10:32:23
819	12	3	10:32:23
743	12	3	10:32:23
727	12	3	10:32:23
735	12	3	10:32:23
816	12	3	10:32:23
1064	12	3	10:32:23
999	12	3	10:32:23
1002	12	3	10:32:23
978	12	3	10:32:23
1005	12	3	10:32:23
997	12	3	10:32:23
1024	12	3	10:32:23
1026	12	3	10:32:23
1005	12	3	10:32:23
1032	12	3	10:32:23
1005	12	3	10:32:23
1018	12	3	10:32:23
1008	12	3	10:32:23
994	12	3	10:32:23
970	12	3	10:32:23
970	12	3	10:32:23
886	12	3	10:32:23
762	12	3	10:32:23
757	12	3	10:32:23
749	12	3	10:32:23
795	12	3	10:32:23
854	12	3	10:32:23
1029	12	3	10:32:23
1032	12	3	10:32:23
1029	12	3	10:32:23
1010	12	3	10:32:23
991	12	3	10:32:23
964	12	3	10:32:23
878	12	3	10:32:23
760	12	3	10:32:23
727	12	3	10:32:23
727	12	3	10:32:23
749	12	3	10:32:23
797	12	3	10:32:23
1070	12	3	10:32:23
1005	12	3	10:32:23
994	12	3	10:32:23
991	12	3	10:32:23
994	12	3	10:32:23
1016	12	3	10:32:23
1029	12	3	10:32:23
1013	12	3	10:32:23
1029	12	3	10:32:23
1037	12	3	10:32:23
1010	12	3	10:32:23
1016	12	3	10:32:23
999	12	3	10:32:23
986	12	3	10:32:23
975	12	3	10:32:23
975	12	3	10:32:23
967	12	3	10:32:23
884	12	3	10:32:23
776	12	3	10:32:23
754	12	3	10:32:23
773	12	3	10:32:23
822	12	3	10:32:23
1056	12	3	10:32:23
1070	12	3	10:32:23
1059	12	3	10:32:23
1064	12	3	10:32:23
1016	12	3	10:32:23
1040	12	3	10:32:23
1040	12	3	10:32:23
1024	12	3	10:32:23
983	12	3	10:32:23
927	12	3	10:32:23
805	12	3	10:32:23
1048	12	3	10:32:23
1010	12	3	10:32:23
994	12	3	10:32:23
981	12	3	10:32:23
1002	12	3	10:32:23
1013	12	3	10:32:23
970	12	3	10:32:23
905	12	3	10:32:23
757	12	3	10:32:23
1056	12	3	10:32:23
1032	12	3	10:32:23
1005	12	3	10:32:23
994	12	3	10:32:23
1016	12	3	10:32:23
981	12	3	10:32:23
989	12	3	10:32:23
989	12	3	10:32:23
954	12	3	10:32:23
884	12	3	10:32:23
749	12	3	10:32:23
727	12	3	10:32:23
743	12	3	10:32:23
1034	12	3	10:32:23
1010	12	3	10:32:23
983	12	3	10:32:23
975	12	3	10:32:23
970	12	3	10:32:23
956	12	3	10:32:23
814	12	3	10:32:23
743	12	3	10:32:23
749	12	3	10:32:23
722	12	3	10:32:23
792	12	3	10:32:23
886	12	3	10:32:23
1048	12	3	10:32:23
997	12	3	10:32:23
981	12	3	10:32:23
983	12	3	10:32:23
970	12	3	10:32:23
870	12	3	10:32:23
808	12	3	10:32:23
1034	12	3	10:32:23
1010	12	3	10:32:23
991	12	3	10:32:23
999	12	3	10:32:23
1008	12	3	10:32:23
1002	12	3	10:32:23
1010	12	3	10:32:23
1021	12	3	10:32:23
978	12	3	10:32:23
964	12	3	10:32:23
948	12	3	10:32:23
994	12	3	10:32:23
991	12	3	10:32:23
997	12	3	10:32:23
1010	12	3	10:32:23
989	12	3	10:32:23
994	12	3	10:32:23
986	12	3	10:32:23
1018	12	3	10:32:23
1005	12	3	10:32:23
1016	12	3	10:32:23
975	12	3	10:32:23
983	12	3	10:32:23
946	12	3	10:32:23
908	12	3	10:32:23
781	12	3	10:32:23
1034	12	3	10:32:23
994	12	3	10:32:23
962	12	3	10:32:23
964	12	3	10:32:23
935	12	3	10:32:23
900	12	3	10:32:23
781	12	3	10:32:23
741	12	3	10:32:23
752	12	3	10:32:23
773	12	3	10:32:23
876	12	3	10:32:23
1059	12	3	10:32:23
1013	12	3	10:32:23
981	12	3	10:32:23
978	12	3	10:32:23
1013	12	3	10:32:23
911	12	3	10:32:23
757	12	3	10:32:23
719	12	3	10:32:23
730	12	3	10:32:23
722	12	3	10:32:23
781	12	3	10:32:23
1016	12	3	10:32:23
1018	12	3	10:32:23
1032	12	3	10:32:23
1029	12	3	10:32:23
1032	12	3	10:32:23
1034	12	3	10:32:23
1026	12	3	10:32:23
1048	12	3	10:32:23
1029	12	3	10:32:23
994	12	3	10:32:23
983	12	3	10:32:23
892	12	3	10:32:23
1026	12	3	10:32:23
978	12	3	10:32:23
978	12	3	10:32:23
975	12	3	10:32:23
1002	12	3	10:32:23
1018	12	3	10:32:23
1029	12	3	10:32:23
1002	12	3	10:32:23
1002	12	3	10:32:23
983	12	3	10:32:23
981	12	3	10:32:23
1005	12	3	10:32:23
997	12	3	10:32:23
986	12	3	10:32:23
981	12	3	10:32:23
986	12	3	10:32:23
991	12	3	10:32:23
983	12	3	10:32:23
946	12	3	10:32:23
994	12	3	10:32:23
1029	12	3	10:32:23
1002	12	3	10:32:23
929	12	3	10:32:23
935	12	3	10:32:23
773	12	3	10:32:23
857	12	3	10:32:23
1048	12	3	10:32:23
962	12	3	10:32:23
897	12	3	10:32:23
776	12	3	10:32:23
752	12	3	10:32:23
797	12	3	10:32:23
1061	12	3	10:32:23
1053	12	3	10:32:23
997	12	3	10:32:23
964	12	3	10:32:23
970	12	3	10:32:23
935	12	3	10:32:23
849	12	3	10:32:23
757	12	3	10:32:23
760	12	3	10:32:23
754	12	3	10:32:23
746	12	3	10:32:23
1021	12	3	10:32:23
1021	12	3	10:32:23
973	12	3	10:32:23
1021	12	3	10:32:23
989	12	3	10:32:23
986	12	3	10:32:23
1018	12	3	10:32:23
1051	12	3	10:32:23
997	12	3	10:32:23
1034	12	3	10:32:23
1008	12	3	10:32:23
1005	12	3	10:32:23
1010	12	3	10:32:23
975	12	3	10:32:23
951	12	3	10:32:23
835	12	3	10:32:23
752	12	3	10:32:23
743	12	3	10:32:23
857	12	3	10:32:23
964	12	3	10:32:23
1018	12	3	10:32:23
994	12	3	10:32:23
1043	12	3	10:32:23
1053	12	3	10:32:23
1070	12	3	10:32:23
986	12	3	10:32:23
981	12	3	10:32:23
951	12	3	10:32:23
911	12	3	10:32:23
760	12	3	10:32:23
749	12	3	10:32:23
738	12	3	10:32:23
746	12	3	10:32:23
857	12	3	10:32:23
1091	12	3	10:32:23
1045	12	3	10:32:23
1010	12	3	10:32:23
970	12	3	10:32:23
986	12	3	10:32:23
962	12	3	10:32:23
862	12	3	10:32:23
749	12	3	10:32:23
719	12	3	10:32:23
717	12	3	10:32:23
735	12	3	10:32:23
781	12	3	10:32:23
1029	12	3	10:32:23
1024	12	3	10:32:23
986	12	3	10:32:23
967	12	3	10:32:23
983	12	3	10:32:23
859	12	3	10:32:23
760	12	3	10:32:23
698	12	3	10:32:23
719	12	3	10:32:23
714	12	3	10:32:23
730	12	3	10:32:23
795	12	3	10:32:23
1045	12	3	10:32:23
1029	12	3	10:32:23
1002	12	3	10:32:23
970	12	3	10:32:23
970	12	3	10:32:23
946	12	3	10:32:23
819	12	3	10:32:23
762	12	3	10:32:23
738	12	3	10:32:23
733	12	3	10:32:23
1037	12	3	10:32:23
1026	12	3	10:32:23
1002	12	3	10:32:23
973	12	3	10:32:23
959	12	3	10:32:23
970	12	3	10:32:23
964	12	3	10:32:23
924	12	3	10:32:23
770	12	3	10:32:23
738	12	3	10:32:23
708	12	3	10:32:23
727	12	3	10:32:23
779	12	3	10:32:23
1037	12	3	10:32:23
1043	12	3	10:32:23
1048	12	3	10:32:23
1255	12	3	10:32:23
1099	12	3	10:32:23
1005	12	3	10:32:23
973	12	3	10:32:23
822	12	3	10:32:23
749	12	3	10:32:23
714	12	3	10:32:23
708	12	3	10:32:23
733	12	3	10:32:23
1059	12	3	10:32:23
1037	12	3	10:32:23
1013	12	3	10:32:23
1018	12	3	10:32:23
1040	12	3	10:32:23
1034	12	3	10:32:23
1048	12	3	10:32:23
1051	12	3	10:32:23
1018	12	3	10:32:23
999	12	3	10:32:23
902	12	3	10:32:23
746	12	3	10:32:23
760	12	3	10:32:23
1037	12	3	10:32:23
1002	12	3	10:32:23
986	12	3	10:32:23
946	12	3	10:32:23
886	12	3	10:32:23
752	12	3	10:32:23
725	12	3	10:32:23
743	12	3	10:32:23
752	12	3	10:32:23
832	12	3	10:32:23
1080	12	3	10:32:23
1048	12	3	10:32:23
994	12	3	10:32:23
970	12	3	10:32:23
981	12	3	10:32:23
937	12	3	10:32:23
754	12	3	10:32:23
733	12	3	10:32:23
735	12	3	10:32:23
719	12	3	10:32:23
735	12	3	10:32:23
781	12	3	10:32:23
1040	12	3	10:32:23
1045	12	3	10:32:23
997	12	3	10:32:23
1013	12	3	10:32:23
892	12	3	10:32:23
765	12	3	10:32:23
706	12	3	10:32:23
681	12	3	10:32:23
700	12	3	10:32:23
733	12	3	10:32:23
765	12	3	10:32:23
803	12	3	10:32:23
1064	12	3	10:32:23
1013	12	3	10:32:23
1024	12	3	10:32:23
986	12	3	10:32:23
951	12	3	10:32:23
951	12	3	10:32:23
805	12	3	10:32:23
746	12	3	10:32:23
711	12	3	10:32:23
708	12	3	10:32:23
711	12	3	10:32:23
816	12	3	10:32:23
1096	12	3	10:32:23
1312	12	3	10:32:23
1175	12	3	10:32:23
1088	12	3	10:32:23
1008	12	3	10:32:23
835	12	3	10:32:23
717	12	3	10:32:23
730	12	3	10:32:23
695	12	3	10:32:23
714	12	3	10:32:23
762	12	3	10:32:23
1037	12	3	10:32:23
1048	12	3	10:32:23
1018	12	3	10:32:23
991	12	3	10:32:23
989	12	3	10:32:23
986	12	3	10:32:23
975	12	3	10:32:23
862	12	3	10:32:23
730	12	3	10:32:23
725	12	3	10:32:23
717	12	3	10:32:23
765	12	3	10:32:23
819	12	3	10:32:23
1053	12	3	10:32:23
954	12	3	10:32:23
962	12	3	10:32:23
970	12	3	10:32:23
924	12	3	10:32:23
846	12	3	10:32:23
725	12	3	10:32:23
725	12	3	10:32:23
692	12	3	10:32:23
692	12	3	10:32:23
733	12	3	10:32:23
1034	12	3	10:32:23
1018	12	3	10:32:23
1013	12	3	10:32:23
1002	12	3	10:32:23
964	12	3	10:32:23
970	12	3	10:32:23
937	12	3	10:32:23
762	12	3	10:32:23
714	12	3	10:32:23
714	12	3	10:32:23
725	12	3	10:32:23
735	12	3	10:32:23
970	12	3	10:32:23
1072	12	3	10:32:23
997	12	3	10:32:23
962	12	3	10:32:23
970	12	3	10:32:23
981	12	3	10:32:23
902	12	3	10:32:23
735	12	3	10:32:23
725	12	3	10:32:23
687	12	3	10:32:23
708	12	3	10:32:23
711	12	3	10:32:23
1021	12	3	10:32:23
1043	12	3	10:32:23
1034	12	3	10:32:23
1010	12	3	10:32:23
964	12	3	10:32:23
975	12	3	10:32:23
964	12	3	10:32:23
797	12	3	10:32:23
730	12	3	10:32:23
706	12	3	10:32:23
719	12	3	10:32:23
754	12	3	10:32:23
808	12	3	10:32:23
1002	12	3	10:32:23
1008	12	3	10:32:23
921	12	3	10:32:23
940	12	3	10:32:23
889	12	3	10:32:23
779	12	3	10:32:23
698	12	3	10:32:23
717	12	3	10:32:23
706	12	3	10:32:23
638	12	3	10:32:23
733	12	3	10:32:23
1056	12	3	10:32:23
1326	12	3	10:32:23
1142	12	3	10:32:23
1053	12	3	10:32:23
991	12	3	10:32:23
921	12	3	10:32:23
803	12	3	10:32:23
735	12	3	10:32:23
692	12	3	10:32:23
676	12	3	10:32:23
687	12	3	10:32:23
673	12	3	10:32:23
727	12	3	10:32:23
1142	12	3	10:32:23
1204	12	3	10:32:23
1105	12	3	10:32:23
1067	12	3	10:32:23
1016	12	3	10:32:23
830	12	3	10:32:23
719	12	3	10:32:23
695	12	3	10:32:23
695	12	3	10:32:23
668	12	3	10:32:23
676	12	3	10:32:23
803	12	3	10:32:23
1299	12	3	10:32:23
1239	12	3	10:32:23
1153	12	3	10:32:23
1123	12	3	10:32:23
1024	12	3	10:32:23
805	12	3	10:32:23
719	12	3	10:32:23
714	12	3	10:32:23
717	12	3	10:32:23
700	12	3	10:32:23
687	12	3	10:32:23
784	12	3	10:32:23
800	12	3	10:32:23
857	12	3	10:32:23
1188	12	3	10:32:23
1045	12	3	10:32:23
859	12	3	10:32:23
717	12	3	10:32:23
673	12	3	10:32:23
708	12	3	10:32:23
676	12	3	10:32:23
684	12	3	10:32:23
743	12	3	10:32:23
816	12	3	10:32:23
1110	12	3	10:32:23
1210	12	3	10:32:23
1142	12	3	10:32:23
1032	12	3	10:32:23
649	12	3	10:32:23
269	12	3	10:32:23
506	12	3	10:32:23
390	12	3	10:32:23
436	12	3	10:32:23
663	12	3	10:32:23
549	12	3	10:32:23
822	12	3	10:32:23
625	12	3	10:32:23
719	12	3	10:32:23
730	12	3	10:32:23
867	12	3	10:32:23
1199	12	3	10:32:23
1148	12	3	10:32:23
1056	12	3	10:32:23
927	12	3	10:32:23
973	12	4	14:01:49
892	12	4	14:01:49
1132	12	4	14:01:49
1026	12	4	14:01:49
800	12	4	14:01:49
717	12	4	14:01:49
722	12	4	14:01:49
784	12	4	14:01:49
633	12	4	14:01:49
706	12	4	14:01:49
676	12	4	14:01:49
695	12	4	14:01:49
741	12	4	14:01:49
1032	12	4	14:01:49
978	12	4	14:01:49
1242	12	4	14:01:49
1150	12	4	14:01:49
1034	12	4	14:01:49
1002	12	4	14:01:49
746	12	4	14:01:49
681	12	4	14:01:49
690	12	4	14:01:49
622	12	4	14:01:49
684	12	4	14:01:49
881	12	4	14:01:49
978	12	4	14:01:49
1393	12	4	14:01:49
1010	12	4	14:01:49
1156	12	4	14:01:49
989	12	4	14:01:49
948	12	4	14:01:49
776	12	4	14:01:49
717	12	4	14:01:49
665	12	4	14:01:49
636	12	4	14:01:49
671	12	4	14:01:49
673	12	4	14:01:49
1053	12	4	14:01:49
1191	12	4	14:01:49
1185	12	4	14:01:49
1140	12	4	14:01:49
1045	12	4	14:01:49
1005	12	4	14:01:49
808	12	4	14:01:49
700	12	4	14:01:49
671	12	4	14:01:49
673	12	4	14:01:49
711	12	4	14:01:49
970	12	4	14:01:49
935	12	4	14:01:49
1274	12	4	14:01:49
1255	12	4	14:01:49
1113	12	4	14:01:49
1056	12	4	14:01:49
857	12	4	14:01:49
727	12	4	14:01:49
703	12	4	14:01:49
655	12	4	14:01:49
714	12	4	14:01:49
948	12	4	14:01:49
970	12	4	14:01:49
1207	12	4	14:01:49
1231	12	4	14:01:49
1137	12	4	14:01:49
1032	12	4	14:01:49
1037	12	4	14:01:49
779	12	4	14:01:49
698	12	4	14:01:49
660	12	4	14:01:49
665	12	4	14:01:49
673	12	4	14:01:49
913	12	4	14:01:49
1008	12	4	14:01:49
1247	12	4	14:01:49
1250	12	4	14:01:49
1153	12	4	14:01:49
1043	12	4	14:01:49
876	12	4	14:01:49
760	12	4	14:01:49
687	12	4	14:01:49
644	12	4	14:01:49
679	12	4	14:01:49
832	12	4	14:01:49
983	12	4	14:01:49
1226	12	4	14:01:49
1188	12	4	14:01:49
1134	12	4	14:01:49
1026	12	4	14:01:49
991	12	4	14:01:49
762	12	4	14:01:49
692	12	4	14:01:49
665	12	4	14:01:49
679	12	4	14:01:49
687	12	4	14:01:49
854	12	4	14:01:49
999	12	4	14:01:49
1234	12	4	14:01:49
1212	12	4	14:01:49
1118	12	4	14:01:49
1032	12	4	14:01:49
889	12	4	14:01:49
730	12	4	14:01:49
690	12	4	14:01:49
681	12	4	14:01:49
687	12	4	14:01:49
738	12	4	14:01:49
959	12	4	14:01:49
956	12	4	14:01:49
1237	12	4	14:01:49
1239	12	4	14:01:49
1140	12	4	14:01:49
940	12	4	14:01:49
787	12	4	14:01:49
819	12	4	14:01:49
703	12	4	14:01:49
673	12	4	14:01:49
660	12	4	14:01:49
738	12	4	14:01:49
975	12	4	14:01:49
970	12	4	14:01:49
1169	12	4	14:01:49
1115	12	4	14:01:49
1034	12	4	14:01:49
1021	12	4	14:01:49
808	12	4	14:01:49
722	12	4	14:01:49
676	12	4	14:01:49
652	12	4	14:01:49
668	12	4	14:01:49
849	12	4	14:01:49
973	12	4	14:01:49
1229	12	4	14:01:49
1204	12	4	14:01:49
1113	12	4	14:01:49
1048	12	4	14:01:49
986	12	4	14:01:49
819	12	4	14:01:49
665	12	4	14:01:49
671	12	4	14:01:49
665	12	4	14:01:49
684	12	4	14:01:49
956	12	4	14:01:49
937	12	4	14:01:49
1239	12	4	14:01:49
1191	12	4	14:01:49
1088	12	4	14:01:49
843	12	4	14:01:49
714	12	4	14:01:49
560	12	4	14:01:49
746	12	4	14:01:49
711	12	4	14:01:49
636	12	4	14:01:49
738	12	4	14:01:49
946	12	4	14:01:49
951	12	4	14:01:49
943	12	4	14:01:49
1175	12	4	14:01:49
1164	12	4	14:01:49
1013	12	4	14:01:49
840	12	4	14:01:49
862	12	4	14:01:49
741	12	4	14:01:49
681	12	4	14:01:49
687	12	4	14:01:49
633	12	4	14:01:49
698	12	4	14:01:49
962	12	4	14:01:49
943	12	4	14:01:49
1167	12	4	14:01:49
1167	12	4	14:01:49
1083	12	4	14:01:49
973	12	4	14:01:49
808	12	4	14:01:49
711	12	4	14:01:49
679	12	4	14:01:49
638	12	4	14:01:49
649	12	4	14:01:49
698	12	4	14:01:49
827	12	4	14:01:49
983	12	4	14:01:49
1215	12	4	14:01:49
1156	12	4	14:01:49
1088	12	4	14:01:49
991	12	4	14:01:49
830	12	4	14:01:49
719	12	4	14:01:49
690	12	4	14:01:49
655	12	4	14:01:49
614	12	4	14:01:49
679	12	4	14:01:49
754	12	4	14:01:49
964	12	4	14:01:49
1210	12	4	14:01:49
1191	12	4	14:01:49
1096	12	4	14:01:49
978	12	4	14:01:49
929	12	4	14:01:49
814	12	4	14:01:49
679	12	4	14:01:49
698	12	4	14:01:49
644	12	4	14:01:49
641	12	4	14:01:49
762	12	4	14:01:49
959	12	4	14:01:49
946	12	4	14:01:49
1239	12	4	14:01:49
1148	12	4	14:01:49
1105	12	4	14:01:49
959	12	4	14:01:49
773	12	4	14:01:49
733	12	4	14:01:49
657	12	4	14:01:49
663	12	4	14:01:49
668	12	4	14:01:49
805	12	4	14:01:49
897	12	4	14:01:49
975	12	4	14:01:49
1196	12	4	14:01:49
1018	12	4	14:01:49
989	12	4	14:01:49
975	12	4	14:01:49
908	12	4	14:01:49
727	12	4	14:01:49
722	12	4	14:01:49
646	12	4	14:01:49
655	12	4	14:01:49
743	12	4	14:01:49
959	12	4	14:01:49
940	12	4	14:01:49
937	12	4	14:01:49
1107	12	4	14:01:49
981	12	4	14:01:49
927	12	4	14:01:49
900	12	4	14:01:49
792	12	4	14:01:49
725	12	4	14:01:49
673	12	4	14:01:49
655	12	4	14:01:49
687	12	4	14:01:49
792	12	4	14:01:49
948	12	4	14:01:49
919	12	4	14:01:49
927	12	4	14:01:49
1204	12	4	14:01:49
1129	12	4	14:01:49
991	12	4	14:01:49
881	12	4	14:01:49
733	12	4	14:01:49
752	12	4	14:01:49
687	12	4	14:01:49
663	12	4	14:01:49
719	12	4	14:01:49
956	12	4	14:01:49
948	12	4	14:01:49
948	12	4	14:01:49
1145	12	4	14:01:49
973	12	4	14:01:49
924	12	4	14:01:49
894	12	4	14:01:49
733	12	4	14:01:49
725	12	4	14:01:49
679	12	4	14:01:49
649	12	4	14:01:49
703	12	4	14:01:49
951	12	4	14:01:49
956	12	4	14:01:49
1245	12	4	14:01:49
1242	12	4	14:01:49
1153	12	4	14:01:49
1070	12	4	14:01:49
792	12	4	14:01:49
735	12	4	14:01:49
722	12	4	14:01:49
690	12	4	14:01:49
649	12	4	14:01:49
754	12	4	14:01:49
983	12	4	14:01:49
978	12	4	14:01:49
1272	12	4	14:01:49
1220	12	4	14:01:49
978	12	4	14:01:49
908	12	4	14:01:49
838	12	4	14:01:49
800	12	4	14:01:49
684	12	4	14:01:49
663	12	4	14:01:49
687	12	4	14:01:49
773	12	4	14:01:49
937	12	4	14:01:49
948	12	4	14:01:49
919	12	4	14:01:49
884	12	4	14:01:49
886	12	4	14:01:49
892	12	4	14:01:49
870	12	4	14:01:49
870	12	4	14:01:49
870	12	4	14:01:49
746	12	4	14:01:49
687	12	4	14:01:49
684	12	4	14:01:49
773	12	4	14:01:49
954	12	4	14:01:49
927	12	4	14:01:49
921	12	4	14:01:49
876	12	4	14:01:49
884	12	4	14:01:49
913	12	4	14:01:49
932	12	4	14:01:49
832	12	4	14:01:49
714	12	4	14:01:49
681	12	4	14:01:49
695	12	4	14:01:49
700	12	4	14:01:49
927	12	4	14:01:49
924	12	4	14:01:49
919	12	4	14:01:49
927	12	4	14:01:49
1183	12	4	14:01:49
999	12	4	14:01:49
924	12	4	14:01:49
808	12	4	14:01:49
824	12	4	14:01:49
722	12	4	14:01:49
695	12	4	14:01:49
719	12	4	14:01:49
787	12	4	14:01:49
975	12	4	14:01:49
937	12	4	14:01:49
919	12	4	14:01:49
889	12	4	14:01:49
894	12	4	14:01:49
913	12	4	14:01:49
878	12	4	14:01:49
840	12	4	14:01:49
725	12	4	14:01:49
687	12	4	14:01:49
692	12	4	14:01:49
684	12	4	14:01:49
935	12	4	14:01:49
943	12	4	14:01:49
919	12	4	14:01:49
1175	12	4	14:01:49
1167	12	4	14:01:49
948	12	4	14:01:49
843	12	4	14:01:49
827	12	4	14:01:49
760	12	4	14:01:49
687	12	4	14:01:49
660	12	4	14:01:49
703	12	4	14:01:49
719	12	4	14:01:49
956	12	4	14:01:49
929	12	4	14:01:49
967	12	4	14:01:49
1153	12	4	14:01:49
989	12	4	14:01:49
873	12	4	14:01:49
698	12	4	14:01:49
722	12	4	14:01:49
655	12	4	14:01:49
665	12	4	14:01:49
692	12	4	14:01:49
768	12	4	14:01:49
940	12	4	14:01:49
935	12	4	14:01:49
927	12	4	14:01:49
908	12	4	14:01:49
1115	12	4	14:01:49
948	12	4	14:01:49
854	12	4	14:01:49
905	12	4	14:01:49
811	12	4	14:01:49
681	12	4	14:01:49
663	12	4	14:01:49
687	12	4	14:01:49
703	12	4	14:01:49
937	12	4	14:01:49
919	12	4	14:01:49
900	12	4	14:01:49
919	12	4	14:01:49
884	12	4	14:01:49
924	12	4	14:01:49
884	12	4	14:01:49
838	12	4	14:01:49
708	12	4	14:01:49
690	12	4	14:01:49
679	12	4	14:01:49
663	12	4	14:01:49
735	12	4	14:01:49
940	12	4	14:01:49
913	12	4	14:01:49
911	12	4	14:01:49
911	12	4	14:01:49
873	12	4	14:01:49
892	12	4	14:01:49
908	12	4	14:01:49
781	12	4	14:01:49
776	12	4	14:01:49
725	12	4	14:01:49
671	12	4	14:01:49
679	12	4	14:01:49
714	12	4	14:01:49
940	12	4	14:01:49
916	12	4	14:01:49
908	12	4	14:01:49
897	12	4	14:01:49
873	12	4	14:01:49
892	12	4	14:01:49
913	12	4	14:01:49
905	12	4	14:01:49
735	12	4	14:01:49
706	12	4	14:01:49
690	12	4	14:01:49
649	12	4	14:01:49
738	12	4	14:01:49
921	12	4	14:01:49
935	12	4	14:01:49
954	12	4	14:01:49
1118	12	4	14:01:49
1148	12	4	14:01:49
859	12	4	14:01:49
940	12	4	14:01:49
835	12	4	14:01:49
730	12	4	14:01:49
676	12	4	14:01:49
679	12	4	14:01:49
700	12	4	14:01:49
835	12	4	14:01:49
954	12	4	14:01:49
913	12	4	14:01:49
897	12	4	14:01:49
905	12	4	14:01:49
892	12	4	14:01:49
902	12	4	14:01:49
900	12	4	14:01:49
792	12	4	14:01:49
700	12	4	14:01:49
719	12	4	14:01:49
681	12	4	14:01:49
738	12	4	14:01:49
754	12	4	14:01:49
649	12	4	14:01:49
1441	12	4	14:01:49
1471	12	4	14:01:49
854	12	4	14:01:49
924	12	4	14:01:49
819	12	4	14:01:49
714	12	4	14:01:49
714	12	4	14:01:49
649	12	4	14:01:49
638	12	4	14:01:49
725	12	4	14:01:49
814	12	4	14:01:49
954	12	4	14:01:49
937	12	4	14:01:49
897	12	4	14:01:49
889	12	4	14:01:49
881	12	4	14:01:49
905	12	4	14:01:49
913	12	4	14:01:49
789	12	4	14:01:49
692	12	4	14:01:49
671	12	4	14:01:49
692	12	4	14:01:49
690	12	4	14:01:49
787	12	4	14:01:49
956	12	4	14:01:49
937	12	4	14:01:49
913	12	4	14:01:49
884	12	4	14:01:49
884	12	4	14:01:49
954	12	4	14:01:49
633	12	4	14:01:49
727	12	4	14:01:49
738	12	4	14:01:49
673	12	4	14:01:49
703	12	4	14:01:49
937	12	4	14:01:49
946	12	4	14:01:49
943	12	4	14:01:49
1145	12	4	14:01:49
1207	12	4	14:01:49
951	12	4	14:01:49
862	12	4	14:01:49
900	12	4	14:01:49
824	12	4	14:01:49
708	12	4	14:01:49
687	12	4	14:01:49
676	12	4	14:01:49
762	12	4	14:01:49
954	12	4	14:01:49
927	12	4	14:01:49
937	12	4	14:01:49
902	12	4	14:01:49
865	12	4	14:01:49
911	12	4	14:01:49
870	12	4	14:01:49
835	12	4	14:01:49
773	12	4	14:01:49
746	12	4	14:01:49
692	12	4	14:01:49
657	12	4	14:01:49
684	12	4	14:01:49
927	12	4	14:01:49
919	12	4	14:01:49
921	12	4	14:01:49
1156	12	4	14:01:49
1034	12	4	14:01:49
1633	12	4	14:01:49
582	12	4	14:01:49
725	12	4	14:01:49
703	12	4	14:01:49
638	12	4	14:01:49
649	12	4	14:01:49
679	12	4	14:01:49
940	12	4	14:01:49
921	12	4	14:01:49
902	12	4	14:01:49
892	12	4	14:01:49
881	12	4	14:01:49
919	12	4	14:01:49
900	12	4	14:01:49
911	12	4	14:01:49
708	12	4	14:01:49
676	12	4	14:01:49
692	12	4	14:01:49
657	12	4	14:01:49
668	12	4	14:01:49
840	12	4	14:01:49
991	12	4	14:01:49
940	12	4	14:01:49
1153	12	4	14:01:49
1094	12	4	14:01:49
973	12	4	14:01:49
822	12	4	14:01:49
738	12	4	14:01:49
703	12	4	14:01:49
722	12	4	14:01:49
665	12	4	14:01:49
657	12	4	14:01:49
741	12	4	14:01:49
954	12	4	14:01:49
937	12	4	14:01:49
1191	12	4	14:01:49
1137	12	4	14:01:49
948	12	4	14:01:49
932	12	4	14:01:49
795	12	4	14:01:49
727	12	4	14:01:49
717	12	4	14:01:49
706	12	4	14:01:49
660	12	4	14:01:49
684	12	4	14:01:49
935	12	4	14:01:49
940	12	4	14:01:49
905	12	4	14:01:49
905	12	4	14:01:49
862	12	4	14:01:49
881	12	4	14:01:49
881	12	4	14:01:49
892	12	4	14:01:49
760	12	4	14:01:49
792	12	4	14:01:49
676	12	4	14:01:49
671	12	4	14:01:49
690	12	4	14:01:49
730	12	4	14:01:49
973	12	4	14:01:49
921	12	4	14:01:49
892	12	4	14:01:49
865	12	4	14:01:49
884	12	4	14:01:49
913	12	4	14:01:49
816	12	4	14:01:49
808	12	4	14:01:49
779	12	4	14:01:49
741	12	4	14:01:49
676	12	4	14:01:49
690	12	4	14:01:49
800	12	4	14:01:49
964	12	4	14:01:49
927	12	4	14:01:49
878	12	4	14:01:49
859	12	4	14:01:49
862	12	4	14:01:49
876	12	4	14:01:49
886	12	4	14:01:49
730	12	4	14:01:49
735	12	4	14:01:49
687	12	4	14:01:49
663	12	4	14:01:49
735	12	4	14:01:49
859	12	4	14:01:49
956	12	4	14:01:49
905	12	4	14:01:49
876	12	4	14:01:49
849	12	4	14:01:49
897	12	4	14:01:49
878	12	4	14:01:49
897	12	4	14:01:49
711	12	4	14:01:49
760	12	4	14:01:49
730	12	4	14:01:49
684	12	4	14:01:49
708	12	4	14:01:49
843	12	4	14:01:49
956	12	4	14:01:49
935	12	4	14:01:49
884	12	4	14:01:49
857	12	4	14:01:49
876	12	4	14:01:49
873	12	4	14:01:49
886	12	4	14:01:49
803	12	4	14:01:49
795	12	4	14:01:49
722	12	4	14:01:49
673	12	4	14:01:49
703	12	4	14:01:49
733	12	4	14:01:49
959	12	4	14:01:49
932	12	4	14:01:49
908	12	4	14:01:49
840	12	4	14:01:49
849	12	4	14:01:49
894	12	4	14:01:49
919	12	4	14:01:49
779	12	4	14:01:49
673	12	4	14:01:49
722	12	4	14:01:49
681	12	4	14:01:49
690	12	4	14:01:49
795	12	4	14:01:49
970	12	4	14:01:49
940	12	4	14:01:49
902	12	4	14:01:49
881	12	4	14:01:49
862	12	4	14:01:49
908	12	4	14:01:49
900	12	4	14:01:49
762	12	4	14:01:49
757	12	4	14:01:49
700	12	4	14:01:49
663	12	4	14:01:49
711	12	4	14:01:49
795	12	4	14:01:49
946	12	4	14:01:49
908	12	4	14:01:49
892	12	4	14:01:49
846	12	4	14:01:49
870	12	4	14:01:49
889	12	4	14:01:49
911	12	4	14:01:49
749	12	4	14:01:49
679	12	4	14:01:49
708	12	4	14:01:49
679	12	4	14:01:49
733	12	4	14:01:49
951	12	4	14:01:49
916	12	4	14:01:49
932	12	4	14:01:49
905	12	4	14:01:49
884	12	4	14:01:49
859	12	4	14:01:49
876	12	4	14:01:49
878	12	4	14:01:49
827	12	4	14:01:49
757	12	4	14:01:49
752	12	4	14:01:49
687	12	4	14:01:49
695	12	4	14:01:49
768	12	4	14:01:49
940	12	4	14:01:49
908	12	4	14:01:49
902	12	4	14:01:49
876	12	4	14:01:49
862	12	4	14:01:49
838	12	4	14:01:49
878	12	4	14:01:49
870	12	4	14:01:49
711	12	4	14:01:49
690	12	4	14:01:49
711	12	4	14:01:49
714	12	4	14:01:49
789	12	4	14:01:49
937	12	4	14:01:49
924	12	4	14:01:49
884	12	4	14:01:49
854	12	4	14:01:49
846	12	4	14:01:49
846	12	4	14:01:49
894	12	4	14:01:49
765	12	4	14:01:49
752	12	4	14:01:49
746	12	4	14:01:49
673	12	4	14:01:49
690	12	4	14:01:49
921	12	4	14:01:49
892	12	4	14:01:49
897	12	4	14:01:49
886	12	4	14:01:49
865	12	4	14:01:49
835	12	4	14:01:49
854	12	4	14:01:49
902	12	4	14:01:49
822	12	4	14:01:49
698	12	4	14:01:49
649	12	4	14:01:49
717	12	4	14:01:49
660	12	4	14:01:49
655	12	4	14:01:49
924	12	4	14:01:49
940	12	4	14:01:49
859	12	4	14:01:49
857	12	4	14:01:49
867	12	4	14:01:49
803	12	4	14:01:49
733	12	4	14:01:49
754	12	4	14:01:49
706	12	4	14:01:49
698	12	4	14:01:49
673	12	4	14:01:49
630	12	4	14:01:49
673	12	4	14:01:49
924	12	4	14:01:49
916	12	4	14:01:49
892	12	4	14:01:49
884	12	4	14:01:49
865	12	4	14:01:49
878	12	4	14:01:49
867	12	4	14:01:49
892	12	4	14:01:49
770	12	4	14:01:49
673	12	4	14:01:49
644	12	4	14:01:49
657	12	4	14:01:49
655	12	4	14:01:49
754	12	4	14:01:49
967	12	4	14:01:49
948	12	4	14:01:49
902	12	4	14:01:49
1096	12	4	14:01:49
991	12	4	14:01:49
902	12	4	14:01:49
905	12	4	14:01:49
757	12	4	14:01:49
673	12	4	14:01:49
719	12	4	14:01:49
660	12	4	14:01:49
644	12	4	14:01:49
711	12	4	14:01:49
948	12	4	14:01:49
997	12	4	14:01:49
1266	12	4	14:01:49
1196	12	4	14:01:49
962	12	4	14:01:49
1034	12	4	14:01:49
754	12	4	14:01:49
684	12	4	14:01:49
706	12	4	14:01:49
679	12	4	14:01:49
692	12	4	14:01:49
814	12	4	14:01:49
959	12	4	14:01:49
946	12	4	14:01:49
924	12	4	14:01:49
892	12	4	14:01:49
886	12	4	14:01:49
937	12	4	14:01:49
849	12	4	14:01:49
867	12	4	14:01:49
757	12	4	14:01:49
687	12	4	14:01:49
687	12	4	14:01:49
687	12	4	14:01:49
881	12	4	14:01:49
973	12	4	14:01:49
940	12	4	14:01:49
905	12	4	14:01:49
916	12	4	14:01:49
884	12	4	14:01:49
873	12	4	14:01:49
870	12	4	14:01:49
843	12	4	14:01:49
735	12	4	14:01:49
717	12	4	14:01:49
684	12	4	14:01:49
719	12	4	14:01:49
946	12	4	14:01:49
954	12	4	14:01:49
946	12	4	14:01:49
932	12	4	14:01:49
905	12	4	14:01:49
873	12	4	14:01:49
889	12	4	14:01:49
919	12	4	14:01:49
857	12	4	14:01:49
595	12	4	14:01:49
792	12	4	14:01:49
582	12	4	14:01:49
684	12	4	14:01:49
722	12	4	14:01:49
951	12	4	14:01:49
927	12	4	14:01:49
889	12	4	14:01:49
894	12	4	14:01:49
862	12	4	14:01:49
803	12	4	14:01:49
916	12	4	14:01:49
787	12	4	14:01:49
706	12	4	14:01:49
687	12	4	14:01:49
663	12	4	14:01:49
665	12	4	14:01:49
768	12	4	14:01:49
929	12	4	14:01:49
897	12	4	14:01:49
919	12	4	14:01:49
881	12	4	14:01:49
870	12	4	14:01:49
886	12	4	14:01:49
905	12	4	14:01:49
849	12	4	14:01:49
714	12	4	14:01:49
703	12	4	14:01:49
668	12	4	14:01:49
708	12	4	14:01:49
743	12	4	14:01:49
956	12	4	14:01:49
932	12	4	14:01:49
876	12	4	14:01:49
870	12	4	14:01:49
919	12	4	14:01:49
873	12	4	14:01:49
876	12	4	14:01:49
719	12	4	14:01:49
757	12	4	14:01:49
717	12	4	14:01:49
687	12	4	14:01:49
698	12	4	14:01:49
867	12	4	14:01:49
964	12	4	14:01:49
937	12	4	14:01:49
908	12	4	14:01:49
873	12	4	14:01:49
862	12	4	14:01:49
897	12	4	14:01:49
873	12	4	14:01:49
768	12	4	14:01:49
700	12	4	14:01:49
681	12	4	14:01:49
673	12	4	14:01:49
725	12	4	14:01:49
832	12	4	14:01:49
948	12	4	14:01:49
919	12	4	14:01:49
897	12	4	14:01:49
859	12	4	14:01:49
867	12	4	14:01:49
892	12	4	14:01:49
881	12	4	14:01:49
749	12	4	14:01:49
770	12	4	14:01:49
703	12	4	14:01:49
673	12	4	14:01:49
681	12	4	14:01:49
827	12	4	14:01:49
975	12	4	14:01:49
946	12	4	14:01:49
889	12	4	14:01:49
851	12	4	14:01:49
859	12	4	14:01:49
876	12	4	14:01:49
878	12	4	14:01:49
805	12	4	14:01:49
719	12	4	14:01:49
676	12	4	14:01:49
649	12	4	14:01:49
695	12	4	14:01:49
787	12	4	14:01:49
937	12	4	14:01:49
935	12	4	14:01:49
900	12	4	14:01:49
851	12	4	14:01:49
892	12	4	14:01:49
846	12	4	14:01:49
916	12	4	14:01:49
830	12	4	14:01:49
706	12	4	14:01:49
722	12	4	14:01:49
665	12	4	14:01:49
679	12	4	14:01:49
822	12	4	14:01:49
967	12	4	14:01:49
935	12	4	14:01:49
897	12	4	14:01:49
873	12	4	14:01:49
849	12	4	14:01:49
873	12	4	14:01:49
897	12	4	14:01:49
819	12	4	14:01:49
738	12	4	14:01:49
698	12	4	14:01:49
663	12	4	14:01:49
690	12	4	14:01:49
743	12	4	14:01:49
811	12	4	14:01:49
970	12	4	14:01:49
937	12	4	14:01:49
894	12	4	14:01:49
913	12	4	14:01:49
865	12	4	14:01:49
2533	12	4	14:01:49
738	12	4	14:01:49
714	12	4	14:01:49
754	12	4	14:01:49
935	12	4	14:01:49
932	12	4	14:01:49
894	12	4	14:01:49
897	12	4	14:01:49
897	12	4	14:01:49
873	12	4	14:01:49
876	12	4	14:01:49
865	12	4	14:01:49
711	12	4	14:01:49
711	12	4	14:01:49
684	12	4	14:01:49
652	12	4	14:01:49
671	12	4	14:01:49
717	12	4	14:01:49
679	12	4	14:01:49
967	12	4	14:01:49
870	12	4	14:01:49
873	12	4	14:01:49
811	12	4	14:01:49
859	12	4	14:01:49
886	12	4	14:01:49
816	12	4	14:01:49
730	12	4	14:01:49
690	12	4	14:01:49
663	12	4	14:01:49
671	12	4	14:01:49
649	12	4	14:01:49
700	12	4	14:01:49
673	12	4	14:01:49
970	12	4	14:01:49
897	12	4	14:01:49
867	12	4	14:01:49
986	12	4	14:01:49
967	12	4	14:01:49
708	12	4	14:01:49
708	12	4	14:01:49
787	12	4	14:01:49
676	12	4	14:01:49
681	12	4	14:01:49
781	12	4	14:01:49
935	12	4	14:01:49
908	12	4	14:01:49
913	12	4	14:01:49
865	12	4	14:01:49
840	12	4	14:01:49
862	12	4	14:01:49
706	12	4	14:01:49
703	12	4	14:01:49
628	12	4	14:01:49
625	12	4	14:01:49
644	12	4	14:01:49
598	12	4	14:01:49
657	12	4	14:01:49
714	12	4	14:01:49
894	12	4	14:01:49
900	12	4	14:01:49
884	12	4	14:01:49
846	12	4	14:01:49
870	12	4	14:01:49
846	12	4	14:01:49
873	12	4	14:01:49
870	12	4	14:01:49
633	12	4	14:01:49
730	12	4	14:01:49
673	12	4	14:01:49
628	12	4	14:01:49
727	12	4	14:01:49
908	12	4	14:01:49
902	12	4	14:01:49
932	12	4	14:01:49
1088	12	4	14:01:49
1059	12	4	14:01:49
954	12	4	14:01:49
849	12	4	14:01:49
727	12	4	14:01:49
652	12	4	14:01:49
703	12	4	14:01:49
646	12	4	14:01:49
655	12	4	14:01:49
681	12	4	14:01:49
913	12	4	14:01:49
1145	12	4	14:01:49
1169	12	4	14:01:49
1040	12	4	14:01:49
927	12	4	14:01:49
857	12	4	14:01:49
867	12	4	14:01:49
722	12	4	14:01:49
684	12	4	14:01:49
679	12	4	14:01:49
630	12	4	14:01:49
700	12	4	14:01:49
970	12	4	14:01:49
1177	12	4	14:01:49
1188	12	4	14:01:49
1110	12	4	14:01:49
919	12	4	14:01:49
902	12	4	14:01:49
803	12	4	14:01:49
708	12	4	14:01:49
649	12	4	14:01:49
638	12	4	14:01:49
646	12	4	14:01:49
676	12	4	14:01:49
811	12	4	14:01:49
916	12	4	14:01:49
892	12	4	14:01:49
892	12	4	14:01:49
849	12	4	14:01:49
835	12	4	14:01:49
889	12	4	14:01:49
730	12	4	14:01:49
700	12	4	14:01:49
776	12	4	14:01:49
638	12	4	14:01:49
663	12	4	14:01:49
644	12	4	14:01:49
711	12	4	14:01:49
762	12	4	14:01:49
935	12	4	14:01:49
943	12	4	14:01:49
889	12	4	14:01:49
1048	12	4	14:01:49
978	12	4	14:01:49
900	12	4	14:01:49
738	12	4	14:01:49
684	12	4	14:01:49
695	12	4	14:01:49
665	12	4	14:01:49
676	12	4	14:01:49
760	12	4	14:01:49
1158	12	4	14:01:49
1175	12	4	14:01:49
1199	12	4	14:01:49
1059	12	4	14:01:49
991	12	4	14:01:49
889	12	4	14:01:49
749	12	4	14:01:49
698	12	4	14:01:49
671	12	4	14:01:49
652	12	4	14:01:49
714	12	4	14:01:49
838	12	4	14:01:49
940	12	4	14:01:49
913	12	4	14:01:49
900	12	4	14:01:49
881	12	4	14:01:49
846	12	4	14:01:49
867	12	4	14:01:49
862	12	4	14:01:49
913	12	4	14:01:49
719	12	4	14:01:49
687	12	4	14:01:49
687	12	4	14:01:49
690	12	4	14:01:49
784	12	4	14:01:49
1121	12	4	14:01:49
1180	12	4	14:01:49
1137	12	4	14:01:49
1021	12	4	14:01:49
989	12	4	14:01:49
843	12	4	14:01:49
714	12	4	14:01:49
649	12	4	14:01:49
681	12	4	14:01:49
660	12	4	14:01:49
698	12	4	14:01:49
902	12	4	14:01:49
937	12	4	14:01:49
927	12	4	14:01:49
881	12	4	14:01:49
862	12	4	14:01:49
849	12	4	14:01:49
838	12	4	14:01:49
873	12	4	14:01:49
870	12	4	14:01:49
730	12	4	14:01:49
679	12	4	14:01:49
673	12	4	14:01:49
681	12	4	14:01:49
743	12	4	14:01:49
913	12	4	14:01:49
867	12	4	14:01:49
846	12	4	14:01:49
838	12	4	14:01:49
851	12	4	14:01:49
846	12	4	14:01:49
876	12	4	14:01:49
803	12	4	14:01:49
676	12	4	14:01:49
700	12	4	14:01:49
676	12	4	14:01:49
668	12	4	14:01:49
698	12	4	14:01:49
730	12	4	14:01:49
730	12	4	14:01:49
937	12	4	14:01:49
870	12	4	14:01:49
843	12	4	14:01:49
999	12	4	14:01:49
943	12	4	14:01:49
779	12	4	14:01:49
695	12	4	14:01:49
703	12	4	14:01:49
681	12	4	14:01:49
657	12	4	14:01:49
679	12	4	14:01:49
765	12	4	14:01:49
921	12	4	14:01:49
897	12	4	14:01:49
857	12	4	14:01:49
857	12	4	14:01:49
865	12	4	14:01:49
859	12	4	14:01:49
884	12	4	14:01:49
808	12	4	14:01:49
690	12	4	14:01:49
646	12	4	14:01:49
687	12	4	14:01:49
679	12	4	14:01:49
784	12	4	14:01:49
924	12	4	14:01:49
886	12	4	14:01:49
878	12	4	14:01:49
846	12	4	14:01:49
840	12	4	14:01:49
865	12	4	14:01:49
886	12	4	14:01:49
768	12	4	14:01:49
687	12	4	14:01:49
681	12	4	14:01:49
644	12	4	14:01:49
708	12	4	14:01:49
919	12	4	14:01:49
873	12	4	14:01:49
873	12	4	14:01:49
857	12	4	14:01:49
838	12	4	14:01:49
854	12	4	14:01:49
892	12	4	14:01:49
849	12	4	14:01:49
762	12	4	14:01:49
717	12	4	14:01:49
673	12	4	14:01:49
684	12	4	14:01:49
692	12	4	14:01:49
822	12	4	14:01:49
908	12	4	14:01:49
859	12	4	14:01:49
870	12	4	14:01:49
846	12	4	14:01:49
873	12	4	14:01:49
876	12	4	14:01:49
830	12	4	14:01:49
805	12	4	14:01:49
741	12	4	14:01:49
681	12	4	14:01:49
663	12	4	14:01:49
714	12	4	14:01:49
878	12	4	14:01:49
862	12	4	14:01:49
881	12	4	14:01:49
851	12	4	14:01:49
827	12	4	14:01:49
835	12	4	14:01:49
859	12	4	14:01:49
894	12	4	14:01:49
865	12	4	14:01:49
708	12	4	14:01:49
673	12	4	14:01:49
698	12	4	14:01:49
684	12	4	14:01:49
900	12	4	14:01:49
894	12	4	14:01:49
873	12	4	14:01:49
840	12	4	14:01:49
849	12	4	14:01:49
846	12	4	14:01:49
854	12	4	14:01:49
876	12	4	14:01:49
811	12	4	14:01:49
695	12	4	14:01:49
703	12	4	14:01:49
698	12	4	14:01:49
760	12	4	14:01:49
919	12	4	14:01:49
919	12	4	14:01:49
878	12	4	14:01:49
832	12	4	14:01:49
846	12	4	14:01:49
840	12	4	14:01:49
851	12	4	14:01:49
886	12	4	14:01:49
787	12	4	14:01:49
676	12	4	14:01:49
668	12	4	14:01:49
700	12	4	14:01:49
733	12	4	14:01:49
900	12	4	14:01:49
867	12	4	14:01:49
865	12	4	14:01:49
851	12	4	14:01:49
838	12	4	14:01:49
857	12	4	14:01:49
857	12	4	14:01:49
876	12	4	14:01:49
849	12	4	14:01:49
700	12	4	14:01:49
717	12	4	14:01:49
671	12	4	14:01:49
692	12	4	14:01:49
797	12	4	14:01:49
943	12	4	14:01:49
889	12	4	14:01:49
867	12	4	14:01:49
900	12	4	14:01:49
824	12	4	14:01:49
830	12	4	14:01:49
819	12	4	14:01:49
792	12	4	14:01:49
749	12	4	14:01:49
703	12	4	14:01:49
692	12	4	14:01:49
722	12	4	14:01:49
849	12	4	14:01:49
900	12	4	14:01:49
878	12	4	14:01:49
843	12	4	14:01:49
854	12	4	14:01:49
854	12	4	14:01:49
854	12	4	14:01:49
843	12	4	14:01:49
797	12	4	14:01:49
668	12	4	14:01:49
684	12	4	14:01:49
676	12	4	14:01:49
692	12	4	14:01:49
792	12	4	14:01:49
894	12	4	14:01:49
870	12	4	14:01:49
865	12	4	14:01:49
830	12	4	14:01:49
830	12	4	14:01:49
851	12	4	14:01:49
897	12	4	14:01:49
762	12	4	14:01:49
663	12	4	14:01:49
671	12	4	14:01:49
711	12	4	14:01:49
695	12	4	14:01:49
835	12	4	14:01:49
897	12	4	14:01:49
857	12	4	14:01:49
867	12	4	14:01:49
830	12	4	14:01:49
832	12	4	14:01:49
838	12	4	14:01:49
849	12	4	14:01:49
814	12	4	14:01:49
684	12	4	14:01:49
700	12	4	14:01:49
673	12	4	14:01:49
708	12	4	14:01:49
889	12	4	14:01:49
865	12	4	14:01:49
843	12	4	14:01:49
840	12	4	14:01:49
830	12	4	14:01:49
840	12	4	14:01:49
843	12	4	14:01:49
840	12	4	14:01:49
862	12	4	14:01:49
692	12	4	14:01:49
692	12	4	14:01:49
673	12	4	14:01:49
649	12	4	14:01:49
743	12	4	14:01:49
878	12	4	14:01:49
870	12	4	14:01:49
832	12	4	14:01:49
851	12	4	14:01:49
805	12	4	14:01:49
835	12	4	14:01:49
862	12	4	14:01:49
870	12	4	14:01:49
663	12	4	14:01:49
738	12	4	14:01:49
700	12	4	14:01:49
665	12	4	14:01:49
673	12	4	14:01:49
822	12	4	14:01:49
900	12	4	14:01:49
851	12	4	14:01:49
849	12	4	14:01:49
811	12	4	14:01:49
849	12	4	14:01:49
854	12	4	14:01:49
876	12	4	14:01:49
913	12	4	14:01:49
752	12	4	14:01:49
695	12	4	14:01:49
668	12	4	14:01:49
692	12	4	14:01:49
714	12	4	14:01:49
900	12	4	14:01:49
873	12	4	14:01:49
873	12	4	14:01:49
865	12	4	14:01:49
851	12	4	14:01:49
884	12	4	14:01:49
878	12	4	14:01:49
840	12	4	14:01:49
706	12	4	14:01:49
703	12	4	14:01:49
665	12	4	14:01:49
679	12	4	14:01:49
738	12	4	14:01:49
900	12	4	14:01:49
862	12	4	14:01:49
878	12	4	14:01:49
838	12	4	14:01:49
832	12	4	14:01:49
851	12	4	14:01:49
876	12	4	14:01:49
889	12	4	14:01:49
711	12	4	14:01:49
679	12	4	14:01:49
692	12	4	14:01:49
676	12	4	14:01:49
752	12	4	14:01:49
878	12	4	14:01:49
876	12	4	14:01:49
881	12	4	14:01:49
884	12	4	14:01:49
814	12	4	14:01:49
827	12	4	14:01:49
843	12	4	14:01:49
859	12	4	14:01:49
779	12	4	14:01:49
727	12	4	14:01:49
671	12	4	14:01:49
665	12	4	14:01:49
727	12	4	14:01:49
803	12	4	14:01:49
908	12	4	14:01:49
881	12	4	14:01:49
865	12	4	14:01:49
846	12	4	14:01:49
862	12	4	14:01:49
873	12	4	14:01:49
867	12	4	14:01:49
784	12	4	14:01:49
676	12	4	14:01:49
695	12	4	14:01:49
657	12	4	14:01:49
668	12	4	14:01:49
789	12	4	14:01:49
894	12	4	14:01:49
889	12	4	14:01:49
849	12	4	14:01:49
840	12	4	14:01:49
835	12	4	14:01:49
849	12	4	14:01:49
859	12	4	14:01:49
854	12	4	14:01:49
743	12	4	14:01:49
722	12	4	14:01:49
698	12	4	14:01:49
722	12	4	14:01:49
770	12	4	14:01:49
916	12	4	14:01:49
881	12	4	14:01:49
851	12	4	14:01:49
843	12	4	14:01:49
846	12	4	14:01:49
835	12	4	14:01:49
892	12	4	14:01:49
819	12	4	14:01:49
692	12	4	14:01:49
719	12	4	14:01:49
722	12	4	14:01:49
708	12	4	14:01:49
873	12	4	14:01:49
876	12	4	14:01:49
865	12	4	14:01:49
854	12	4	14:01:49
876	12	4	14:01:49
1024	12	4	14:01:49
940	12	4	14:01:49
870	12	4	14:01:49
795	12	4	14:01:49
752	12	4	14:01:49
684	12	4	14:01:49
673	12	4	14:01:49
703	12	4	14:01:49
781	12	4	14:01:49
1129	12	4	14:01:49
1193	12	4	14:01:49
937	12	4	14:01:49
894	12	4	14:01:49
897	12	4	14:01:49
884	12	4	14:01:49
776	12	4	14:01:49
692	12	4	14:01:49
733	12	4	14:01:49
649	12	4	14:01:49
673	12	4	14:01:49
840	12	4	14:01:49
983	12	4	14:01:49
1220	12	4	14:01:49
1183	12	4	14:01:49
1034	12	4	14:01:49
975	12	4	14:01:49
873	12	4	14:01:49
725	12	4	14:01:49
719	12	4	14:01:49
646	12	4	14:01:49
649	12	4	14:01:49
684	12	4	14:01:49
760	12	4	14:01:49
916	12	4	14:01:49
954	12	4	14:01:49
889	12	4	14:01:49
1056	12	4	14:01:49
956	12	4	14:01:49
994	12	4	14:01:49
830	12	4	14:01:49
725	12	4	14:01:49
700	12	4	14:01:49
657	12	4	14:01:49
673	12	4	14:01:49
700	12	4	14:01:49
862	12	4	14:01:49
937	12	4	14:01:49
886	12	4	14:01:49
878	12	4	14:01:49
1078	12	4	14:01:49
970	12	4	14:01:49
935	12	4	14:01:49
854	12	4	14:01:49
727	12	4	14:01:49
676	12	4	14:01:49
663	12	4	14:01:49
725	12	4	14:01:49
808	12	4	14:01:49
921	12	4	14:01:49
894	12	4	14:01:49
867	12	4	14:01:49
873	12	4	14:01:49
711	15	4	15:47:14
916	15	4	15:47:14
997	15	4	15:47:14
905	15	4	15:47:14
840	15	4	15:47:14
811	15	4	15:47:14
773	15	4	15:47:14
703	15	4	15:47:14
660	15	4	15:47:14
625	15	4	15:47:14
611	15	4	15:47:14
676	15	4	15:47:14
717	15	4	15:47:14
725	15	4	15:47:14
749	15	4	15:47:14
830	15	4	15:47:14
746	15	4	15:47:14
754	15	4	15:47:14
692	15	4	15:47:14
700	15	4	15:47:14
668	15	4	15:47:14
655	15	4	15:47:14
679	15	4	15:47:14
646	15	4	15:47:14
614	15	4	15:47:14
628	15	4	15:47:14
622	15	4	15:47:14
636	15	4	15:47:14
708	15	4	15:47:14
975	15	4	15:47:14
991	15	4	15:47:14
956	15	4	15:47:14
921	15	4	15:47:14
832	15	4	15:47:14
735	15	4	15:47:14
730	15	4	15:47:14
733	15	4	15:47:14
673	15	4	15:47:14
655	15	4	15:47:14
625	15	4	15:47:14
622	15	4	15:47:14
684	15	4	15:47:14
722	15	4	15:47:14
1029	15	4	15:47:14
937	15	4	15:47:14
843	15	4	15:47:14
789	15	4	15:47:14
749	15	4	15:47:14
776	15	4	15:47:14
746	15	4	15:47:14
673	15	4	15:47:14
655	15	4	15:47:14
633	15	4	15:47:14
609	15	4	15:47:14
668	15	4	15:47:14
730	15	4	15:47:14
954	15	4	15:47:14
916	15	4	15:47:14
862	15	4	15:47:14
865	15	4	15:47:14
902	15	4	15:47:14
857	15	4	15:47:14
781	15	4	15:47:14
695	15	4	15:47:14
660	15	4	15:47:14
655	15	4	15:47:14
609	15	4	15:47:14
628	15	4	15:47:14
673	15	4	15:47:14
743	15	4	15:47:14
978	15	4	15:47:14
905	15	4	15:47:14
865	15	4	15:47:14
878	15	4	15:47:14
803	15	4	15:47:14
727	15	4	15:47:14
746	15	4	15:47:14
684	15	4	15:47:14
657	15	4	15:47:14
617	15	4	15:47:14
633	15	4	15:47:14
633	15	4	15:47:14
665	15	4	15:47:14
735	15	4	15:47:14
970	15	4	15:47:14
919	15	4	15:47:14
870	15	4	15:47:14
779	15	4	15:47:14
757	15	4	15:47:14
706	15	4	15:47:14
733	15	4	15:47:14
708	15	4	15:47:14
636	15	4	15:47:14
641	15	4	15:47:14
609	15	4	15:47:14
603	15	4	15:47:14
630	15	4	15:47:14
665	15	4	15:47:14
776	15	4	15:47:14
932	15	4	15:47:14
832	15	4	15:47:14
770	15	4	15:47:14
746	15	4	15:47:14
733	15	4	15:47:14
752	15	4	15:47:14
741	15	4	15:47:14
700	15	4	15:47:14
646	15	4	15:47:14
636	15	4	15:47:14
622	15	4	15:47:14
644	15	4	15:47:14
638	15	4	15:47:14
789	15	4	15:47:14
927	15	4	15:47:14
919	15	4	15:47:14
929	15	4	15:47:14
857	15	4	15:47:14
762	15	4	15:47:14
749	15	4	15:47:14
733	15	4	15:47:14
692	15	4	15:47:14
638	15	4	15:47:14
625	15	4	15:47:14
638	15	4	15:47:14
641	15	4	15:47:14
673	15	4	15:47:14
743	15	4	15:47:14
1026	15	4	15:47:14
902	15	4	15:47:14
900	15	4	15:47:14
878	15	4	15:47:14
795	15	4	15:47:14
752	15	4	15:47:14
757	15	4	15:47:14
711	15	4	15:47:14
646	15	4	15:47:14
646	15	4	15:47:14
622	15	4	15:47:14
628	15	4	15:47:14
663	15	4	15:47:14
735	15	4	15:47:14
1026	15	4	15:47:14
940	15	4	15:47:14
884	15	4	15:47:14
808	15	4	15:47:14
735	15	4	15:47:14
746	15	4	15:47:14
741	15	4	15:47:14
706	15	4	15:47:14
665	15	4	15:47:14
630	15	4	15:47:14
625	15	4	15:47:14
644	15	4	15:47:14
673	15	4	15:47:14
730	15	4	15:47:14
956	15	4	15:47:14
870	15	4	15:47:14
822	15	4	15:47:14
762	15	4	15:47:14
743	15	4	15:47:14
730	15	4	15:47:14
725	15	4	15:47:14
711	15	4	15:47:14
665	15	4	15:47:14
649	15	4	15:47:14
620	15	4	15:47:14
630	15	4	15:47:14
649	15	4	15:47:14
681	15	4	15:47:14
881	15	4	15:47:14
865	15	4	15:47:14
835	15	4	15:47:14
805	15	4	15:47:14
773	15	4	15:47:14
768	15	4	15:47:14
719	15	4	15:47:14
727	15	4	15:47:14
663	15	4	15:47:14
630	15	4	15:47:14
646	15	4	15:47:14
628	15	4	15:47:14
633	15	4	15:47:14
684	15	4	15:47:14
816	15	4	15:47:14
937	15	4	15:47:14
924	15	4	15:47:14
889	15	4	15:47:14
792	15	4	15:47:14
752	15	4	15:47:14
757	15	4	15:47:14
727	15	4	15:47:14
652	15	4	15:47:14
657	15	4	15:47:14
633	15	4	15:47:14
622	15	4	15:47:14
649	15	4	15:47:14
673	15	4	15:47:14
735	15	4	15:47:14
854	15	4	15:47:14
919	15	4	15:47:14
927	15	4	15:47:14
862	15	4	15:47:14
768	15	4	15:47:14
784	15	4	15:47:14
706	15	4	15:47:14
671	15	4	15:47:14
646	15	4	15:47:14
630	15	4	15:47:14
676	15	4	15:47:14
706	15	4	15:47:14
849	15	4	15:47:14
929	15	4	15:47:14
881	15	4	15:47:14
870	15	4	15:47:14
827	15	4	15:47:14
760	15	4	15:47:14
733	15	4	15:47:14
741	15	4	15:47:14
717	15	4	15:47:14
673	15	4	15:47:14
638	15	4	15:47:14
657	15	4	15:47:14
636	15	4	15:47:14
636	15	4	15:47:14
700	15	4	15:47:14
776	15	4	15:47:14
789	15	4	15:47:14
849	15	4	15:47:14
797	15	4	15:47:14
886	15	4	15:47:14
800	15	4	15:47:14
770	15	4	15:47:14
730	15	4	15:47:14
692	15	4	15:47:14
660	15	4	15:47:14
636	15	4	15:47:14
671	15	4	15:47:14
668	15	4	15:47:14
714	15	4	15:47:14
814	15	4	15:47:14
843	15	4	15:47:14
824	15	4	15:47:14
776	15	4	15:47:14
752	15	4	15:47:14
770	15	4	15:47:14
819	15	4	15:47:14
760	15	4	15:47:14
681	15	4	15:47:14
649	15	4	15:47:14
660	15	4	15:47:14
644	15	4	15:47:14
660	15	4	15:47:14
722	15	4	15:47:14
781	15	4	15:47:14
873	15	4	15:47:14
846	15	4	15:47:14
784	15	4	15:47:14
770	15	4	15:47:14
795	15	4	15:47:14
770	15	4	15:47:14
698	15	4	15:47:14
679	15	4	15:47:14
665	15	4	15:47:14
636	15	4	15:47:14
665	15	4	15:47:14
684	15	4	15:47:14
708	15	4	15:47:14
805	15	4	15:47:14
838	15	4	15:47:14
797	15	4	15:47:14
781	15	4	15:47:14
760	15	4	15:47:14
770	15	4	15:47:14
795	15	4	15:47:14
768	15	4	15:47:14
792	15	4	15:47:14
700	15	4	15:47:14
687	15	4	15:47:14
660	15	4	15:47:14
657	15	4	15:47:14
692	15	4	15:47:14
735	15	4	15:47:14
768	15	4	15:47:14
819	15	4	15:47:14
835	15	4	15:47:14
784	15	4	15:47:14
773	15	4	15:47:14
779	15	4	15:47:14
762	15	4	15:47:14
743	15	4	15:47:14
671	15	4	15:47:14
649	15	4	15:47:14
671	15	4	15:47:14
665	15	4	15:47:14
687	15	4	15:47:14
792	15	4	15:47:14
789	15	4	15:47:14
808	15	4	15:47:14
797	15	4	15:47:14
776	15	4	15:47:14
781	15	4	15:47:14
773	15	4	15:47:14
703	15	4	15:47:14
668	15	4	15:47:14
668	15	4	15:47:14
641	15	4	15:47:14
638	15	4	15:47:14
692	15	4	15:47:14
752	15	4	15:47:14
754	15	4	15:47:14
727	15	4	15:47:14
781	15	4	15:47:14
840	15	4	15:47:14
827	15	4	15:47:14
795	15	4	15:47:14
787	15	4	15:47:14
749	15	4	15:47:14
681	15	4	15:47:14
652	15	4	15:47:14
673	15	4	15:47:14
673	15	4	15:47:14
692	15	4	15:47:14
719	15	4	15:47:14
781	15	4	15:47:14
733	15	4	15:47:14
760	15	4	15:47:14
768	15	4	15:47:14
746	15	4	15:47:14
757	15	4	15:47:14
789	15	4	15:47:14
814	15	4	15:47:14
795	15	4	15:47:14
757	15	4	15:47:14
757	15	4	15:47:14
770	15	4	15:47:14
757	15	4	15:47:14
789	15	4	15:47:14
762	15	4	15:47:14
754	15	4	15:47:14
779	15	4	15:47:14
803	15	4	15:47:14
784	15	4	15:47:14
773	15	4	15:47:14
722	15	4	15:47:14
746	15	4	15:47:14
776	15	4	15:47:14
779	15	4	15:47:14
741	15	4	15:47:14
795	15	4	15:47:14
803	15	4	15:47:14
784	15	4	15:47:14
738	15	4	15:47:14
743	15	4	15:47:14
770	15	4	15:47:14
746	15	4	15:47:14
803	15	4	15:47:14
768	15	4	15:47:14
768	15	4	15:47:14
754	15	4	15:47:14
676	15	4	15:47:14
652	15	4	15:47:14
660	15	4	15:47:14
652	15	4	15:47:14
655	15	4	15:47:14
717	15	4	15:47:14
773	15	4	15:47:14
881	15	4	15:47:14
819	15	4	15:47:14
776	15	4	15:47:14
773	15	4	15:47:14
757	15	4	15:47:14
762	15	4	15:47:14
679	15	4	15:47:14
671	15	4	15:47:14
655	15	4	15:47:14
638	15	4	15:47:14
646	15	4	15:47:14
665	15	4	15:47:14
665	15	4	15:47:14
727	15	4	15:47:14
768	15	4	15:47:14
779	15	4	15:47:14
773	15	4	15:47:14
760	15	4	15:47:14
779	15	4	15:47:14
730	15	4	15:47:14
733	15	4	15:47:14
714	15	4	15:47:14
679	15	4	15:47:14
676	15	4	15:47:14
692	15	4	15:47:14
703	15	4	15:47:14
730	15	4	15:47:14
719	15	4	15:47:14
741	15	4	15:47:14
735	15	4	15:47:14
749	15	4	15:47:14
714	15	4	15:47:14
735	15	4	15:47:14
738	15	4	15:47:14
730	15	4	15:47:14
725	15	4	15:47:14
754	15	4	15:47:14
749	15	4	15:47:14
754	15	4	15:47:14
722	15	4	15:47:14
765	15	4	15:47:14
735	15	4	15:47:14
754	15	4	15:47:14
754	15	4	15:47:14
770	15	4	15:47:14
738	15	4	15:47:14
733	15	4	15:47:14
727	15	4	15:47:14
738	15	4	15:47:14
719	15	4	15:47:14
722	15	4	15:47:14
687	15	4	15:47:14
795	15	4	15:47:14
760	15	4	15:47:14
698	15	4	15:47:14
706	15	4	15:47:14
727	15	4	15:47:14
1040	15	4	15:47:14
924	15	4	15:47:14
830	15	4	15:47:14
754	15	4	15:47:14
706	15	4	15:47:14
708	15	4	15:47:14
655	15	4	15:47:14
657	15	4	15:47:14
671	15	4	15:47:14
663	15	4	15:47:14
668	15	4	15:47:14
690	15	4	15:47:14
733	15	4	15:47:14
795	15	4	15:47:14
792	15	4	15:47:14
805	15	4	15:47:14
795	15	4	15:47:14
762	15	4	15:47:14
727	15	4	15:47:14
762	15	4	15:47:14
722	15	4	15:47:14
719	15	4	15:47:14
700	15	4	15:47:14
765	15	4	15:47:14
797	15	4	15:47:14
781	15	4	15:47:14
743	15	4	15:47:14
730	15	4	15:47:14
773	15	4	15:47:14
803	15	4	15:47:14
768	15	4	15:47:14
773	15	4	15:47:14
770	15	4	15:47:14
776	15	4	15:47:14
708	15	4	15:47:14
722	15	4	15:47:14
765	15	4	15:47:14
832	15	4	15:47:14
752	15	4	15:47:14
700	15	4	15:47:14
695	15	4	15:47:14
738	15	4	15:47:14
835	15	4	15:47:14
805	15	4	15:47:14
754	15	4	15:47:14
749	15	4	15:47:14
754	15	4	15:47:14
719	15	4	15:47:14
714	15	4	15:47:14
717	15	4	15:47:14
735	15	4	15:47:14
708	15	4	15:47:14
700	15	4	15:47:14
727	15	4	15:47:14
735	15	4	15:47:14
725	15	4	15:47:14
690	15	4	15:47:14
649	15	4	15:47:14
676	15	4	15:47:14
733	15	4	15:47:14
781	15	4	15:47:14
781	15	4	15:47:14
746	15	4	15:47:14
708	15	4	15:47:14
663	15	4	15:47:14
657	15	4	15:47:14
684	15	4	15:47:14
722	15	4	15:47:14
687	15	4	15:47:14
741	15	4	15:47:14
730	15	4	15:47:14
822	15	4	15:47:14
795	15	4	15:47:14
781	15	4	15:47:14
779	15	4	15:47:14
760	15	4	15:47:14
749	15	4	15:47:14
695	15	4	15:47:14
708	15	4	15:47:14
649	15	4	15:47:14
614	15	4	15:47:14
679	15	4	15:47:14
646	15	4	15:47:14
687	15	4	15:47:14
760	15	4	15:47:14
760	15	4	15:47:14
746	15	4	15:47:14
735	15	4	15:47:14
752	15	4	15:47:14
741	15	4	15:47:14
725	15	4	15:47:14
725	15	4	15:47:14
692	15	4	15:47:14
630	15	4	15:47:14
609	15	4	15:47:14
687	15	4	15:47:14
668	15	4	15:47:14
703	15	4	15:47:14
792	15	4	15:47:14
846	15	4	15:47:14
946	15	4	15:47:14
889	15	4	15:47:14
779	15	4	15:47:14
668	15	4	15:47:14
733	15	4	15:47:14
681	15	4	15:47:14
601	15	4	15:47:14
633	15	4	15:47:14
603	15	4	15:47:14
617	15	4	15:47:14
620	15	4	15:47:14
633	15	4	15:47:14
800	15	4	15:47:14
935	15	4	15:47:14
905	15	4	15:47:14
876	15	4	15:47:14
830	15	4	15:47:14
800	15	4	15:47:14
805	15	4	15:47:14
752	15	4	15:47:14
692	15	4	15:47:14
649	15	4	15:47:14
646	15	4	15:47:14
657	15	4	15:47:14
652	15	4	15:47:14
754	15	4	15:47:14
797	15	4	15:47:14
762	15	4	15:47:14
854	15	4	15:47:14
822	15	4	15:47:14
765	15	4	15:47:14
768	15	4	15:47:14
730	15	4	15:47:14
760	15	4	15:47:14
681	15	4	15:47:14
695	15	4	15:47:14
655	15	4	15:47:14
625	15	4	15:47:14
681	15	4	15:47:14
649	15	4	15:47:14
665	15	4	15:47:14
768	15	4	15:47:14
814	15	4	15:47:14
797	15	4	15:47:14
743	15	4	15:47:14
757	15	4	15:47:14
762	15	4	15:47:14
749	15	4	15:47:14
762	15	4	15:47:14
719	15	4	15:47:14
652	15	4	15:47:14
649	15	4	15:47:14
673	15	4	15:47:14
692	15	4	15:47:14
717	15	4	15:47:14
743	15	4	15:47:14
859	15	4	15:47:14
787	15	4	15:47:14
784	15	4	15:47:14
765	15	4	15:47:14
752	15	4	15:47:14
803	15	4	15:47:14
789	15	4	15:47:14
711	15	4	15:47:14
722	15	4	15:47:14
741	15	4	15:47:14
735	15	4	15:47:14
746	15	4	15:47:14
754	15	4	15:47:14
803	15	4	15:47:14
800	15	4	15:47:14
781	15	4	15:47:14
773	15	4	15:47:14
746	15	4	15:47:14
735	15	4	15:47:14
752	15	4	15:47:14
784	15	4	15:47:14
773	15	4	15:47:14
808	15	4	15:47:14
811	15	4	15:47:14
824	15	4	15:47:14
787	15	4	15:47:14
781	15	4	15:47:14
781	15	4	15:47:14
770	15	4	15:47:14
757	15	4	15:47:14
754	15	4	15:47:14
827	15	4	15:47:14
811	15	4	15:47:14
792	15	4	15:47:14
752	15	4	15:47:14
733	15	4	15:47:14
717	15	4	15:47:14
700	15	4	15:47:14
708	15	4	15:47:14
784	15	4	15:47:14
832	15	4	15:47:14
787	15	4	15:47:14
792	15	4	15:47:14
760	15	4	15:47:14
738	15	4	15:47:14
746	15	4	15:47:14
762	15	4	15:47:14
762	15	4	15:47:14
741	15	4	15:47:14
787	15	4	15:47:14
754	15	4	15:47:14
738	15	4	15:47:14
738	15	4	15:47:14
797	15	4	15:47:14
762	15	4	15:47:14
746	15	4	15:47:14
725	15	4	15:47:14
738	15	4	15:47:14
743	15	4	15:47:14
722	15	4	15:47:14
752	15	4	15:47:14
749	15	4	15:47:14
768	15	4	15:47:14
779	15	4	15:47:14
762	15	4	15:47:14
741	15	4	15:47:14
746	15	4	15:47:14
749	15	4	15:47:14
717	15	4	15:47:14
687	15	4	15:47:14
671	15	4	15:47:14
652	15	4	15:47:14
708	15	4	15:47:14
717	15	4	15:47:14
717	15	4	15:47:14
684	15	4	15:47:14
676	15	4	15:47:14
749	15	4	15:47:14
770	15	4	15:47:14
714	15	4	15:47:14
730	15	4	15:47:14
733	15	4	15:47:14
708	15	4	15:47:14
719	15	4	15:47:14
695	15	4	15:47:14
735	15	4	15:47:14
727	15	4	15:47:14
727	15	4	15:47:14
735	15	4	15:47:14
725	15	4	15:47:14
679	15	4	15:47:14
708	15	4	15:47:14
695	15	4	15:47:14
660	15	4	15:47:14
690	15	4	15:47:14
679	15	4	15:47:14
684	15	4	15:47:14
752	15	4	15:47:14
746	15	4	15:47:14
754	15	4	15:47:14
714	15	4	15:47:14
746	15	4	15:47:14
727	15	4	15:47:14
733	15	4	15:47:14
722	15	4	15:47:14
749	15	4	15:47:14
781	15	4	15:47:14
762	15	4	15:47:14
703	15	4	15:47:14
730	15	4	15:47:14
703	15	4	15:47:14
714	15	4	15:47:14
711	15	4	15:47:14
722	15	4	15:47:14
703	15	4	15:47:14
711	15	4	15:47:14
754	15	4	15:47:14
714	15	4	15:47:14
698	15	4	15:47:14
692	15	4	15:47:14
725	15	4	15:47:14
811	15	4	15:47:14
779	15	4	15:47:14
708	15	4	15:47:14
676	15	4	15:47:14
657	15	4	15:47:14
663	15	4	15:47:14
719	15	4	15:47:14
765	15	4	15:47:14
776	15	4	15:47:14
749	15	4	15:47:14
795	15	4	15:47:14
722	15	4	15:47:14
792	15	4	15:47:14
795	15	4	15:47:14
773	15	4	15:47:14
824	15	4	15:47:14
827	15	4	15:47:14
787	15	4	15:47:14
781	15	4	15:47:14
757	15	4	15:47:14
789	15	4	15:47:14
770	15	4	15:47:14
779	15	4	15:47:14
749	15	4	15:47:14
727	15	4	15:47:14
711	15	4	15:47:14
768	15	4	15:47:14
989	15	4	15:47:14
816	15	4	15:47:14
735	15	4	15:47:14
687	15	4	15:47:14
657	15	4	15:47:14
735	15	4	15:47:14
873	15	4	15:47:14
870	15	4	15:47:14
816	15	4	15:47:14
768	15	4	15:47:14
779	15	4	15:47:14
805	15	4	15:47:14
781	15	4	15:47:14
730	15	4	15:47:14
706	15	4	15:47:14
708	15	4	15:47:14
717	15	4	15:47:14
776	15	4	15:47:14
746	15	4	15:47:14
770	15	4	15:47:14
854	15	4	15:47:14
795	15	4	15:47:14
714	15	4	15:47:14
708	15	4	15:47:14
738	15	4	15:47:14
735	15	4	15:47:14
733	15	4	15:47:14
792	15	4	15:47:14
811	15	4	15:47:14
741	15	4	15:47:14
714	15	4	15:47:14
779	15	4	15:47:14
795	15	4	15:47:14
814	15	4	15:47:14
760	15	4	15:47:14
727	15	4	15:47:14
765	15	4	15:47:14
757	15	4	15:47:14
843	15	4	15:47:14
746	15	4	15:47:14
717	15	4	15:47:14
727	15	4	15:47:14
768	15	4	15:47:14
749	15	4	15:47:14
717	15	4	15:47:14
784	15	4	15:47:14
816	15	4	15:47:14
770	15	4	15:47:14
708	15	4	15:47:14
681	15	4	15:47:14
679	15	4	15:47:14
752	15	4	15:47:14
781	15	4	15:47:14
779	15	4	15:47:14
735	15	4	15:47:14
773	15	4	15:47:14
776	15	4	15:47:14
765	15	4	15:47:14
727	15	4	15:47:14
725	15	4	15:47:14
700	15	4	15:47:14
787	15	4	15:47:14
733	15	4	15:47:14
735	15	4	15:47:14
789	15	4	15:47:14
752	15	4	15:47:14
752	15	4	15:47:14
706	15	4	15:47:14
735	15	4	15:47:14
752	15	4	15:47:14
708	15	4	15:47:14
722	15	4	15:47:14
714	15	4	15:47:14
725	15	4	15:47:14
789	15	4	15:47:14
760	15	4	15:47:14
717	15	4	15:47:14
725	15	4	15:47:14
770	15	4	15:47:14
840	15	4	15:47:14
770	15	4	15:47:14
735	15	4	15:47:14
741	15	4	15:47:14
765	15	4	15:47:14
768	15	4	15:47:14
743	15	4	15:47:14
725	15	4	15:47:14
741	15	4	15:47:14
779	15	4	15:47:14
808	15	4	15:47:14
765	15	4	15:47:14
733	15	4	15:47:14
770	15	4	15:47:14
795	15	4	15:47:14
797	15	4	15:47:14
746	15	4	15:47:14
746	15	4	15:47:14
754	15	4	15:47:14
746	15	4	15:47:14
757	15	4	15:47:14
770	15	4	15:47:14
765	15	4	15:47:14
779	15	4	15:47:14
692	15	4	15:47:14
687	15	4	15:47:14
738	15	4	15:47:14
981	15	4	15:47:14
932	15	4	15:47:14
946	15	4	15:47:14
770	15	4	15:47:14
781	15	4	15:47:14
770	15	4	15:47:14
733	15	4	15:47:14
762	15	4	15:47:14
773	15	4	15:47:14
743	15	4	15:47:14
749	15	4	15:47:14
714	15	4	15:47:14
708	15	4	15:47:14
733	15	4	15:47:14
765	15	4	15:47:14
776	15	4	15:47:14
730	15	4	15:47:14
741	15	4	15:47:14
824	15	4	15:47:14
749	15	4	15:47:14
681	15	4	15:47:14
681	15	4	15:47:14
700	15	4	15:47:14
760	15	4	15:47:14
711	15	4	15:47:14
668	15	4	15:47:14
719	15	4	15:47:14
773	15	4	15:47:14
762	15	4	15:47:14
676	15	4	15:47:14
708	15	4	15:47:14
711	15	4	15:47:14
681	15	4	15:47:14
735	15	4	15:47:14
695	15	4	15:47:14
679	15	4	15:47:14
743	15	4	15:47:14
708	15	4	15:47:14
725	15	4	15:47:14
735	15	4	15:47:14
808	15	4	15:47:14
789	15	4	15:47:14
776	15	4	15:47:14
738	15	4	15:47:14
692	15	4	15:47:14
725	15	4	15:47:14
814	15	4	15:47:14
787	15	4	15:47:14
752	15	4	15:47:14
752	15	4	15:47:14
784	15	4	15:47:14
792	15	4	15:47:14
792	15	4	15:47:14
776	15	4	15:47:14
733	15	4	15:47:14
754	15	4	15:47:14
749	15	4	15:47:14
741	15	4	15:47:14
746	15	4	15:47:14
762	15	4	15:47:14
773	15	4	15:47:14
735	15	4	15:47:14
722	15	4	15:47:14
711	15	4	15:47:14
717	15	4	15:47:14
730	15	4	15:47:14
741	15	4	15:47:14
708	15	4	15:47:14
776	15	4	15:47:14
873	15	4	15:47:14
792	15	4	15:47:14
722	15	4	15:47:14
727	15	4	15:47:14
784	15	4	15:47:14
819	15	4	15:47:14
762	15	4	15:47:14
730	15	4	15:47:14
776	15	4	15:47:14
795	15	4	15:47:14
749	15	4	15:47:14
735	15	4	15:47:14
808	15	4	15:47:14
779	15	4	15:47:14
749	15	4	15:47:14
719	15	4	15:47:14
746	15	4	15:47:14
838	15	4	15:47:14
814	15	4	15:47:14
733	15	4	15:47:14
760	15	4	15:47:14
800	15	4	15:47:14
805	15	4	15:47:14
725	15	4	15:47:14
735	15	4	15:47:14
822	15	4	15:47:14
894	15	4	15:47:14
768	15	4	15:47:14
784	15	4	15:47:14
830	15	4	15:47:14
830	15	4	15:47:14
816	15	4	15:47:14
743	15	4	15:47:14
838	15	4	15:47:14
846	15	4	15:47:14
822	15	4	15:47:14
779	15	4	15:47:14
725	15	4	15:47:14
787	15	4	15:47:14
816	15	4	15:47:14
768	15	4	15:47:14
741	15	4	15:47:14
784	15	4	15:47:14
816	15	4	15:47:14
773	15	4	15:47:14
776	15	4	15:47:14
746	15	4	15:47:14
784	15	4	15:47:14
722	15	4	15:47:14
733	15	4	15:47:14
760	15	4	15:47:14
881	15	4	15:47:14
805	15	4	15:47:14
765	15	4	15:47:14
743	15	4	15:47:14
752	15	4	15:47:14
773	15	4	15:47:14
762	15	4	15:47:14
741	15	4	15:47:14
830	15	4	15:47:14
851	15	4	15:47:14
795	15	4	15:47:14
754	15	4	15:47:14
754	15	4	15:47:14
787	15	4	15:47:14
781	15	4	15:47:14
760	15	4	15:47:14
754	15	4	15:47:14
735	15	4	15:47:14
795	15	4	15:47:14
832	15	4	15:47:14
754	15	4	15:47:14
733	15	4	15:47:14
725	15	4	15:47:14
789	15	4	15:47:14
714	15	4	15:47:14
719	15	4	15:47:14
781	15	4	15:47:14
827	15	4	15:47:14
749	15	4	15:47:14
725	15	4	15:47:14
722	15	4	15:47:14
773	15	4	15:47:14
770	15	4	15:47:14
717	15	4	15:47:14
722	15	4	15:47:14
795	15	4	15:47:14
819	15	4	15:47:14
746	15	4	15:47:14
708	15	4	15:47:14
708	15	4	15:47:14
749	15	4	15:47:14
684	15	4	15:47:14
708	15	4	15:47:14
714	15	4	15:47:14
746	15	4	15:47:14
735	15	4	15:47:14
681	15	4	15:47:14
779	15	4	15:47:14
808	15	4	15:47:14
808	15	4	15:47:14
714	15	4	15:47:14
735	15	4	15:47:14
722	15	4	15:47:14
784	15	4	15:47:14
752	15	4	15:47:14
703	15	4	15:47:14
717	15	4	15:47:14
754	15	4	15:47:14
781	15	4	15:47:14
773	15	4	15:47:14
727	15	4	15:47:14
708	15	4	15:47:14
824	15	4	15:47:14
924	15	4	15:47:14
792	15	4	15:47:14
787	15	4	15:47:14
811	15	4	15:47:14
822	15	4	15:47:14
803	15	4	15:47:14
735	15	4	15:47:14
743	15	4	15:47:14
779	15	4	15:47:14
768	15	4	15:47:14
765	15	4	15:47:14
803	15	4	15:47:14
832	15	4	15:47:14
846	15	4	15:47:14
770	15	4	15:47:14
681	15	4	15:47:14
722	15	4	15:47:14
752	15	4	15:47:14
776	15	4	15:47:14
787	15	4	15:47:14
840	15	4	15:47:14
1086	15	4	15:47:14
1008	15	4	15:47:14
840	15	4	15:47:14
719	15	4	15:47:14
714	15	4	15:47:14
760	15	4	15:47:14
752	15	4	15:47:14
714	15	4	15:47:14
757	15	4	15:47:14
789	15	4	15:47:14
741	15	4	15:47:14
700	15	4	15:47:14
765	15	4	15:47:14
738	15	4	15:47:14
741	15	4	15:47:14
733	15	4	15:47:14
768	15	4	15:47:14
779	15	4	15:47:14
719	15	4	15:47:14
733	15	4	15:47:14
779	15	4	15:47:14
754	15	4	15:47:14
717	15	4	15:47:14
787	15	4	15:47:14
770	15	4	15:47:14
800	15	4	15:47:14
700	15	4	15:47:14
757	15	4	15:47:14
733	15	4	15:47:14
738	15	4	15:47:14
717	15	4	15:47:14
692	15	4	15:47:14
681	15	4	15:47:14
727	15	4	15:47:14
733	15	4	15:47:14
706	15	4	15:47:14
698	15	4	15:47:14
735	15	4	15:47:14
770	15	4	15:47:14
706	15	4	15:47:14
679	15	4	15:47:14
727	15	4	15:47:14
727	15	4	15:47:14
706	15	4	15:47:14
695	15	4	15:47:14
743	15	4	15:47:14
743	15	4	15:47:14
762	15	4	15:47:14
738	15	4	15:47:14
733	15	4	15:47:14
722	15	4	15:47:14
859	15	4	15:47:14
886	15	4	15:47:14
789	15	4	15:47:14
757	15	4	15:47:14
714	15	4	15:47:14
800	15	4	15:47:14
733	15	4	15:47:14
741	15	4	15:47:14
803	15	4	15:47:14
849	15	4	15:47:14
762	15	4	15:47:14
776	15	4	15:47:14
770	15	4	15:47:14
765	15	4	15:47:14
970	15	4	15:47:14
749	15	4	15:47:14
690	15	4	15:47:14
700	15	4	15:47:14
1129	15	4	15:47:14
956	15	4	15:47:14
840	15	4	15:47:14
822	15	4	15:47:14
902	15	4	15:47:14
905	15	4	15:47:14
803	15	4	15:47:14
773	15	4	15:47:14
789	15	4	15:47:14
851	15	4	15:47:14
800	15	4	15:47:14
749	15	4	15:47:14
843	15	4	15:47:14
808	15	4	15:47:14
830	15	4	15:47:14
779	15	4	15:47:14
725	15	4	15:47:14
787	15	4	15:47:14
795	15	4	15:47:14
762	15	4	15:47:14
730	15	4	15:47:14
784	15	4	15:47:14
784	15	4	15:47:14
776	15	4	15:47:14
746	15	4	15:47:14
738	15	4	15:47:14
803	15	4	15:47:14
797	15	4	15:47:14
738	15	4	15:47:14
706	15	4	15:47:14
730	15	4	15:47:14
776	15	4	15:47:14
773	15	4	15:47:14
743	15	4	15:47:14
743	15	4	15:47:14
746	15	4	15:47:14
830	15	4	15:47:14
768	15	4	15:47:14
754	15	4	15:47:14
711	15	4	15:47:14
733	15	4	15:47:14
776	15	4	15:47:14
768	15	4	15:47:14
717	15	4	15:47:14
757	15	4	15:47:14
835	15	4	15:47:14
830	15	4	15:47:14
792	15	4	15:47:14
738	15	4	15:47:14
779	15	4	15:47:14
792	15	4	15:47:14
752	15	4	15:47:14
717	15	4	15:47:14
714	15	4	15:47:14
743	15	4	15:47:14
803	15	4	15:47:14
773	15	4	15:47:14
749	15	4	15:47:14
762	15	4	15:47:14
967	15	4	15:47:14
876	15	4	15:47:14
789	15	4	15:47:14
757	15	4	15:47:14
757	15	4	15:47:14
781	15	4	15:47:14
776	15	4	15:47:14
773	15	4	15:47:14
717	15	4	15:47:14
752	15	4	15:47:14
768	15	4	15:47:14
757	15	4	15:47:14
738	15	4	15:47:14
730	15	4	15:47:14
714	15	4	15:47:14
684	15	4	15:47:14
655	15	4	15:47:14
657	15	4	15:47:14
784	15	4	15:47:14
878	15	4	15:47:14
779	15	4	15:47:14
743	15	4	15:47:14
754	15	4	15:47:14
811	15	4	15:47:14
792	15	4	15:47:14
722	15	4	15:47:14
784	15	4	15:47:14
797	15	4	15:47:14
808	15	4	15:47:14
746	15	4	15:47:14
730	15	4	15:47:14
800	15	4	15:47:14
840	15	4	15:47:14
776	15	4	15:47:14
717	15	4	15:47:14
795	15	4	15:47:14
849	15	4	15:47:14
840	15	4	15:47:14
773	15	4	15:47:14
727	15	4	15:47:14
717	15	4	15:47:14
784	15	4	15:47:14
768	15	4	15:47:14
735	15	4	15:47:14
773	15	4	15:47:14
921	15	4	15:47:14
870	15	4	15:47:14
757	15	4	15:47:14
743	15	4	15:47:14
773	15	4	15:47:14
768	15	4	15:47:14
770	15	4	15:47:14
752	15	4	15:47:14
770	15	4	15:47:14
765	15	4	15:47:14
800	15	4	15:47:14
719	15	4	15:47:14
770	15	4	15:47:14
773	15	4	15:47:14
757	15	4	15:47:14
714	15	4	15:47:14
708	15	4	15:47:14
735	15	4	15:47:14
862	15	4	15:47:14
797	15	4	15:47:14
746	15	4	15:47:14
741	15	4	15:47:14
789	15	4	15:47:14
867	15	4	15:47:14
781	15	4	15:47:14
733	15	4	15:47:14
760	15	4	15:47:14
787	15	4	15:47:14
822	15	4	15:47:14
752	15	4	15:47:14
725	15	4	15:47:14
762	15	4	15:47:14
797	15	4	15:47:14
808	15	4	15:47:14
773	15	4	15:47:14
781	15	4	15:47:14
808	15	4	15:47:14
840	15	4	15:47:14
754	15	4	15:47:14
717	15	4	15:47:14
700	15	4	15:47:14
735	15	4	15:47:14
824	15	4	15:47:14
873	15	4	15:47:14
741	15	4	15:47:14
719	15	4	15:47:14
797	15	4	15:47:14
894	15	4	15:47:14
770	15	4	15:47:14
735	15	4	15:47:14
660	15	4	15:47:14
617	15	4	15:47:14
644	15	4	15:47:14
695	15	4	15:47:14
673	15	4	15:47:14
598	15	4	15:47:14
711	15	4	15:47:14
584	15	4	15:47:14
644	15	4	15:47:14
614	15	4	15:47:14
700	15	4	15:47:14
692	15	4	15:47:14
590	16	4	11:34:23
579	16	4	11:34:23
646	16	4	11:34:23
849	16	4	11:34:23
1018	16	4	11:34:23
1010	16	4	11:34:23
927	16	4	11:34:23
876	16	4	11:34:23
770	16	4	11:34:23
633	16	4	11:34:23
630	16	4	11:34:23
582	16	4	11:34:23
590	16	4	11:34:23
579	16	4	11:34:23
633	16	4	11:34:23
773	16	4	11:34:23
940	16	4	11:34:23
919	16	4	11:34:23
873	16	4	11:34:23
867	16	4	11:34:23
824	16	4	11:34:23
808	16	4	11:34:23
727	16	4	11:34:23
614	16	4	11:34:23
584	16	4	11:34:23
587	16	4	11:34:23
571	16	4	11:34:23
636	16	4	11:34:23
657	16	4	11:34:23
792	16	4	11:34:23
889	16	4	11:34:23
927	16	4	11:34:23
911	16	4	11:34:23
857	16	4	11:34:23
822	16	4	11:34:23
787	16	4	11:34:23
708	16	4	11:34:23
636	16	4	11:34:23
593	16	4	11:34:23
582	16	4	11:34:23
576	16	4	11:34:23
601	16	4	11:34:23
684	16	4	11:34:23
865	16	4	11:34:23
967	16	4	11:34:23
940	16	4	11:34:23
905	16	4	11:34:23
884	16	4	11:34:23
832	16	4	11:34:23
816	16	4	11:34:23
725	16	4	11:34:23
601	16	4	11:34:23
606	16	4	11:34:23
568	16	4	11:34:23
574	16	4	11:34:23
630	16	4	11:34:23
706	16	4	11:34:23
835	16	4	11:34:23
946	16	4	11:34:23
954	16	4	11:34:23
919	16	4	11:34:23
857	16	4	11:34:23
824	16	4	11:34:23
779	16	4	11:34:23
684	16	4	11:34:23
630	16	4	11:34:23
590	16	4	11:34:23
566	16	4	11:34:23
590	16	4	11:34:23
568	16	4	11:34:23
628	16	4	11:34:23
684	16	4	11:34:23
835	16	4	11:34:23
911	16	4	11:34:23
900	16	4	11:34:23
889	16	4	11:34:23
843	16	4	11:34:23
797	16	4	11:34:23
776	16	4	11:34:23
657	16	4	11:34:23
625	16	4	11:34:23
566	16	4	11:34:23
571	16	4	11:34:23
555	16	4	11:34:23
579	16	4	11:34:23
646	16	4	11:34:23
708	16	4	11:34:23
894	16	4	11:34:23
881	16	4	11:34:23
884	16	4	11:34:23
873	16	4	11:34:23
805	16	4	11:34:23
746	16	4	11:34:23
671	16	4	11:34:23
638	16	4	11:34:23
590	16	4	11:34:23
576	16	4	11:34:23
558	16	4	11:34:23
555	16	4	11:34:23
611	16	4	11:34:23
641	16	4	11:34:23
749	16	4	11:34:23
908	16	4	11:34:23
927	16	4	11:34:23
889	16	4	11:34:23
849	16	4	11:34:23
816	16	4	11:34:23
787	16	4	11:34:23
692	16	4	11:34:23
606	16	4	11:34:23
582	16	4	11:34:23
582	16	4	11:34:23
563	16	4	11:34:23
601	16	4	11:34:23
611	16	4	11:34:23
636	16	4	11:34:23
762	16	4	11:34:23
919	16	4	11:34:23
892	16	4	11:34:23
870	16	4	11:34:23
835	16	4	11:34:23
779	16	4	11:34:23
749	16	4	11:34:23
703	16	4	11:34:23
595	16	4	11:34:23
595	16	4	11:34:23
566	16	4	11:34:23
558	16	4	11:34:23
590	16	4	11:34:23
593	16	4	11:34:23
711	16	4	11:34:23
886	16	4	11:34:23
905	16	4	11:34:23
867	16	4	11:34:23
846	16	4	11:34:23
800	16	4	11:34:23
787	16	4	11:34:23
765	16	4	11:34:23
676	16	4	11:34:23
611	16	4	11:34:23
609	16	4	11:34:23
555	16	4	11:34:23
574	16	4	11:34:23
563	16	4	11:34:23
614	16	4	11:34:23
698	16	4	11:34:23
830	16	4	11:34:23
827	16	4	11:34:23
805	16	4	11:34:23
822	16	4	11:34:23
800	16	4	11:34:23
760	16	4	11:34:23
717	16	4	11:34:23
668	16	4	11:34:23
598	16	4	11:34:23
566	16	4	11:34:23
584	16	4	11:34:23
555	16	4	11:34:23
603	16	4	11:34:23
606	16	4	11:34:23
671	16	4	11:34:23
854	16	4	11:34:23
892	16	4	11:34:23
827	16	4	11:34:23
824	16	4	11:34:23
773	16	4	11:34:23
733	16	4	11:34:23
746	16	4	11:34:23
665	16	4	11:34:23
587	16	4	11:34:23
603	16	4	11:34:23
571	16	4	11:34:23
571	16	4	11:34:23
579	16	4	11:34:23
593	16	4	11:34:23
687	16	4	11:34:23
803	16	4	11:34:23
835	16	4	11:34:23
832	16	4	11:34:23
830	16	4	11:34:23
819	16	4	11:34:23
735	16	4	11:34:23
703	16	4	11:34:23
646	16	4	11:34:23
590	16	4	11:34:23
563	16	4	11:34:23
576	16	4	11:34:23
558	16	4	11:34:23
595	16	4	11:34:23
617	16	4	11:34:23
671	16	4	11:34:23
892	16	4	11:34:23
892	16	4	11:34:23
851	16	4	11:34:23
843	16	4	11:34:23
733	16	4	11:34:23
646	16	4	11:34:23
601	16	4	11:34:23
576	16	4	11:34:23
584	16	4	11:34:23
563	16	4	11:34:23
560	16	4	11:34:23
544	16	4	11:34:23
568	16	4	11:34:23
603	16	4	11:34:23
606	16	4	11:34:23
711	16	4	11:34:23
819	16	4	11:34:23
873	16	4	11:34:23
876	16	4	11:34:23
849	16	4	11:34:23
800	16	4	11:34:23
811	16	4	11:34:23
746	16	4	11:34:23
649	16	4	11:34:23
614	16	4	11:34:23
582	16	4	11:34:23
547	16	4	11:34:23
582	16	4	11:34:23
582	16	4	11:34:23
625	16	4	11:34:23
711	16	4	11:34:23
789	16	4	11:34:23
822	16	4	11:34:23
811	16	4	11:34:23
827	16	4	11:34:23
789	16	4	11:34:23
746	16	4	11:34:23
703	16	4	11:34:23
663	16	4	11:34:23
584	16	4	11:34:23
590	16	4	11:34:23
574	16	4	11:34:23
547	16	4	11:34:23
590	16	4	11:34:23
609	16	4	11:34:23
668	16	4	11:34:23
700	16	4	11:34:23
849	16	4	11:34:23
878	16	4	11:34:23
835	16	4	11:34:23
776	16	4	11:34:23
692	16	4	11:34:23
636	16	4	11:34:23
609	16	4	11:34:23
563	16	4	11:34:23
549	16	4	11:34:23
568	16	4	11:34:23
525	16	4	11:34:23
568	16	4	11:34:23
568	16	4	11:34:23
644	16	4	11:34:23
781	16	4	11:34:23
797	16	4	11:34:23
835	16	4	11:34:23
843	16	4	11:34:23
803	16	4	11:34:23
784	16	4	11:34:23
730	16	4	11:34:23
665	16	4	11:34:23
671	16	4	11:34:23
622	16	4	11:34:23
584	16	4	11:34:23
584	16	4	11:34:23
563	16	4	11:34:23
576	16	4	11:34:23
582	16	4	11:34:23
595	16	4	11:34:23
735	16	4	11:34:23
835	16	4	11:34:23
816	16	4	11:34:23
849	16	4	11:34:23
819	16	4	11:34:23
792	16	4	11:34:23
752	16	4	11:34:23
722	16	4	11:34:23
628	16	4	11:34:23
606	16	4	11:34:23
555	16	4	11:34:23
571	16	4	11:34:23
536	16	4	11:34:23
579	16	4	11:34:23
582	16	4	11:34:23
649	16	4	11:34:23
741	16	4	11:34:23
784	16	4	11:34:23
765	16	4	11:34:23
776	16	4	11:34:23
779	16	4	11:34:23
730	16	4	11:34:23
681	16	4	11:34:23
679	16	4	11:34:23
646	16	4	11:34:23
558	16	4	11:34:23
568	16	4	11:34:23
549	16	4	11:34:23
539	16	4	11:34:23
558	16	4	11:34:23
574	16	4	11:34:23
727	16	4	11:34:23
752	16	4	11:34:23
765	16	4	11:34:23
773	16	4	11:34:23
776	16	4	11:34:23
719	16	4	11:34:23
646	16	4	11:34:23
644	16	4	11:34:23
630	16	4	11:34:23
574	16	4	11:34:23
584	16	4	11:34:23
541	16	4	11:34:23
555	16	4	11:34:23
525	16	4	11:34:23
558	16	4	11:34:23
568	16	4	11:34:23
598	16	4	11:34:23
706	16	4	11:34:23
765	16	4	11:34:23
792	16	4	11:34:23
792	16	4	11:34:23
787	16	4	11:34:23
684	16	4	11:34:23
584	16	4	11:34:23
595	16	4	11:34:23
566	16	4	11:34:23
555	16	4	11:34:23
539	16	4	11:34:23
517	16	4	11:34:23
541	16	4	11:34:23
501	16	4	11:34:23
549	16	4	11:34:23
558	16	4	11:34:23
663	16	4	11:34:23
695	16	4	11:34:23
700	16	4	11:34:23
730	16	4	11:34:23
754	16	4	11:34:23
733	16	4	11:34:23
714	16	4	11:34:23
727	16	4	11:34:23
695	16	4	11:34:23
625	16	4	11:34:23
590	16	4	11:34:23
555	16	4	11:34:23
549	16	4	11:34:23
531	16	4	11:34:23
525	16	4	11:34:23
563	16	4	11:34:23
563	16	4	11:34:23
652	16	4	11:34:23
749	16	4	11:34:23
797	16	4	11:34:23
779	16	4	11:34:23
781	16	4	11:34:23
757	16	4	11:34:23
698	16	4	11:34:23
630	16	4	11:34:23
590	16	4	11:34:23
544	16	4	11:34:23
563	16	4	11:34:23
523	16	4	11:34:23
544	16	4	11:34:23
509	16	4	11:34:23
541	16	4	11:34:23
536	16	4	11:34:23
582	16	4	11:34:23
633	16	4	11:34:23
706	16	4	11:34:23
768	16	4	11:34:23
765	16	4	11:34:23
733	16	4	11:34:23
708	16	4	11:34:23
706	16	4	11:34:23
673	16	4	11:34:23
617	16	4	11:34:23
584	16	4	11:34:23
566	16	4	11:34:23
541	16	4	11:34:23
541	16	4	11:34:23
528	16	4	11:34:23
590	16	4	11:34:23
598	16	4	11:34:23
690	16	4	11:34:23
746	16	4	11:34:23
878	16	4	11:34:23
832	16	4	11:34:23
797	16	4	11:34:23
784	16	4	11:34:23
765	16	4	11:34:23
706	16	4	11:34:23
603	16	4	11:34:23
598	16	4	11:34:23
555	16	4	11:34:23
568	16	4	11:34:23
544	16	4	11:34:23
571	16	4	11:34:23
584	16	4	11:34:23
649	16	4	11:34:23
735	16	4	11:34:23
832	16	4	11:34:23
865	16	4	11:34:23
851	16	4	11:34:23
814	16	4	11:34:23
757	16	4	11:34:23
765	16	4	11:34:23
727	16	4	11:34:23
641	16	4	11:34:23
606	16	4	11:34:23
576	16	4	11:34:23
566	16	4	11:34:23
544	16	4	11:34:23
549	16	4	11:34:23
590	16	4	11:34:23
590	16	4	11:34:23
655	16	4	11:34:23
768	16	4	11:34:23
814	16	4	11:34:23
803	16	4	11:34:23
762	16	4	11:34:23
752	16	4	11:34:23
711	16	4	11:34:23
717	16	4	11:34:23
665	16	4	11:34:23
598	16	4	11:34:23
563	16	4	11:34:23
576	16	4	11:34:23
536	16	4	11:34:23
584	16	4	11:34:23
603	16	4	11:34:23
638	16	4	11:34:23
760	16	4	11:34:23
700	16	4	11:34:23
663	16	4	11:34:23
692	16	4	11:34:23
584	16	4	11:34:23
603	16	4	11:34:23
611	16	4	11:34:23
555	16	4	11:34:23
574	16	4	11:34:23
541	16	4	11:34:23
555	16	4	11:34:23
539	16	4	11:34:23
525	16	4	11:34:23
555	16	4	11:34:23
566	16	4	11:34:23
738	16	4	11:34:23
754	16	4	11:34:23
733	16	4	11:34:23
692	16	4	11:34:23
660	16	4	11:34:23
636	16	4	11:34:23
620	16	4	11:34:23
584	16	4	11:34:23
541	16	4	11:34:23
598	16	4	11:34:23
558	16	4	11:34:23
539	16	4	11:34:23
525	16	4	11:34:23
547	16	4	11:34:23
533	16	4	11:34:23
533	16	4	11:34:23
590	16	4	11:34:23
628	16	4	11:34:23
754	16	4	11:34:23
803	16	4	11:34:23
770	16	4	11:34:23
754	16	4	11:34:23
695	16	4	11:34:23
673	16	4	11:34:23
620	16	4	11:34:23
630	16	4	11:34:23
655	16	4	11:34:23
598	16	4	11:34:23
595	16	4	11:34:23
555	16	4	11:34:23
566	16	4	11:34:23
541	16	4	11:34:23
552	16	4	11:34:23
625	16	4	11:34:23
655	16	4	11:34:23
811	16	4	11:34:23
784	16	4	11:34:23
708	16	4	11:34:23
743	16	4	11:34:23
706	16	4	11:34:23
714	16	4	11:34:23
595	16	4	11:34:23
568	16	4	11:34:23
593	16	4	11:34:23
523	16	4	11:34:23
558	16	4	11:34:23
512	16	4	11:34:23
544	16	4	11:34:23
525	16	4	11:34:23
576	16	4	11:34:23
617	16	4	11:34:23
814	16	4	11:34:23
832	16	4	11:34:23
840	16	4	11:34:23
789	16	4	11:34:23
776	16	4	11:34:23
743	16	4	11:34:23
733	16	4	11:34:23
738	16	4	11:34:23
660	16	4	11:34:23
595	16	4	11:34:23
574	16	4	11:34:23
536	16	4	11:34:23
555	16	4	11:34:23
552	16	4	11:34:23
652	16	4	11:34:23
800	16	4	11:34:23
876	16	4	11:34:23
854	16	4	11:34:23
849	16	4	11:34:23
787	16	4	11:34:23
803	16	4	11:34:23
746	16	4	11:34:23
649	16	4	11:34:23
601	16	4	11:34:23
563	16	4	11:34:23
555	16	4	11:34:23
566	16	4	11:34:23
525	16	4	11:34:23
584	16	4	11:34:23
609	16	4	11:34:23
752	16	4	11:34:23
846	16	4	11:34:23
854	16	4	11:34:23
822	16	4	11:34:23
754	16	4	11:34:23
719	16	4	11:34:23
741	16	4	11:34:23
708	16	4	11:34:23
603	16	4	11:34:23
598	16	4	11:34:23
552	16	4	11:34:23
555	16	4	11:34:23
544	16	4	11:34:23
582	16	4	11:34:23
598	16	4	11:34:23
706	16	4	11:34:23
911	16	4	11:34:23
889	16	4	11:34:23
878	16	4	11:34:23
805	16	4	11:34:23
727	16	4	11:34:23
663	16	4	11:34:23
681	16	4	11:34:23
614	16	4	11:34:23
576	16	4	11:34:23
601	16	4	11:34:23
541	16	4	11:34:23
568	16	4	11:34:23
539	16	4	11:34:23
579	16	4	11:34:23
706	16	4	11:34:23
881	16	4	11:34:23
892	16	4	11:34:23
870	16	4	11:34:23
819	16	4	11:34:23
781	16	4	11:34:23
687	16	4	11:34:23
671	16	4	11:34:23
652	16	4	11:34:23
576	16	4	11:34:23
560	16	4	11:34:23
571	16	4	11:34:23
533	16	4	11:34:23
574	16	4	11:34:23
584	16	4	11:34:23
706	16	4	11:34:23
937	16	4	11:34:23
929	16	4	11:34:23
921	16	4	11:34:23
867	16	4	11:34:23
822	16	4	11:34:23
743	16	4	11:34:23
730	16	4	11:34:23
652	16	4	11:34:23
593	16	4	11:34:23
598	16	4	11:34:23
549	16	4	11:34:23
558	16	4	11:34:23
560	16	4	11:34:23
579	16	4	11:34:23
676	16	4	11:34:23
892	16	4	11:34:23
835	16	4	11:34:23
814	16	4	11:34:23
779	16	4	11:34:23
779	16	4	11:34:23
695	16	4	11:34:23
649	16	4	11:34:23
636	16	4	11:34:23
563	16	4	11:34:23
566	16	4	11:34:23
539	16	4	11:34:23
514	16	4	11:34:23
552	16	4	11:34:23
539	16	4	11:34:23
614	16	4	11:34:23
660	16	4	11:34:23
857	16	4	11:34:23
840	16	4	11:34:23
873	16	4	11:34:23
805	16	4	11:34:23
754	16	4	11:34:23
695	16	4	11:34:23
657	16	4	11:34:23
628	16	4	11:34:23
571	16	4	11:34:23
582	16	4	11:34:23
536	16	4	11:34:23
552	16	4	11:34:23
533	16	4	11:34:23
563	16	4	11:34:23
563	16	4	11:34:23
584	16	4	11:34:23
754	16	4	11:34:23
840	16	4	11:34:23
827	16	4	11:34:23
832	16	4	11:34:23
773	16	4	11:34:23
754	16	4	11:34:23
695	16	4	11:34:23
655	16	4	11:34:23
614	16	4	11:34:23
566	16	4	11:34:23
563	16	4	11:34:23
541	16	4	11:34:23
523	16	4	11:34:23
568	16	4	11:34:23
560	16	4	11:34:23
630	16	4	11:34:23
822	16	4	11:34:23
808	16	4	11:34:23
792	16	4	11:34:23
800	16	4	11:34:23
773	16	4	11:34:23
717	16	4	11:34:23
717	16	4	11:34:23
695	16	4	11:34:23
590	16	4	11:34:23
568	16	4	11:34:23
584	16	4	11:34:23
549	16	4	11:34:23
566	16	4	11:34:23
547	16	4	11:34:23
587	16	4	11:34:23
652	16	4	11:34:23
779	16	4	11:34:23
840	16	4	11:34:23
824	16	4	11:34:23
797	16	4	11:34:23
722	16	4	11:34:23
698	16	4	11:34:23
679	16	4	11:34:23
601	16	4	11:34:23
555	16	4	11:34:23
563	16	4	11:34:23
536	16	4	11:34:23
552	16	4	11:34:23
558	16	4	11:34:23
563	16	4	11:34:23
584	16	4	11:34:23
698	16	4	11:34:23
805	16	4	11:34:23
827	16	4	11:34:23
797	16	4	11:34:23
733	16	4	11:34:23
703	16	4	11:34:23
719	16	4	11:34:23
633	16	4	11:34:23
576	16	4	11:34:23
579	16	4	11:34:23
536	16	4	11:34:23
555	16	4	11:34:23
514	16	4	11:34:23
549	16	4	11:34:23
533	16	4	11:34:23
576	16	4	11:34:23
622	16	4	11:34:23
849	16	4	11:34:23
803	16	4	11:34:23
838	16	4	11:34:23
811	16	4	11:34:23
743	16	4	11:34:23
703	16	4	11:34:23
676	16	4	11:34:23
609	16	4	11:34:23
563	16	4	11:34:23
568	16	4	11:34:23
525	16	4	11:34:23
544	16	4	11:34:23
531	16	4	11:34:23
566	16	4	11:34:23
598	16	4	11:34:23
679	16	4	11:34:23
843	16	4	11:34:23
851	16	4	11:34:23
814	16	4	11:34:23
760	16	4	11:34:23
714	16	4	11:34:23
695	16	4	11:34:23
652	16	4	11:34:23
571	16	4	11:34:23
579	16	4	11:34:23
533	16	4	11:34:23
552	16	4	11:34:23
531	16	4	11:34:23
552	16	4	11:34:23
558	16	4	11:34:23
622	16	4	11:34:23
816	16	4	11:34:23
865	16	4	11:34:23
851	16	4	11:34:23
827	16	4	11:34:23
779	16	4	11:34:23
762	16	4	11:34:23
743	16	4	11:34:23
735	16	4	11:34:23
628	16	4	11:34:23
606	16	4	11:34:23
558	16	4	11:34:23
566	16	4	11:34:23
547	16	4	11:34:23
568	16	4	11:34:23
579	16	4	11:34:23
593	16	4	11:34:23
719	16	4	11:34:23
900	16	4	11:34:23
913	16	4	11:34:23
819	16	4	11:34:23
789	16	4	11:34:23
768	16	4	11:34:23
795	16	4	11:34:23
698	16	4	11:34:23
601	16	4	11:34:23
606	16	4	11:34:23
549	16	4	11:34:23
563	16	4	11:34:23
558	16	4	11:34:23
571	16	4	11:34:23
646	16	4	11:34:23
905	16	4	11:34:23
881	16	4	11:34:23
865	16	4	11:34:23
824	16	4	11:34:23
808	16	4	11:34:23
765	16	4	11:34:23
700	16	4	11:34:23
636	16	4	11:34:23
622	16	4	11:34:23
568	16	4	11:34:23
579	16	4	11:34:23
552	16	4	11:34:23
566	16	4	11:34:23
595	16	4	11:34:23
620	16	4	11:34:23
735	16	4	11:34:23
908	16	4	11:34:23
902	16	4	11:34:23
865	16	4	11:34:23
808	16	4	11:34:23
738	16	4	11:34:23
730	16	4	11:34:23
673	16	4	11:34:23
598	16	4	11:34:23
601	16	4	11:34:23
560	16	4	11:34:23
566	16	4	11:34:23
541	16	4	11:34:23
541	16	4	11:34:23
582	16	4	11:34:23
582	16	4	11:34:23
695	16	4	11:34:23
811	16	4	11:34:23
851	16	4	11:34:23
824	16	4	11:34:23
789	16	4	11:34:23
746	16	4	11:34:23
722	16	4	11:34:23
649	16	4	11:34:23
606	16	4	11:34:23
566	16	4	11:34:23
544	16	4	11:34:23
563	16	4	11:34:23
531	16	4	11:34:23
576	16	4	11:34:23
579	16	4	11:34:23
641	16	4	11:34:23
846	16	4	11:34:23
838	16	4	11:34:23
822	16	4	11:34:23
824	16	4	11:34:23
760	16	4	11:34:23
773	16	4	11:34:23
738	16	4	11:34:23
706	16	4	11:34:23
628	16	4	11:34:23
576	16	4	11:34:23
552	16	4	11:34:23
576	16	4	11:34:23
552	16	4	11:34:23
595	16	4	11:34:23
649	16	4	11:34:23
892	16	4	11:34:23
911	16	4	11:34:23
900	16	4	11:34:23
838	16	4	11:34:23
808	16	4	11:34:23
746	16	4	11:34:23
738	16	4	11:34:23
695	16	4	11:34:23
630	16	4	11:34:23
576	16	4	11:34:23
590	16	4	11:34:23
555	16	4	11:34:23
558	16	4	11:34:23
560	16	4	11:34:23
789	16	4	11:34:23
905	16	4	11:34:23
937	16	4	11:34:23
919	16	4	11:34:23
897	16	4	11:34:23
824	16	4	11:34:23
797	16	4	11:34:23
781	16	4	11:34:23
690	16	4	11:34:23
620	16	4	11:34:23
566	16	4	11:34:23
574	16	4	11:34:23
541	16	4	11:34:23
571	16	4	11:34:23
576	16	4	11:34:23
598	16	4	11:34:23
754	16	4	11:34:23
838	16	4	11:34:23
824	16	4	11:34:23
824	16	4	11:34:23
760	16	4	11:34:23
743	16	4	11:34:23
681	16	4	11:34:23
644	16	4	11:34:23
620	16	4	11:34:23
587	16	4	11:34:23
552	16	4	11:34:23
576	16	4	11:34:23
533	16	4	11:34:23
568	16	4	11:34:23
566	16	4	11:34:23
611	16	4	11:34:23
884	16	4	11:34:23
859	16	4	11:34:23
830	16	4	11:34:23
819	16	4	11:34:23
754	16	4	11:34:23
749	16	4	11:34:23
687	16	4	11:34:23
620	16	4	11:34:23
609	16	4	11:34:23
560	16	4	11:34:23
568	16	4	11:34:23
558	16	4	11:34:23
560	16	4	11:34:23
584	16	4	11:34:23
673	16	4	11:34:23
846	16	4	11:34:23
902	16	4	11:34:23
849	16	4	11:34:23
846	16	4	11:34:23
811	16	4	11:34:23
754	16	4	11:34:23
730	16	4	11:34:23
655	16	4	11:34:23
574	16	4	11:34:23
590	16	4	11:34:23
541	16	4	11:34:23
563	16	4	11:34:23
560	16	4	11:34:23
579	16	4	11:34:23
735	16	4	11:34:23
892	16	4	11:34:23
849	16	4	11:34:23
854	16	4	11:34:23
781	16	4	11:34:23
762	16	4	11:34:23
695	16	4	11:34:23
660	16	4	11:34:23
636	16	4	11:34:23
598	16	4	11:34:23
563	16	4	11:34:23
574	16	4	11:34:23
531	16	4	11:34:23
555	16	4	11:34:23
549	16	4	11:34:23
590	16	4	11:34:23
673	16	4	11:34:23
824	16	4	11:34:23
867	16	4	11:34:23
854	16	4	11:34:23
849	16	4	11:34:23
849	16	4	11:34:23
1048	16	4	11:51:01
1061	16	4	11:51:01
1008	16	4	11:51:01
954	16	4	11:51:01
897	16	4	11:51:01
924	16	4	11:51:01
876	16	4	11:51:01
703	16	4	11:51:01
609	16	4	11:51:01
622	16	4	11:51:01
579	16	4	11:51:01
620	16	4	11:51:01
700	16	4	11:51:01
854	16	4	11:51:01
1005	16	4	11:51:01
983	16	4	11:51:01
943	16	4	11:51:01
897	16	4	11:51:01
840	16	4	11:51:01
800	16	4	11:51:01
749	16	4	11:51:01
652	16	4	11:51:01
625	16	4	11:51:01
579	16	4	11:51:01
555	16	4	11:51:01
584	16	4	11:51:01
568	16	4	11:51:01
584	16	4	11:51:01
681	16	4	11:51:01
878	16	4	11:51:01
913	16	4	11:51:01
881	16	4	11:51:01
849	16	4	11:51:01
805	16	4	11:51:01
743	16	4	11:51:01
706	16	4	11:51:01
633	16	4	11:51:01
579	16	4	11:51:01
555	16	4	11:51:01
574	16	4	11:51:01
547	16	4	11:51:01
579	16	4	11:51:01
584	16	4	11:51:01
676	16	4	11:51:01
948	16	4	11:51:01
951	16	4	11:51:01
865	16	4	11:51:01
800	16	4	11:51:01
776	16	4	11:51:01
730	16	4	11:51:01
679	16	4	11:51:01
595	16	4	11:51:01
576	16	4	11:51:01
587	16	4	11:51:01
541	16	4	11:51:01
568	16	4	11:51:01
560	16	4	11:51:01
622	16	4	11:51:01
706	16	4	11:51:01
843	16	4	11:51:01
873	16	4	11:51:01
905	16	4	11:51:01
859	16	4	11:51:01
789	16	4	11:51:01
757	16	4	11:51:01
717	16	4	11:51:01
636	16	4	11:51:01
617	16	4	11:51:01
566	16	4	11:51:01
582	16	4	11:51:01
574	16	4	11:51:01
606	16	4	11:51:01
636	16	4	11:51:01
854	16	4	11:51:01
940	16	4	11:51:01
954	16	4	11:51:01
865	16	4	11:51:01
808	16	4	11:51:01
792	16	4	11:51:01
770	16	4	11:51:01
652	16	4	11:51:01
617	16	4	11:51:01
576	16	4	11:51:01
555	16	4	11:51:01
576	16	4	11:51:01
568	16	4	11:51:01
644	16	4	11:51:01
706	16	4	11:51:01
975	16	4	11:51:01
994	16	4	11:51:01
911	16	4	11:51:01
840	16	4	11:51:01
781	16	4	11:51:01
773	16	4	11:51:01
655	16	4	11:51:01
595	16	4	11:51:01
603	16	4	11:51:01
558	16	4	11:51:01
579	16	4	11:51:01
563	16	4	11:51:01
601	16	4	11:51:01
644	16	4	11:51:01
819	16	4	11:51:01
986	16	4	11:51:01
946	16	4	11:51:01
870	16	4	11:51:01
819	16	4	11:51:01
773	16	4	11:51:01
725	16	4	11:51:01
609	16	4	11:51:01
603	16	4	11:51:01
558	16	4	11:51:01
566	16	4	11:51:01
552	16	4	11:51:01
566	16	4	11:51:01
622	16	4	11:51:01
655	16	4	11:51:01
940	16	4	11:51:01
916	16	4	11:51:01
916	16	4	11:51:01
913	16	4	11:51:01
894	16	4	11:51:01
797	16	4	11:51:01
703	16	4	11:51:01
625	16	4	11:51:01
609	16	4	11:51:01
560	16	4	11:51:01
568	16	4	11:51:01
536	16	4	11:51:01
552	16	4	11:51:01
552	16	4	11:51:01
593	16	4	11:51:01
733	16	4	11:51:01
873	16	4	11:51:01
905	16	4	11:51:01
873	16	4	11:51:01
840	16	4	11:51:01
797	16	4	11:51:01
803	16	4	11:51:01
673	16	4	11:51:01
598	16	4	11:51:01
603	16	4	11:51:01
571	16	4	11:51:01
574	16	4	11:51:01
558	16	4	11:51:01
584	16	4	11:51:01
717	16	4	11:51:01
973	16	4	11:51:01
964	16	4	11:51:01
927	16	4	11:51:01
843	16	4	11:51:01
797	16	4	11:51:01
770	16	4	11:51:01
770	16	4	11:51:01
657	16	4	11:51:01
590	16	4	11:51:01
595	16	4	11:51:01
566	16	4	11:51:01
576	16	4	11:51:01
593	16	4	11:51:01
617	16	4	11:51:01
779	16	4	11:51:01
999	16	4	11:51:01
1002	16	4	11:51:01
964	16	4	11:51:01
878	16	4	11:51:01
819	16	4	11:51:01
762	16	4	11:51:01
690	16	4	11:51:01
630	16	4	11:51:01
595	16	4	11:51:01
587	16	4	11:51:01
568	16	4	11:51:01
582	16	4	11:51:01
622	16	4	11:51:01
671	16	4	11:51:01
1013	16	4	11:51:01
970	16	4	11:51:01
932	16	4	11:51:01
884	16	4	11:51:01
846	16	4	11:51:01
803	16	4	11:51:01
684	16	4	11:51:01
614	16	4	11:51:01
622	16	4	11:51:01
571	16	4	11:51:01
582	16	4	11:51:01
576	16	4	11:51:01
593	16	4	11:51:01
673	16	4	11:51:01
997	16	4	11:51:01
962	16	4	11:51:01
919	16	4	11:51:01
897	16	4	11:51:01
843	16	4	11:51:01
824	16	4	11:51:01
768	16	4	11:51:01
636	16	4	11:51:01
593	16	4	11:51:01
598	16	4	11:51:01
568	16	4	11:51:01
582	16	4	11:51:01
595	16	4	11:51:01
646	16	4	11:51:01
927	16	4	11:51:01
975	16	4	11:51:01
991	16	4	11:51:01
902	16	4	11:51:01
851	16	4	11:51:01
797	16	4	11:51:01
722	16	4	11:51:01
681	16	4	11:51:01
649	16	4	11:51:01
609	16	4	11:51:01
598	16	4	11:51:01
563	16	4	11:51:01
558	16	4	11:51:01
598	16	4	11:51:01
601	16	4	11:51:01
668	16	4	11:51:01
843	16	4	11:51:01
935	16	4	11:51:01
975	16	4	11:51:01
932	16	4	11:51:01
905	16	4	11:51:01
814	16	4	11:51:01
746	16	4	11:51:01
711	16	4	11:51:01
617	16	4	11:51:01
590	16	4	11:51:01
606	16	4	11:51:01
552	16	4	11:51:01
582	16	4	11:51:01
584	16	4	11:51:01
630	16	4	11:51:01
776	16	4	11:51:01
913	16	4	11:51:01
973	16	4	11:51:01
911	16	4	11:51:01
811	16	4	11:51:01
692	16	4	11:51:01
660	16	4	11:51:01
606	16	4	11:51:01
652	16	4	11:51:01
657	16	4	11:51:01
598	16	4	11:51:01
603	16	4	11:51:01
571	16	4	11:51:01
563	16	4	11:51:01
609	16	4	11:51:01
601	16	4	11:51:01
779	16	4	11:51:01
1018	16	4	11:51:01
986	16	4	11:51:01
975	16	4	11:51:01
932	16	4	11:51:01
870	16	4	11:51:01
838	16	4	11:51:01
733	16	4	11:51:01
625	16	4	11:51:01
630	16	4	11:51:01
593	16	4	11:51:01
590	16	4	11:51:01
576	16	4	11:51:01
606	16	4	11:51:01
735	16	4	11:51:01
997	16	4	11:51:01
959	16	4	11:51:01
940	16	4	11:51:01
892	16	4	11:51:01
824	16	4	11:51:01
789	16	4	11:51:01
792	16	4	11:51:01
657	16	4	11:51:01
593	16	4	11:51:01
606	16	4	11:51:01
576	16	4	11:51:01
584	16	4	11:51:01
603	16	4	11:51:01
687	16	4	11:51:01
886	16	4	11:51:01
854	16	4	11:51:01
892	16	4	11:51:01
865	16	4	11:51:01
808	16	4	11:51:01
746	16	4	11:51:01
765	16	4	11:51:01
730	16	4	11:51:01
630	16	4	11:51:01
587	16	4	11:51:01
595	16	4	11:51:01
560	16	4	11:51:01
595	16	4	11:51:01
620	16	4	11:51:01
679	16	4	11:51:01
948	16	4	11:51:01
951	16	4	11:51:01
929	16	4	11:51:01
865	16	4	11:51:01
824	16	4	11:51:01
779	16	4	11:51:01
690	16	4	11:51:01
630	16	4	11:51:01
584	16	4	11:51:01
579	16	4	11:51:01
560	16	4	11:51:01
558	16	4	11:51:01
609	16	4	11:51:01
628	16	4	11:51:01
905	16	4	11:51:01
886	16	4	11:51:01
911	16	4	11:51:01
889	16	4	11:51:01
805	16	4	11:51:01
776	16	4	11:51:01
760	16	4	11:51:01
655	16	4	11:51:01
611	16	4	11:51:01
587	16	4	11:51:01
606	16	4	11:51:01
582	16	4	11:51:01
601	16	4	11:51:01
622	16	4	11:51:01
857	16	4	11:51:01
935	16	4	11:51:01
908	16	4	11:51:01
878	16	4	11:51:01
846	16	4	11:51:01
814	16	4	11:51:01
768	16	4	11:51:01
673	16	4	11:51:01
630	16	4	11:51:01
609	16	4	11:51:01
571	16	4	11:51:01
584	16	4	11:51:01
579	16	4	11:51:01
633	16	4	11:51:01
681	16	4	11:51:01
970	16	4	11:51:01
935	16	4	11:51:01
948	16	4	11:51:01
870	16	4	11:51:01
827	16	4	11:51:01
811	16	4	11:51:01
787	16	4	11:51:01
646	16	4	11:51:01
606	16	4	11:51:01
606	16	4	11:51:01
558	16	4	11:51:01
584	16	4	11:51:01
587	16	4	11:51:01
625	16	4	11:51:01
665	16	4	11:51:01
878	16	4	11:51:01
943	16	4	11:51:01
913	16	4	11:51:01
876	16	4	11:51:01
819	16	4	11:51:01
792	16	4	11:51:01
673	16	4	11:51:01
603	16	4	11:51:01
611	16	4	11:51:01
566	16	4	11:51:01
584	16	4	11:51:01
587	16	4	11:51:01
601	16	4	11:51:01
657	16	4	11:51:01
867	16	4	11:51:01
797	16	4	11:51:01
838	16	4	11:51:01
779	16	4	11:51:01
768	16	4	11:51:01
717	16	4	11:51:01
703	16	4	11:51:01
630	16	4	11:51:01
582	16	4	11:51:01
552	16	4	11:51:01
560	16	4	11:51:01
539	16	4	11:51:01
560	16	4	11:51:01
558	16	4	11:51:01
625	16	4	11:51:01
741	16	4	11:51:01
816	16	4	11:51:01
862	16	4	11:51:01
843	16	4	11:51:01
854	16	4	11:51:01
811	16	4	11:51:01
768	16	4	11:51:01
673	16	4	11:51:01
598	16	4	11:51:01
552	16	4	11:51:01
544	16	4	11:51:01
539	16	4	11:51:01
517	16	4	11:51:01
563	16	4	11:51:01
547	16	4	11:51:01
609	16	4	11:51:01
673	16	4	11:51:01
779	16	4	11:51:01
811	16	4	11:51:01
797	16	4	11:51:01
787	16	4	11:51:01
765	16	4	11:51:01
703	16	4	11:51:01
687	16	4	11:51:01
601	16	4	11:51:01
576	16	4	11:51:01
536	16	4	11:51:01
520	16	4	11:51:01
539	16	4	11:51:01
517	16	4	11:51:01
574	16	4	11:51:01
560	16	4	11:51:01
614	16	4	11:51:01
819	16	4	11:51:01
870	16	4	11:51:01
811	16	4	11:51:01
711	16	4	11:51:01
633	16	4	11:51:01
576	16	4	11:51:01
593	16	4	11:51:01
555	16	4	11:51:01
533	16	4	11:51:01
555	16	4	11:51:01
514	16	4	11:51:01
539	16	4	11:51:01
512	16	4	11:51:01
558	16	4	11:51:01
560	16	4	11:51:01
606	16	4	11:51:01
665	16	4	11:51:01
827	16	4	11:51:01
814	16	4	11:51:01
827	16	4	11:51:01
776	16	4	11:51:01
727	16	4	11:51:01
695	16	4	11:51:01
676	16	4	11:51:01
584	16	4	11:51:01
555	16	4	11:51:01
563	16	4	11:51:01
523	16	4	11:51:01
544	16	4	11:51:01
531	16	4	11:51:01
579	16	4	11:51:01
606	16	4	11:51:01
692	16	4	11:51:01
916	16	4	11:51:01
851	16	4	11:51:01
835	16	4	11:51:01
776	16	4	11:51:01
735	16	4	11:51:01
730	16	4	11:51:01
649	16	4	11:51:01
584	16	4	11:51:01
584	16	4	11:51:01
541	16	4	11:51:01
549	16	4	11:51:01
536	16	4	11:51:01
539	16	4	11:51:01
552	16	4	11:51:01
593	16	4	11:51:01
743	16	4	11:51:01
770	16	4	11:51:01
803	16	4	11:51:01
819	16	4	11:51:01
773	16	4	11:51:01
754	16	4	11:51:01
727	16	4	11:51:01
695	16	4	11:51:01
620	16	4	11:51:01
571	16	4	11:51:01
563	16	4	11:51:01
563	16	4	11:51:01
539	16	4	11:51:01
587	16	4	11:51:01
566	16	4	11:51:01
665	16	4	11:51:01
800	16	4	11:51:01
929	16	4	11:51:01
889	16	4	11:51:01
830	16	4	11:51:01
787	16	4	11:51:01
816	16	4	11:51:01
754	16	4	11:51:01
630	16	4	11:51:01
598	16	4	11:51:01
576	16	4	11:51:01
555	16	4	11:51:01
590	16	4	11:51:01
598	16	4	11:51:01
638	16	4	11:51:01
940	16	4	11:51:01
902	16	4	11:51:01
902	16	4	11:51:01
867	16	4	11:51:01
787	16	4	11:51:01
803	16	4	11:51:01
808	16	4	11:51:01
695	16	4	11:51:01
611	16	4	11:51:01
603	16	4	11:51:01
571	16	4	11:51:01
558	16	4	11:51:01
617	16	4	11:51:01
628	16	4	11:51:01
754	16	4	11:51:01
986	16	4	11:51:01
973	16	4	11:51:01
948	16	4	11:51:01
851	16	4	11:51:01
795	16	4	11:51:01
746	16	4	11:51:01
655	16	4	11:51:01
628	16	4	11:51:01
576	16	4	11:51:01
584	16	4	11:51:01
566	16	4	11:51:01
587	16	4	11:51:01
652	16	4	11:51:01
970	16	4	11:51:01
951	16	4	11:51:01
905	16	4	11:51:01
884	16	4	11:51:01
843	16	4	11:51:01
792	16	4	11:51:01
808	16	4	11:51:01
711	16	4	11:51:01
598	16	4	11:51:01
617	16	4	11:51:01
571	16	4	11:51:01
584	16	4	11:51:01
571	16	4	11:51:01
584	16	4	11:51:01
711	16	4	11:51:01
964	16	4	11:51:01
954	16	4	11:51:01
865	16	4	11:51:01
816	16	4	11:51:01
787	16	4	11:51:01
781	16	4	11:51:01
725	16	4	11:51:01
614	16	4	11:51:01
606	16	4	11:51:01
593	16	4	11:51:01
563	16	4	11:51:01
598	16	4	11:51:01
587	16	4	11:51:01
698	16	4	11:51:01
830	16	4	11:51:01
892	16	4	11:51:01
881	16	4	11:51:01
897	16	4	11:51:01
827	16	4	11:51:01
779	16	4	11:51:01
779	16	4	11:51:01
711	16	4	11:51:01
625	16	4	11:51:01
611	16	4	11:51:01
574	16	4	11:51:01
563	16	4	11:51:01
584	16	4	11:51:01
579	16	4	11:51:01
641	16	4	11:51:01
754	16	4	11:51:01
919	16	4	11:51:01
908	16	4	11:51:01
851	16	4	11:51:01
824	16	4	11:51:01
816	16	4	11:51:01
803	16	4	11:51:01
711	16	4	11:51:01
611	16	4	11:51:01
606	16	4	11:51:01
574	16	4	11:51:01
584	16	4	11:51:01
587	16	4	11:51:01
606	16	4	11:51:01
655	16	4	11:51:01
779	16	4	11:51:01
894	16	4	11:51:01
867	16	4	11:51:01
916	16	4	11:51:01
849	16	4	11:51:01
797	16	4	11:51:01
746	16	4	11:51:01
684	16	4	11:51:01
641	16	4	11:51:01
574	16	4	11:51:01
579	16	4	11:51:01
579	16	4	11:51:01
587	16	4	11:51:01
676	16	4	11:51:01
908	16	4	11:51:01
894	16	4	11:51:01
932	16	4	11:51:01
881	16	4	11:51:01
822	16	4	11:51:01
797	16	4	11:51:01
803	16	4	11:51:01
687	16	4	11:51:01
598	16	4	11:51:01
606	16	4	11:51:01
574	16	4	11:51:01
571	16	4	11:51:01
576	16	4	11:51:01
579	16	4	11:51:01
668	16	4	11:51:01
884	16	4	11:51:01
849	16	4	11:51:01
862	16	4	11:51:01
819	16	4	11:51:01
795	16	4	11:51:01
746	16	4	11:51:01
703	16	4	11:51:01
633	16	4	11:51:01
622	16	4	11:51:01
574	16	4	11:51:01
576	16	4	11:51:01
552	16	4	11:51:01
560	16	4	11:51:01
584	16	4	11:51:01
587	16	4	11:51:01
681	16	4	11:51:01
730	16	4	11:51:01
822	16	4	11:51:01
838	16	4	11:51:01
800	16	4	11:51:01
787	16	4	11:51:01
781	16	4	11:51:01
722	16	4	11:51:01
646	16	4	11:51:01
614	16	4	11:51:01
576	16	4	11:51:01
587	16	4	11:51:01
560	16	4	11:51:01
579	16	4	11:51:01
590	16	4	11:51:01
673	16	4	11:51:01
814	16	4	11:51:01
921	16	4	11:51:01
873	16	4	11:51:01
851	16	4	11:51:01
762	16	4	11:51:01
735	16	4	11:51:01
714	16	4	11:51:01
617	16	4	11:51:01
579	16	4	11:51:01
593	16	4	11:51:01
560	16	4	11:51:01
574	16	4	11:51:01
566	16	4	11:51:01
609	16	4	11:51:01
681	16	4	11:51:01
884	16	4	11:51:01
932	16	4	11:51:01
881	16	4	11:51:01
878	16	4	11:51:01
870	16	4	11:51:01
843	16	4	11:51:01
765	16	4	11:51:01
609	16	4	11:51:01
609	16	4	11:51:01
574	16	4	11:51:01
549	16	4	11:51:01
574	16	4	11:51:01
555	16	4	11:51:01
611	16	4	11:51:01
752	16	4	11:51:01
908	16	4	11:51:01
937	16	4	11:51:01
867	16	4	11:51:01
819	16	4	11:51:01
760	16	4	11:51:01
714	16	4	11:51:01
630	16	4	11:51:01
617	16	4	11:51:01
601	16	4	11:51:01
560	16	4	11:51:01
587	16	4	11:51:01
574	16	4	11:51:01
628	16	4	11:51:01
660	16	4	11:51:01
700	16	4	11:51:01
876	16	4	11:51:01
921	16	4	11:51:01
822	16	4	11:51:01
779	16	4	11:51:01
727	16	4	11:51:01
690	16	4	11:51:01
668	16	4	11:51:01
601	16	4	11:51:01
611	16	4	11:51:01
576	16	4	11:51:01
571	16	4	11:51:01
606	16	4	11:51:01
611	16	4	11:51:01
644	16	4	11:51:01
822	16	4	11:51:01
897	16	4	11:51:01
892	16	4	11:51:01
819	16	4	11:51:01
762	16	4	11:51:01
770	16	4	11:51:01
754	16	4	11:51:01
671	16	4	11:51:01
611	16	4	11:51:01
593	16	4	11:51:01
576	16	4	11:51:01
590	16	4	11:51:01
571	16	4	11:51:01
630	16	4	11:51:01
725	16	4	11:51:01
808	16	4	11:51:01
897	16	4	11:51:01
840	16	4	11:51:01
832	16	4	11:51:01
803	16	4	11:51:01
776	16	4	11:51:01
722	16	4	11:51:01
620	16	4	11:51:01
614	16	4	11:51:01
579	16	4	11:51:01
584	16	4	11:51:01
576	16	4	11:51:01
595	16	4	11:51:01
617	16	4	11:51:01
743	16	4	11:51:01
859	16	4	11:51:01
948	16	4	11:51:01
905	16	4	11:51:01
854	16	4	11:51:01
808	16	4	11:51:01
779	16	4	11:51:01
668	16	4	11:51:01
625	16	4	11:51:01
582	16	4	11:51:01
579	16	4	11:51:01
579	16	4	11:51:01
571	16	4	11:51:01
611	16	4	11:51:01
611	16	4	11:51:01
773	16	4	11:51:01
878	16	4	11:51:01
884	16	4	11:51:01
859	16	4	11:51:01
827	16	4	11:51:01
760	16	4	11:51:01
733	16	4	11:51:01
663	16	4	11:51:01
601	16	4	11:51:01
595	16	4	11:51:01
560	16	4	11:51:01
549	16	4	11:51:01
603	16	4	11:51:01
617	16	4	11:51:01
703	16	4	11:51:01
902	16	4	11:51:01
862	16	4	11:51:01
894	16	4	11:51:01
851	16	4	11:51:01
770	16	4	11:51:01
743	16	4	11:51:01
733	16	4	11:51:01
630	16	4	11:51:01
587	16	4	11:51:01
601	16	4	11:51:01
563	16	4	11:51:01
590	16	4	11:51:01
582	16	4	11:51:01
609	16	4	11:51:01
614	16	4	11:51:01
913	16	4	11:51:01
889	16	4	11:51:01
894	16	4	11:51:01
849	16	4	11:51:01
784	16	4	11:51:01
684	16	4	11:51:01
687	16	4	11:51:01
687	16	4	11:51:01
598	16	4	11:51:01
582	16	4	11:51:01
590	16	4	11:51:01
563	16	4	11:51:01
579	16	4	11:51:01
584	16	4	11:51:01
614	16	4	11:51:01
816	16	4	11:51:01
854	16	4	11:51:01
854	16	4	11:51:01
854	16	4	11:51:01
792	16	4	11:51:01
760	16	4	11:51:01
768	16	4	11:51:01
649	16	4	11:51:01
593	16	4	11:51:01
606	16	4	11:51:01
566	16	4	11:51:01
582	16	4	11:51:01
576	16	4	11:51:01
628	16	4	11:51:01
638	16	4	11:51:01
695	16	4	11:51:01
808	16	4	11:51:01
867	16	4	11:51:01
803	16	4	11:51:01
762	16	4	11:51:01
757	16	4	11:51:01
714	16	4	11:51:01
700	16	4	11:51:01
609	16	4	11:51:01
606	16	4	11:51:01
579	16	4	11:51:01
552	16	4	11:51:01
587	16	4	11:51:01
587	16	4	11:51:01
614	16	4	11:51:01
657	16	4	11:51:01
768	16	4	11:51:01
878	16	4	11:51:01
859	16	4	11:51:01
843	16	4	11:51:01
824	16	4	11:51:01
814	16	4	11:51:01
698	16	4	11:51:01
628	16	4	11:51:01
584	16	4	11:51:01
560	16	4	11:51:01
579	16	4	11:51:01
584	16	4	11:51:01
628	16	4	11:51:01
698	16	4	11:51:01
932	16	4	11:51:01
948	16	4	11:51:01
948	16	4	11:51:01
814	16	4	11:51:01
789	16	4	11:51:01
779	16	4	11:51:01
692	16	4	11:51:01
609	16	4	11:51:01
620	16	4	11:51:01
568	16	4	11:51:01
579	16	4	11:51:01
555	16	4	11:51:01
558	16	4	11:51:01
611	16	4	11:51:01
633	16	4	11:51:01
779	16	4	11:51:01
911	16	4	11:51:01
870	16	4	11:51:01
838	16	4	11:51:01
789	16	4	11:51:01
754	16	4	11:51:01
725	16	4	11:51:01
663	16	4	11:51:01
590	16	4	11:51:01
595	16	4	11:51:01
544	16	4	11:51:01
571	16	4	11:51:01
593	16	4	11:51:01
601	16	4	11:51:01
757	16	4	11:51:01
832	16	4	11:51:01
924	16	4	11:51:01
900	16	4	11:51:01
867	16	4	11:51:01
814	16	4	11:51:01
768	16	4	11:51:01
735	16	4	11:51:01
620	16	4	11:51:01
587	16	4	11:51:01
593	16	4	11:51:01
560	16	4	11:51:01
598	16	4	11:51:01
598	16	4	11:51:01
636	16	4	11:51:01
749	16	4	11:51:01
827	16	4	11:51:01
876	16	4	11:51:01
832	16	4	11:51:01
741	16	4	11:51:01
738	16	4	11:51:01
641	16	4	11:51:01
609	16	4	11:51:01
603	16	4	11:51:01
574	16	4	11:51:01
568	16	4	11:51:01
533	16	4	11:51:01
563	16	4	11:51:01
574	16	4	11:51:01
630	16	4	11:51:01
738	16	4	11:51:01
814	16	4	11:51:01
846	16	4	11:51:01
832	16	4	11:51:01
779	16	4	11:51:01
746	16	4	11:51:01
671	16	4	11:51:01
641	16	4	11:51:01
633	16	4	11:51:01
587	16	4	11:51:01
568	16	4	11:51:01
576	16	4	11:51:01
528	16	4	11:51:01
574	16	4	11:51:01
560	16	4	11:51:01
609	16	4	11:51:01
646	16	4	11:51:01
776	16	4	11:51:01
846	16	4	11:51:01
865	16	4	11:51:01
795	16	4	11:51:01
754	16	4	11:51:01
714	16	4	11:51:01
708	16	4	11:51:01
663	16	4	11:51:01
582	16	4	11:51:01
584	16	4	11:51:01
539	16	4	11:51:01
547	16	4	11:51:01
552	16	4	11:51:01
558	16	4	11:51:01
611	16	4	11:51:01
684	16	4	11:51:01
730	16	4	11:51:01
795	16	4	11:51:01
800	16	4	11:51:01
803	16	4	11:51:01
743	16	4	11:51:01
746	16	4	11:51:01
727	16	4	11:51:01
641	16	4	11:51:01
611	16	4	11:51:01
587	16	4	11:51:01
547	16	4	11:51:01
566	16	4	11:51:01
549	16	4	11:51:01
584	16	4	11:51:01
625	16	4	11:51:01
727	16	4	11:51:01
830	16	4	11:51:01
881	16	4	11:51:01
840	16	4	11:51:01
800	16	4	11:51:01
733	16	4	11:51:01
725	16	4	11:51:01
679	16	4	11:51:01
593	16	4	11:51:01
582	16	4	11:51:01
547	16	4	11:51:01
552	16	4	11:51:01
549	16	4	11:51:01
555	16	4	11:51:01
663	16	4	11:51:01
733	16	4	11:51:01
824	16	4	11:51:01
865	16	4	11:51:01
854	16	4	11:51:01
824	16	4	11:51:01
779	16	4	11:51:01
743	16	4	11:51:01
708	16	4	11:51:01
655	16	4	11:51:01
574	16	4	11:51:01
571	16	4	11:51:01
547	16	4	11:51:01
528	16	4	11:51:01
579	16	4	11:51:01
566	16	4	11:51:01
617	16	4	11:51:01
738	16	4	11:51:01
921	16	4	11:51:01
916	16	4	11:51:01
913	16	4	11:51:01
851	16	4	11:51:01
795	16	4	11:51:01
746	16	4	11:51:01
628	16	4	11:51:01
603	16	4	11:51:01
574	16	4	11:51:01
558	16	4	11:51:01
595	16	4	11:51:01
571	16	4	11:51:01
630	16	4	11:51:01
797	16	4	11:51:01
946	16	4	11:51:01
886	16	4	11:51:01
894	16	4	11:51:01
827	16	4	11:51:01
789	16	4	11:51:01
797	16	4	11:51:01
668	16	4	11:51:01
593	16	4	11:51:01
595	16	4	11:51:01
571	16	4	11:51:01
576	16	4	11:51:01
563	16	4	11:51:01
595	16	4	11:51:01
703	16	4	11:51:01
859	16	4	11:51:01
937	16	4	11:51:01
894	16	4	11:51:01
865	16	4	11:51:01
814	16	4	11:51:01
787	16	4	11:51:01
733	16	4	11:51:01
625	16	4	11:51:01
617	16	4	11:51:01
579	16	4	11:51:01
549	16	4	11:51:01
576	16	4	11:51:01
563	16	4	11:51:01
625	16	4	11:51:01
738	16	4	11:51:01
908	16	4	11:51:01
951	16	4	11:51:01
927	16	4	11:51:01
878	16	4	11:51:01
830	16	4	11:51:01
789	16	4	11:51:01
754	16	4	11:51:01
684	16	4	11:51:01
636	16	4	11:51:01
606	16	4	11:51:01
566	16	4	11:51:01
574	16	4	11:51:01
563	16	4	11:51:01
603	16	4	11:51:01
671	16	4	11:51:01
1013	16	4	11:51:01
943	16	4	11:51:01
943	16	4	11:51:01
916	16	4	11:51:01
929	16	4	11:51:01
937	16	4	11:51:01
921	16	4	11:51:01
908	16	4	11:51:01
835	16	4	11:51:01
714	16	4	11:51:01
679	16	4	11:51:01
652	16	4	11:51:01
676	16	4	11:51:01
687	16	4	11:51:01
665	16	4	11:51:01
692	16	4	11:51:01
668	16	4	11:51:01
625	16	4	11:51:01
617	16	4	11:51:01
566	16	4	11:51:01
576	16	4	11:51:01
555	16	4	11:51:01
574	16	4	11:51:01
593	16	4	11:51:01
630	16	4	11:51:01
803	16	4	11:51:01
832	16	4	11:51:01
897	16	4	11:51:01
830	16	4	11:51:01
867	16	4	11:51:01
921	16	4	11:51:01
881	16	4	11:51:01
857	16	4	11:51:01
822	16	4	11:51:01
743	16	4	11:51:01
1107	16	4	12:11:46
1051	16	4	12:11:46
994	16	4	12:11:46
978	16	4	12:11:46
902	16	4	12:11:46
867	16	4	12:11:46
757	16	4	12:11:46
649	16	4	12:11:46
601	16	4	12:11:46
606	16	4	12:11:46
590	16	4	12:11:46
630	16	4	12:11:46
668	16	4	12:11:46
808	16	4	12:11:46
989	16	4	12:11:46
959	16	4	12:11:46
924	16	4	12:11:46
870	16	4	12:11:46
819	16	4	12:11:46
722	16	4	12:11:46
646	16	4	12:11:46
628	16	4	12:11:46
606	16	4	12:11:46
568	16	4	12:11:46
595	16	4	12:11:46
593	16	4	12:11:46
617	16	4	12:11:46
622	16	4	12:11:46
770	16	4	12:11:46
884	16	4	12:11:46
835	16	4	12:11:46
776	16	4	12:11:46
722	16	4	12:11:46
706	16	4	12:11:46
681	16	4	12:11:46
628	16	4	12:11:46
584	16	4	12:11:46
598	16	4	12:11:46
560	16	4	12:11:46
571	16	4	12:11:46
568	16	4	12:11:46
584	16	4	12:11:46
646	16	4	12:11:46
687	16	4	12:11:46
797	16	4	12:11:46
835	16	4	12:11:46
824	16	4	12:11:46
784	16	4	12:11:46
776	16	4	12:11:46
727	16	4	12:11:46
706	16	4	12:11:46
630	16	4	12:11:46
584	16	4	12:11:46
601	16	4	12:11:46
558	16	4	12:11:46
568	16	4	12:11:46
571	16	4	12:11:46
582	16	4	12:11:46
657	16	4	12:11:46
735	16	4	12:11:46
959	16	4	12:11:46
902	16	4	12:11:46
819	16	4	12:11:46
784	16	4	12:11:46
776	16	4	12:11:46
735	16	4	12:11:46
665	16	4	12:11:46
628	16	4	12:11:46
587	16	4	12:11:46
579	16	4	12:11:46
555	16	4	12:11:46
568	16	4	12:11:46
641	16	4	12:11:46
655	16	4	12:11:46
684	16	4	12:11:46
762	16	4	12:11:46
897	16	4	12:11:46
816	16	4	12:11:46
779	16	4	12:11:46
762	16	4	12:11:46
741	16	4	12:11:46
649	16	4	12:11:46
595	16	4	12:11:46
603	16	4	12:11:46
563	16	4	12:11:46
576	16	4	12:11:46
566	16	4	12:11:46
606	16	4	12:11:46
625	16	4	12:11:46
633	16	4	12:11:46
665	16	4	12:11:46
803	16	4	12:11:46
935	16	4	12:11:46
878	16	4	12:11:46
832	16	4	12:11:46
789	16	4	12:11:46
762	16	4	12:11:46
644	16	4	12:11:46
584	16	4	12:11:46
598	16	4	12:11:46
566	16	4	12:11:46
587	16	4	12:11:46
576	16	4	12:11:46
620	16	4	12:11:46
719	16	4	12:11:46
867	16	4	12:11:46
865	16	4	12:11:46
824	16	4	12:11:46
781	16	4	12:11:46
789	16	4	12:11:46
819	16	4	12:11:46
703	16	4	12:11:46
611	16	4	12:11:46
603	16	4	12:11:46
582	16	4	12:11:46
576	16	4	12:11:46
571	16	4	12:11:46
606	16	4	12:11:46
687	16	4	12:11:46
889	16	4	12:11:46
954	16	4	12:11:46
911	16	4	12:11:46
846	16	4	12:11:46
830	16	4	12:11:46
787	16	4	12:11:46
741	16	4	12:11:46
628	16	4	12:11:46
603	16	4	12:11:46
587	16	4	12:11:46
552	16	4	12:11:46
609	16	4	12:11:46
617	16	4	12:11:46
708	16	4	12:11:46
911	16	4	12:11:46
916	16	4	12:11:46
943	16	4	12:11:46
900	16	4	12:11:46
849	16	4	12:11:46
814	16	4	12:11:46
760	16	4	12:11:46
698	16	4	12:11:46
601	16	4	12:11:46
590	16	4	12:11:46
598	16	4	12:11:46
571	16	4	12:11:46
620	16	4	12:11:46
660	16	4	12:11:46
921	16	4	12:11:46
935	16	4	12:11:46
927	16	4	12:11:46
857	16	4	12:11:46
816	16	4	12:11:46
784	16	4	12:11:46
727	16	4	12:11:46
628	16	4	12:11:46
620	16	4	12:11:46
568	16	4	12:11:46
574	16	4	12:11:46
574	16	4	12:11:46
584	16	4	12:11:46
652	16	4	12:11:46
687	16	4	12:11:46
851	16	4	12:11:46
886	16	4	12:11:46
894	16	4	12:11:46
889	16	4	12:11:46
816	16	4	12:11:46
779	16	4	12:11:46
700	16	4	12:11:46
644	16	4	12:11:46
587	16	4	12:11:46
571	16	4	12:11:46
587	16	4	12:11:46
566	16	4	12:11:46
609	16	4	12:11:46
636	16	4	12:11:46
757	16	4	12:11:46
881	16	4	12:11:46
894	16	4	12:11:46
892	16	4	12:11:46
840	16	4	12:11:46
808	16	4	12:11:46
776	16	4	12:11:46
655	16	4	12:11:46
638	16	4	12:11:46
574	16	4	12:11:46
584	16	4	12:11:46
568	16	4	12:11:46
576	16	4	12:11:46
614	16	4	12:11:46
727	16	4	12:11:46
808	16	4	12:11:46
886	16	4	12:11:46
897	16	4	12:11:46
862	16	4	12:11:46
838	16	4	12:11:46
824	16	4	12:11:46
792	16	4	12:11:46
690	16	4	12:11:46
603	16	4	12:11:46
576	16	4	12:11:46
595	16	4	12:11:46
566	16	4	12:11:46
617	16	4	12:11:46
690	16	4	12:11:46
768	16	4	12:11:46
765	16	4	12:11:46
859	16	4	12:11:46
843	16	4	12:11:46
784	16	4	12:11:46
752	16	4	12:11:46
714	16	4	12:11:46
741	16	4	12:11:46
638	16	4	12:11:46
584	16	4	12:11:46
606	16	4	12:11:46
571	16	4	12:11:46
582	16	4	12:11:46
590	16	4	12:11:46
641	16	4	12:11:46
754	16	4	12:11:46
894	16	4	12:11:46
951	16	4	12:11:46
911	16	4	12:11:46
905	16	4	12:11:46
870	16	4	12:11:46
830	16	4	12:11:46
703	16	4	12:11:46
606	16	4	12:11:46
587	16	4	12:11:46
603	16	4	12:11:46
558	16	4	12:11:46
601	16	4	12:11:46
625	16	4	12:11:46
730	16	4	12:11:46
881	16	4	12:11:46
943	16	4	12:11:46
940	16	4	12:11:46
857	16	4	12:11:46
814	16	4	12:11:46
803	16	4	12:11:46
681	16	4	12:11:46
633	16	4	12:11:46
593	16	4	12:11:46
584	16	4	12:11:46
568	16	4	12:11:46
582	16	4	12:11:46
663	16	4	12:11:46
878	16	4	12:11:46
862	16	4	12:11:46
857	16	4	12:11:46
908	16	4	12:11:46
849	16	4	12:11:46
830	16	4	12:11:46
797	16	4	12:11:46
708	16	4	12:11:46
611	16	4	12:11:46
614	16	4	12:11:46
566	16	4	12:11:46
579	16	4	12:11:46
576	16	4	12:11:46
587	16	4	12:11:46
660	16	4	12:11:46
741	16	4	12:11:46
830	16	4	12:11:46
867	16	4	12:11:46
902	16	4	12:11:46
865	16	4	12:11:46
824	16	4	12:11:46
811	16	4	12:11:46
679	16	4	12:11:46
622	16	4	12:11:46
598	16	4	12:11:46
558	16	4	12:11:46
582	16	4	12:11:46
590	16	4	12:11:46
684	16	4	12:11:46
741	16	4	12:11:46
876	16	4	12:11:46
921	16	4	12:11:46
975	16	4	12:11:46
902	16	4	12:11:46
830	16	4	12:11:46
757	16	4	12:11:46
649	16	4	12:11:46
590	16	4	12:11:46
598	16	4	12:11:46
576	16	4	12:11:46
571	16	4	12:11:46
579	16	4	12:11:46
614	16	4	12:11:46
681	16	4	12:11:46
797	16	4	12:11:46
886	16	4	12:11:46
873	16	4	12:11:46
824	16	4	12:11:46
773	16	4	12:11:46
784	16	4	12:11:46
727	16	4	12:11:46
652	16	4	12:11:46
622	16	4	12:11:46
576	16	4	12:11:46
584	16	4	12:11:46
568	16	4	12:11:46
552	16	4	12:11:46
617	16	4	12:11:46
684	16	4	12:11:46
867	16	4	12:11:46
824	16	4	12:11:46
846	16	4	12:11:46
805	16	4	12:11:46
760	16	4	12:11:46
733	16	4	12:11:46
722	16	4	12:11:46
638	16	4	12:11:46
590	16	4	12:11:46
603	16	4	12:11:46
574	16	4	12:11:46
571	16	4	12:11:46
579	16	4	12:11:46
601	16	4	12:11:46
655	16	4	12:11:46
735	16	4	12:11:46
797	16	4	12:11:46
787	16	4	12:11:46
811	16	4	12:11:46
754	16	4	12:11:46
730	16	4	12:11:46
706	16	4	12:11:46
708	16	4	12:11:46
611	16	4	12:11:46
574	16	4	12:11:46
593	16	4	12:11:46
549	16	4	12:11:46
571	16	4	12:11:46
558	16	4	12:11:46
606	16	4	12:11:46
649	16	4	12:11:46
719	16	4	12:11:46
752	16	4	12:11:46
808	16	4	12:11:46
784	16	4	12:11:46
835	16	4	12:11:46
746	16	4	12:11:46
719	16	4	12:11:46
663	16	4	12:11:46
574	16	4	12:11:46
584	16	4	12:11:46
549	16	4	12:11:46
558	16	4	12:11:46
563	16	4	12:11:46
541	16	4	12:11:46
566	16	4	12:11:46
587	16	4	12:11:46
733	16	4	12:11:46
894	16	4	12:11:46
935	16	4	12:11:46
849	16	4	12:11:46
749	16	4	12:11:46
638	16	4	12:11:46
636	16	4	12:11:46
563	16	4	12:11:46
582	16	4	12:11:46
555	16	4	12:11:46
558	16	4	12:11:46
549	16	4	12:11:46
555	16	4	12:11:46
625	16	4	12:11:46
638	16	4	12:11:46
741	16	4	12:11:46
921	16	4	12:11:46
927	16	4	12:11:46
867	16	4	12:11:46
808	16	4	12:11:46
770	16	4	12:11:46
746	16	4	12:11:46
703	16	4	12:11:46
617	16	4	12:11:46
574	16	4	12:11:46
587	16	4	12:11:46
563	16	4	12:11:46
598	16	4	12:11:46
622	16	4	12:11:46
727	16	4	12:11:46
937	16	4	12:11:46
948	16	4	12:11:46
929	16	4	12:11:46
849	16	4	12:11:46
768	16	4	12:11:46
725	16	4	12:11:46
668	16	4	12:11:46
630	16	4	12:11:46
576	16	4	12:11:46
587	16	4	12:11:46
558	16	4	12:11:46
571	16	4	12:11:46
606	16	4	12:11:46
663	16	4	12:11:46
792	16	4	12:11:46
921	16	4	12:11:46
943	16	4	12:11:46
889	16	4	12:11:46
838	16	4	12:11:46
765	16	4	12:11:46
749	16	4	12:11:46
671	16	4	12:11:46
590	16	4	12:11:46
576	16	4	12:11:46
584	16	4	12:11:46
563	16	4	12:11:46
603	16	4	12:11:46
657	16	4	12:11:46
886	16	4	12:11:46
927	16	4	12:11:46
956	16	4	12:11:46
897	16	4	12:11:46
822	16	4	12:11:46
781	16	4	12:11:46
754	16	4	12:11:46
663	16	4	12:11:46
617	16	4	12:11:46
584	16	4	12:11:46
558	16	4	12:11:46
582	16	4	12:11:46
579	16	4	12:11:46
630	16	4	12:11:46
714	16	4	12:11:46
840	16	4	12:11:46
849	16	4	12:11:46
857	16	4	12:11:46
881	16	4	12:11:46
795	16	4	12:11:46
781	16	4	12:11:46
770	16	4	12:11:46
676	16	4	12:11:46
630	16	4	12:11:46
595	16	4	12:11:46
584	16	4	12:11:46
560	16	4	12:11:46
609	16	4	12:11:46
681	16	4	12:11:46
902	16	4	12:11:46
927	16	4	12:11:46
956	16	4	12:11:46
940	16	4	12:11:46
846	16	4	12:11:46
838	16	4	12:11:46
827	16	4	12:11:46
717	16	4	12:11:46
601	16	4	12:11:46
606	16	4	12:11:46
587	16	4	12:11:46
552	16	4	12:11:46
598	16	4	12:11:46
611	16	4	12:11:46
668	16	4	12:11:46
851	16	4	12:11:46
916	16	4	12:11:46
919	16	4	12:11:46
851	16	4	12:11:46
773	16	4	12:11:46
757	16	4	12:11:46
738	16	4	12:11:46
593	16	4	12:11:46
603	16	4	12:11:46
574	16	4	12:11:46
549	16	4	12:11:46
587	16	4	12:11:46
584	16	4	12:11:46
657	16	4	12:11:46
730	16	4	12:11:46
867	16	4	12:11:46
913	16	4	12:11:46
911	16	4	12:11:46
838	16	4	12:11:46
768	16	4	12:11:46
765	16	4	12:11:46
681	16	4	12:11:46
584	16	4	12:11:46
598	16	4	12:11:46
563	16	4	12:11:46
579	16	4	12:11:46
571	16	4	12:11:46
633	16	4	12:11:46
727	16	4	12:11:46
840	16	4	12:11:46
937	16	4	12:11:46
921	16	4	12:11:46
865	16	4	12:11:46
827	16	4	12:11:46
787	16	4	12:11:46
719	16	4	12:11:46
625	16	4	12:11:46
617	16	4	12:11:46
576	16	4	12:11:46
552	16	4	12:11:46
595	16	4	12:11:46
587	16	4	12:11:46
625	16	4	12:11:46
655	16	4	12:11:46
913	16	4	12:11:46
870	16	4	12:11:46
822	16	4	12:11:46
819	16	4	12:11:46
784	16	4	12:11:46
760	16	4	12:11:46
719	16	4	12:11:46
655	16	4	12:11:46
587	16	4	12:11:46
576	16	4	12:11:46
593	16	4	12:11:46
560	16	4	12:11:46
609	16	4	12:11:46
620	16	4	12:11:46
714	16	4	12:11:46
908	16	4	12:11:46
937	16	4	12:11:46
927	16	4	12:11:46
851	16	4	12:11:46
797	16	4	12:11:46
800	16	4	12:11:46
717	16	4	12:11:46
663	16	4	12:11:46
584	16	4	12:11:46
576	16	4	12:11:46
568	16	4	12:11:46
558	16	4	12:11:46
620	16	4	12:11:46
660	16	4	12:11:46
873	16	4	12:11:46
905	16	4	12:11:46
905	16	4	12:11:46
881	16	4	12:11:46
819	16	4	12:11:46
781	16	4	12:11:46
711	16	4	12:11:46
636	16	4	12:11:46
595	16	4	12:11:46
582	16	4	12:11:46
595	16	4	12:11:46
563	16	4	12:11:46
609	16	4	12:11:46
628	16	4	12:11:46
768	16	4	12:11:46
940	16	4	12:11:46
940	16	4	12:11:46
886	16	4	12:11:46
838	16	4	12:11:46
770	16	4	12:11:46
754	16	4	12:11:46
668	16	4	12:11:46
628	16	4	12:11:46
579	16	4	12:11:46
584	16	4	12:11:46
571	16	4	12:11:46
568	16	4	12:11:46
617	16	4	12:11:46
641	16	4	12:11:46
795	16	4	12:11:46
876	16	4	12:11:46
902	16	4	12:11:46
859	16	4	12:11:46
827	16	4	12:11:46
765	16	4	12:11:46
773	16	4	12:11:46
690	16	4	12:11:46
595	16	4	12:11:46
582	16	4	12:11:46
593	16	4	12:11:46
544	16	4	12:11:46
576	16	4	12:11:46
614	16	4	12:11:46
660	16	4	12:11:46
822	16	4	12:11:46
846	16	4	12:11:46
889	16	4	12:11:46
881	16	4	12:11:46
803	16	4	12:11:46
760	16	4	12:11:46
757	16	4	12:11:46
636	16	4	12:11:46
595	16	4	12:11:46
603	16	4	12:11:46
555	16	4	12:11:46
574	16	4	12:11:46
582	16	4	12:11:46
611	16	4	12:11:46
776	16	4	12:11:46
867	16	4	12:11:46
881	16	4	12:11:46
865	16	4	12:11:46
797	16	4	12:11:46
770	16	4	12:11:46
781	16	4	12:11:46
743	16	4	12:11:46
622	16	4	12:11:46
611	16	4	12:11:46
584	16	4	12:11:46
576	16	4	12:11:46
563	16	4	12:11:46
579	16	4	12:11:46
660	16	4	12:11:46
787	16	4	12:11:46
873	16	4	12:11:46
889	16	4	12:11:46
849	16	4	12:11:46
827	16	4	12:11:46
805	16	4	12:11:46
781	16	4	12:11:46
671	16	4	12:11:46
622	16	4	12:11:46
601	16	4	12:11:46
563	16	4	12:11:46
590	16	4	12:11:46
584	16	4	12:11:46
622	16	4	12:11:46
671	16	4	12:11:46
838	16	4	12:11:46
913	16	4	12:11:46
919	16	4	12:11:46
886	16	4	12:11:46
867	16	4	12:11:46
803	16	4	12:11:46
754	16	4	12:11:46
611	16	4	12:11:46
614	16	4	12:11:46
582	16	4	12:11:46
579	16	4	12:11:46
576	16	4	12:11:46
582	16	4	12:11:46
657	16	4	12:11:46
749	16	4	12:11:46
867	16	4	12:11:46
919	16	4	12:11:46
870	16	4	12:11:46
822	16	4	12:11:46
795	16	4	12:11:46
698	16	4	12:11:46
655	16	4	12:11:46
628	16	4	12:11:46
576	16	4	12:11:46
584	16	4	12:11:46
558	16	4	12:11:46
574	16	4	12:11:46
628	16	4	12:11:46
646	16	4	12:11:46
706	16	4	12:11:46
843	16	4	12:11:46
894	16	4	12:11:46
900	16	4	12:11:46
832	16	4	12:11:46
760	16	4	12:11:46
714	16	4	12:11:46
679	16	4	12:11:46
590	16	4	12:11:46
601	16	4	12:11:46
574	16	4	12:11:46
560	16	4	12:11:46
606	16	4	12:11:46
593	16	4	12:11:46
652	16	4	12:11:46
668	16	4	12:11:46
824	16	4	12:11:46
908	16	4	12:11:46
900	16	4	12:11:46
832	16	4	12:11:46
822	16	4	12:11:46
776	16	4	12:11:46
692	16	4	12:11:46
598	16	4	12:11:46
614	16	4	12:11:46
584	16	4	12:11:46
593	16	4	12:11:46
593	16	4	12:11:46
609	16	4	12:11:46
676	16	4	12:11:46
811	16	4	12:11:46
892	16	4	12:11:46
878	16	4	12:11:46
803	16	4	12:11:46
770	16	4	12:11:46
717	16	4	12:11:46
695	16	4	12:11:46
641	16	4	12:11:46
606	16	4	12:11:46
574	16	4	12:11:46
582	16	4	12:11:46
560	16	4	12:11:46
582	16	4	12:11:46
601	16	4	12:11:46
665	16	4	12:11:46
754	16	4	12:11:46
824	16	4	12:11:46
838	16	4	12:11:46
819	16	4	12:11:46
762	16	4	12:11:46
757	16	4	12:11:46
717	16	4	12:11:46
638	16	4	12:11:46
614	16	4	12:11:46
590	16	4	12:11:46
558	16	4	12:11:46
574	16	4	12:11:46
555	16	4	12:11:46
606	16	4	12:11:46
620	16	4	12:11:46
727	16	4	12:11:46
835	16	4	12:11:46
840	16	4	12:11:46
854	16	4	12:11:46
811	16	4	12:11:46
787	16	4	12:11:46
760	16	4	12:11:46
730	16	4	12:11:46
630	16	4	12:11:46
601	16	4	12:11:46
576	16	4	12:11:46
563	16	4	12:11:46
584	16	4	12:11:46
574	16	4	12:11:46
625	16	4	12:11:46
708	16	4	12:11:46
824	16	4	12:11:46
814	16	4	12:11:46
819	16	4	12:11:46
803	16	4	12:11:46
770	16	4	12:11:46
749	16	4	12:11:46
738	16	4	12:11:46
690	16	4	12:11:46
595	16	4	12:11:46
579	16	4	12:11:46
598	16	4	12:11:46
560	16	4	12:11:46
603	16	4	12:11:46
617	16	4	12:11:46
708	16	4	12:11:46
811	16	4	12:11:46
876	16	4	12:11:46
894	16	4	12:11:46
838	16	4	12:11:46
746	16	4	12:11:46
717	16	4	12:11:46
687	16	4	12:11:46
590	16	4	12:11:46
593	16	4	12:11:46
563	16	4	12:11:46
544	16	4	12:11:46
582	16	4	12:11:46
579	16	4	12:11:46
638	16	4	12:11:46
717	16	4	12:11:46
811	16	4	12:11:46
814	16	4	12:11:46
795	16	4	12:11:46
776	16	4	12:11:46
722	16	4	12:11:46
708	16	4	12:11:46
735	16	4	12:11:46
671	16	4	12:11:46
584	16	4	12:11:46
579	16	4	12:11:46
555	16	4	12:11:46
566	16	4	12:11:46
558	16	4	12:11:46
574	16	4	12:11:46
633	16	4	12:11:46
695	16	4	12:11:46
811	16	4	12:11:46
805	16	4	12:11:46
867	16	4	12:11:46
805	16	4	12:11:46
776	16	4	12:11:46
722	16	4	12:11:46
655	16	4	12:11:46
579	16	4	12:11:46
558	16	4	12:11:46
582	16	4	12:11:46
549	16	4	12:11:46
558	16	4	12:11:46
547	16	4	12:11:46
593	16	4	12:11:46
590	16	4	12:11:46
668	16	4	12:11:46
886	16	4	12:11:46
921	16	4	12:11:46
859	16	4	12:11:46
776	16	4	12:11:46
668	16	4	12:11:46
614	16	4	12:11:46
595	16	4	12:11:46
547	16	4	12:11:46
576	16	4	12:11:46
549	16	4	12:11:46
566	16	4	12:11:46
539	16	4	12:11:46
566	16	4	12:11:46
574	16	4	12:11:46
614	16	4	12:11:46
660	16	4	12:11:46
690	16	4	12:11:46
760	16	4	12:11:46
762	16	4	12:11:46
692	16	4	12:11:46
687	16	4	12:11:46
644	16	4	12:11:46
673	16	4	12:11:46
620	16	4	12:11:46
598	16	4	12:11:46
574	16	4	12:11:46
555	16	4	12:11:46
590	16	4	12:11:46
560	16	4	12:11:46
595	16	4	12:11:46
606	16	4	12:11:46
663	16	4	12:11:46
803	16	4	12:11:46
843	16	4	12:11:46
805	16	4	12:11:46
795	16	4	12:11:46
752	16	4	12:11:46
743	16	4	12:11:46
676	16	4	12:11:46
601	16	4	12:11:46
603	16	4	12:11:46
571	16	4	12:11:46
568	16	4	12:11:46
547	16	4	12:11:46
576	16	4	12:11:46
609	16	4	12:11:46
652	16	4	12:11:46
781	16	4	12:11:46
808	16	4	12:11:46
830	16	4	12:11:46
811	16	4	12:11:46
730	16	4	12:11:46
727	16	4	12:11:46
703	16	4	12:11:46
620	16	4	12:11:46
601	16	4	12:11:46
563	16	4	12:11:46
555	16	4	12:11:46
584	16	4	12:11:46
555	16	4	12:11:46
622	16	4	12:11:46
644	16	4	12:11:46
743	16	4	12:11:46
948	16	4	12:11:46
951	16	4	12:11:46
919	16	4	12:11:46
830	16	4	12:11:46
843	16	4	12:11:46
773	16	4	12:11:46
646	16	4	12:11:46
620	16	4	12:11:46
568	16	4	12:11:46
576	16	4	12:11:46
552	16	4	12:11:46
563	16	4	12:11:46
606	16	4	12:11:46
633	16	4	12:11:46
754	16	4	12:11:46
897	16	4	12:11:46
924	16	4	12:11:46
913	16	4	12:11:46
830	16	4	12:11:46
749	16	4	12:11:46
695	16	4	12:11:46
671	16	4	12:11:46
595	16	4	12:11:46
593	16	4	12:11:46
560	16	4	12:11:46
552	16	4	12:11:46
576	16	4	12:11:46
566	16	4	12:11:46
620	16	4	12:11:46
703	16	4	12:11:46
795	16	4	12:11:46
832	16	4	12:11:46
789	16	4	12:11:46
776	16	4	12:11:46
749	16	4	12:11:46
687	16	4	12:11:46
652	16	4	12:11:46
579	16	4	12:11:46
590	16	4	12:11:46
574	16	4	12:11:46
544	16	4	12:11:46
576	16	4	12:11:46
555	16	4	12:11:46
620	16	4	12:11:46
630	16	4	12:11:46
803	16	4	12:11:46
876	16	4	12:11:46
905	16	4	12:11:46
843	16	4	12:11:46
757	16	4	12:11:46
703	16	4	12:11:46
665	16	4	12:11:46
638	16	4	12:11:46
574	16	4	12:11:46
584	16	4	12:11:46
544	16	4	12:11:46
552	16	4	12:11:46
568	16	4	12:11:46
620	16	4	12:11:46
746	16	4	12:11:46
840	16	4	12:11:46
911	16	4	12:11:46
978	16	4	12:11:46
924	16	4	12:11:46
857	16	4	12:11:46
779	16	4	12:11:46
725	16	4	12:11:46
614	16	4	12:11:46
582	16	4	12:11:46
590	16	4	12:11:46
541	16	4	12:11:46
560	16	4	12:11:46
571	16	4	12:11:46
598	16	4	12:11:46
663	16	4	12:11:46
878	16	4	12:11:46
849	16	4	12:11:46
951	16	4	12:11:46
881	16	4	12:11:46
824	16	4	12:11:46
787	16	4	12:11:46
717	16	4	12:11:46
611	16	4	12:11:46
603	16	4	12:11:46
555	16	4	12:11:46
560	16	4	12:11:46
539	16	4	12:11:46
536	16	4	12:11:46
563	16	4	12:11:46
549	16	4	12:11:46
620	16	4	12:11:46
838	16	4	12:11:46
1207	16	4	23:48:50
1132	16	4	23:48:50
1083	16	4	23:48:50
1032	16	4	23:48:50
1037	16	4	23:48:50
951	16	4	23:48:50
779	16	4	23:48:50
673	16	4	23:48:50
646	16	4	23:48:50
663	16	4	23:48:50
695	16	4	23:48:50
808	16	4	23:48:50
1210	16	4	23:48:50
1140	16	4	23:48:50
1086	16	4	23:48:50
1016	16	4	23:48:50
913	16	4	23:48:50
838	16	4	23:48:50
714	16	4	23:48:50
657	16	4	23:48:50
660	16	4	23:48:50
622	16	4	23:48:50
660	16	4	23:48:50
811	16	4	23:48:50
1245	16	4	23:48:50
1180	16	4	23:48:50
1048	16	4	23:48:50
1086	16	4	23:48:50
986	16	4	23:48:50
902	16	4	23:48:50
779	16	4	23:48:50
690	16	4	23:48:50
633	16	4	23:48:50
641	16	4	23:48:50
652	16	4	23:48:50
673	16	4	23:48:50
873	16	4	23:48:50
1185	16	4	23:48:50
1212	16	4	23:48:50
1096	16	4	23:48:50
1045	16	4	23:48:50
981	16	4	23:48:50
808	16	4	23:48:50
687	16	4	23:48:50
660	16	4	23:48:50
641	16	4	23:48:50
633	16	4	23:48:50
738	16	4	23:48:50
1223	16	4	23:48:50
1126	16	4	23:48:50
1132	16	4	23:48:50
1088	16	4	23:48:50
1026	16	4	23:48:50
959	16	4	23:48:50
779	16	4	23:48:50
679	16	4	23:48:50
652	16	4	23:48:50
630	16	4	23:48:50
700	16	4	23:48:50
811	16	4	23:48:50
1239	16	4	23:48:50
1161	16	4	23:48:50
1137	16	4	23:48:50
1099	16	4	23:48:50
983	16	4	23:48:50
911	16	4	23:48:50
752	16	4	23:48:50
679	16	4	23:48:50
660	16	4	23:48:50
652	16	4	23:48:50
690	16	4	23:48:50
849	16	4	23:48:50
1288	16	4	23:48:50
1218	16	4	23:48:50
1115	16	4	23:48:50
1083	16	4	23:48:50
991	16	4	23:48:50
822	16	4	23:48:50
725	16	4	23:48:50
652	16	4	23:48:50
636	16	4	23:48:50
665	16	4	23:48:50
743	16	4	23:48:50
835	16	4	23:48:50
1220	16	4	23:48:50
1132	16	4	23:48:50
1110	16	4	23:48:50
1096	16	4	23:48:50
999	16	4	23:48:50
819	16	4	23:48:50
684	16	4	23:48:50
649	16	4	23:48:50
671	16	4	23:48:50
649	16	4	23:48:50
671	16	4	23:48:50
787	16	4	23:48:50
1210	16	4	23:48:50
1129	16	4	23:48:50
1115	16	4	23:48:50
1040	16	4	23:48:50
935	16	4	23:48:50
770	16	4	23:48:50
692	16	4	23:48:50
652	16	4	23:48:50
625	16	4	23:48:50
671	16	4	23:48:50
711	16	4	23:48:50
1245	16	4	23:48:50
1177	16	4	23:48:50
1094	16	4	23:48:50
1026	16	4	23:48:50
967	16	4	23:48:50
800	16	4	23:48:50
668	16	4	23:48:50
628	16	4	23:48:50
655	16	4	23:48:50
614	16	4	23:48:50
646	16	4	23:48:50
698	16	4	23:48:50
1021	16	4	23:48:50
1183	16	4	23:48:50
1150	16	4	23:48:50
1086	16	4	23:48:50
1045	16	4	23:48:50
962	16	4	23:48:50
832	16	4	23:48:50
679	16	4	23:48:50
652	16	4	23:48:50
638	16	4	23:48:50
636	16	4	23:48:50
660	16	4	23:48:50
770	16	4	23:48:50
1199	16	4	23:48:50
1167	16	4	23:48:50
1107	16	4	23:48:50
1037	16	4	23:48:50
959	16	4	23:48:50
792	16	4	23:48:50
703	16	4	23:48:50
663	16	4	23:48:50
617	16	4	23:48:50
628	16	4	23:48:50
652	16	4	23:48:50
719	16	4	23:48:50
1237	16	4	23:48:50
1164	16	4	23:48:50
1107	16	4	23:48:50
1040	16	4	23:48:50
1016	16	4	23:48:50
919	16	4	23:48:50
746	16	4	23:48:50
660	16	4	23:48:50
652	16	4	23:48:50
638	16	4	23:48:50
652	16	4	23:48:50
792	16	4	23:48:50
1161	16	4	23:48:50
1137	16	4	23:48:50
1129	16	4	23:48:50
760	16	4	23:48:50
846	16	4	23:48:50
743	16	4	23:48:50
673	16	4	23:48:50
628	16	4	23:48:50
649	16	4	23:48:50
641	16	4	23:48:50
692	16	4	23:48:50
814	16	4	23:48:50
1242	16	4	23:48:50
1183	16	4	23:48:50
1102	16	4	23:48:50
1056	16	4	23:48:50
1029	16	4	23:48:50
989	16	4	23:48:50
795	16	4	23:48:50
698	16	4	23:48:50
660	16	4	23:48:50
628	16	4	23:48:50
660	16	4	23:48:50
695	16	4	23:48:50
881	16	4	23:48:50
1193	16	4	23:48:50
1150	16	4	23:48:50
1070	16	4	23:48:50
1045	16	4	23:48:50
962	16	4	23:48:50
795	16	4	23:48:50
679	16	4	23:48:50
646	16	4	23:48:50
655	16	4	23:48:50
660	16	4	23:48:50
746	16	4	23:48:50
1282	16	4	23:48:50
1196	16	4	23:48:50
1148	16	4	23:48:50
1078	16	4	23:48:50
1048	16	4	23:48:50
921	16	4	23:48:50
749	16	4	23:48:50
644	16	4	23:48:50
655	16	4	23:48:50
633	16	4	23:48:50
660	16	4	23:48:50
708	16	4	23:48:50
1212	16	4	23:48:50
1115	16	4	23:48:50
1080	16	4	23:48:50
1021	16	4	23:48:50
954	16	4	23:48:50
905	16	4	23:48:50
773	16	4	23:48:50
644	16	4	23:48:50
611	16	4	23:48:50
625	16	4	23:48:50
622	16	4	23:48:50
692	16	4	23:48:50
862	16	4	23:48:50
1164	16	4	23:48:50
1094	16	4	23:48:50
1070	16	4	23:48:50
956	16	4	23:48:50
862	16	4	23:48:50
811	16	4	23:48:50
676	16	4	23:48:50
614	16	4	23:48:50
625	16	4	23:48:50
609	16	4	23:48:50
601	16	4	23:48:50
641	16	4	23:48:50
700	16	4	23:48:50
1185	16	4	23:48:50
1075	16	4	23:48:50
1032	16	4	23:48:50
1026	16	4	23:48:50
867	16	4	23:48:50
735	16	4	23:48:50
649	16	4	23:48:50
622	16	4	23:48:50
574	16	4	23:48:50
611	16	4	23:48:50
611	16	4	23:48:50
687	16	4	23:48:50
787	16	4	23:48:50
1202	16	4	23:48:50
1096	16	4	23:48:50
1051	16	4	23:48:50
1032	16	4	23:48:50
978	16	4	23:48:50
886	16	4	23:48:50
746	16	4	23:48:50
638	16	4	23:48:50
609	16	4	23:48:50
633	16	4	23:48:50
636	16	4	23:48:50
735	16	4	23:48:50
1175	16	4	23:48:50
1096	16	4	23:48:50
1107	16	4	23:48:50
1010	16	4	23:48:50
954	16	4	23:48:50
900	16	4	23:48:50
741	16	4	23:48:50
673	16	4	23:48:50
620	16	4	23:48:50
614	16	4	23:48:50
668	16	4	23:48:50
762	16	4	23:48:50
1212	16	4	23:48:50
1113	16	4	23:48:50
1091	16	4	23:48:50
1013	16	4	23:48:50
946	16	4	23:48:50
867	16	4	23:48:50
738	16	4	23:48:50
646	16	4	23:48:50
644	16	4	23:48:50
606	16	4	23:48:50
617	16	4	23:48:50
690	16	4	23:48:50
1005	16	4	23:48:50
1175	16	4	23:48:50
1110	16	4	23:48:50
1091	16	4	23:48:50
1005	16	4	23:48:50
937	16	4	23:48:50
792	16	4	23:48:50
649	16	4	23:48:50
614	16	4	23:48:50
630	16	4	23:48:50
611	16	4	23:48:50
646	16	4	23:48:50
797	16	4	23:48:50
1175	16	4	23:48:50
1118	16	4	23:48:50
1088	16	4	23:48:50
1032	16	4	23:48:50
940	16	4	23:48:50
822	16	4	23:48:50
714	16	4	23:48:50
652	16	4	23:48:50
606	16	4	23:48:50
633	16	4	23:48:50
625	16	4	23:48:50
735	16	4	23:48:50
1237	16	4	23:48:50
1140	16	4	23:48:50
1061	16	4	23:48:50
1040	16	4	23:48:50
983	16	4	23:48:50
870	16	4	23:48:50
714	16	4	23:48:50
671	16	4	23:48:50
622	16	4	23:48:50
611	16	4	23:48:50
663	16	4	23:48:50
722	16	4	23:48:50
1193	16	4	23:48:50
1102	16	4	23:48:50
1064	16	4	23:48:50
1024	16	4	23:48:50
975	16	4	23:48:50
897	16	4	23:48:50
779	16	4	23:48:50
655	16	4	23:48:50
646	16	4	23:48:50
614	16	4	23:48:50
611	16	4	23:48:50
668	16	4	23:48:50
714	16	4	23:48:50
1210	16	4	23:48:50
1121	16	4	23:48:50
1123	16	4	23:48:50
1034	16	4	23:48:50
959	16	4	23:48:50
811	16	4	23:48:50
692	16	4	23:48:50
638	16	4	23:48:50
649	16	4	23:48:50
641	16	4	23:48:50
679	16	4	23:48:50
805	16	4	23:48:50
1137	16	4	23:48:50
1064	16	4	23:48:50
1075	16	4	23:48:50
1043	16	4	23:48:50
975	16	4	23:48:50
911	16	4	23:48:50
779	16	4	23:48:50
652	16	4	23:48:50
625	16	4	23:48:50
646	16	4	23:48:50
646	16	4	23:48:50
714	16	4	23:48:50
1226	16	4	23:48:50
1172	16	4	23:48:50
1115	16	4	23:48:50
1067	16	4	23:48:50
999	16	4	23:48:50
838	16	4	23:48:50
695	16	4	23:48:50
663	16	4	23:48:50
649	16	4	23:48:50
641	16	4	23:48:50
690	16	4	23:48:50
805	16	4	23:48:50
1231	16	4	23:48:50
1161	16	4	23:48:50
1129	16	4	23:48:50
1051	16	4	23:48:50
973	16	4	23:48:50
878	16	4	23:48:50
749	16	4	23:48:50
687	16	4	23:48:50
638	16	4	23:48:50
646	16	4	23:48:50
706	16	4	23:48:50
792	16	4	23:48:50
1013	16	4	23:48:50
1223	16	4	23:48:50
1110	16	4	23:48:50
1051	16	4	23:48:50
994	16	4	23:48:50
889	16	4	23:48:50
757	16	4	23:48:50
663	16	4	23:48:50
668	16	4	23:48:50
644	16	4	23:48:50
652	16	4	23:48:50
730	16	4	23:48:50
1245	16	4	23:48:50
1188	16	4	23:48:50
1145	16	4	23:48:50
1067	16	4	23:48:50
948	16	4	23:48:50
846	16	4	23:48:50
692	16	4	23:48:50
681	16	4	23:48:50
638	16	4	23:48:50
628	16	4	23:48:50
690	16	4	23:48:50
795	16	4	23:48:50
1024	16	4	23:48:50
1199	16	4	23:48:50
1123	16	4	23:48:50
1080	16	4	23:48:50
997	16	4	23:48:50
897	16	4	23:48:50
752	16	4	23:48:50
655	16	4	23:48:50
652	16	4	23:48:50
636	16	4	23:48:50
660	16	4	23:48:50
787	16	4	23:48:50
1021	16	4	23:48:50
1183	16	4	23:48:50
1099	16	4	23:48:50
1043	16	4	23:48:50
970	16	4	23:48:50
862	16	4	23:48:50
749	16	4	23:48:50
657	16	4	23:48:50
633	16	4	23:48:50
646	16	4	23:48:50
663	16	4	23:48:50
708	16	4	23:48:50
900	16	4	23:48:50
1199	16	4	23:48:50
1150	16	4	23:48:50
1099	16	4	23:48:50
814	16	4	23:48:50
725	16	4	23:48:50
698	16	4	23:48:50
636	16	4	23:48:50
630	16	4	23:48:50
646	16	4	23:48:50
633	16	4	23:48:50
657	16	4	23:48:50
822	16	4	23:48:50
991	16	4	23:48:50
1145	16	4	23:48:50
1107	16	4	23:48:50
1040	16	4	23:48:50
940	16	4	23:48:50
902	16	4	23:48:50
770	16	4	23:48:50
660	16	4	23:48:50
636	16	4	23:48:50
644	16	4	23:48:50
652	16	4	23:48:50
700	16	4	23:48:50
843	16	4	23:48:50
1158	16	4	23:48:50
1134	16	4	23:48:50
1105	16	4	23:48:50
983	16	4	23:48:50
935	16	4	23:48:50
789	16	4	23:48:50
692	16	4	23:48:50
649	16	4	23:48:50
641	16	4	23:48:50
646	16	4	23:48:50
679	16	4	23:48:50
811	16	4	23:48:50
1234	16	4	23:48:50
1158	16	4	23:48:50
1110	16	4	23:48:50
1067	16	4	23:48:50
986	16	4	23:48:50
873	16	4	23:48:50
711	16	4	23:48:50
649	16	4	23:48:50
660	16	4	23:48:50
625	16	4	23:48:50
649	16	4	23:48:50
741	16	4	23:48:50
1207	16	4	23:48:50
1121	16	4	23:48:50
1080	16	4	23:48:50
1034	16	4	23:48:50
935	16	4	23:48:50
787	16	4	23:48:50
668	16	4	23:48:50
660	16	4	23:48:50
644	16	4	23:48:50
644	16	4	23:48:50
671	16	4	23:48:50
741	16	4	23:48:50
1231	16	4	23:48:50
1169	16	4	23:48:50
1094	16	4	23:48:50
1064	16	4	23:48:50
954	16	4	23:48:50
849	16	4	23:48:50
703	16	4	23:48:50
673	16	4	23:48:50
641	16	4	23:48:50
638	16	4	23:48:50
668	16	4	23:48:50
684	16	4	23:48:50
994	16	4	23:48:50
1199	16	4	23:48:50
1134	16	4	23:48:50
1091	16	4	23:48:50
1008	16	4	23:48:50
921	16	4	23:48:50
749	16	4	23:48:50
657	16	4	23:48:50
660	16	4	23:48:50
636	16	4	23:48:50
630	16	4	23:48:50
700	16	4	23:48:50
814	16	4	23:48:50
1185	16	4	23:48:50
1150	16	4	23:48:50
1096	16	4	23:48:50
1032	16	4	23:48:50
954	16	4	23:48:50
805	16	4	23:48:50
676	16	4	23:48:50
644	16	4	23:48:50
652	16	4	23:48:50
644	16	4	23:48:50
665	16	4	23:48:50
738	16	4	23:48:50
1148	16	4	23:48:50
1102	16	4	23:48:50
1086	16	4	23:48:50
1032	16	4	23:48:50
970	16	4	23:48:50
849	16	4	23:48:50
706	16	4	23:48:50
655	16	4	23:48:50
636	16	4	23:48:50
636	16	4	23:48:50
657	16	4	23:48:50
730	16	4	23:48:50
991	16	4	23:48:50
1199	16	4	23:48:50
1134	16	4	23:48:50
1053	16	4	23:48:50
970	16	4	23:48:50
897	16	4	23:48:50
722	16	4	23:48:50
676	16	4	23:48:50
638	16	4	23:48:50
622	16	4	23:48:50
649	16	4	23:48:50
706	16	4	23:48:50
986	16	4	23:48:50
1215	16	4	23:48:50
1102	16	4	23:48:50
1037	16	4	23:48:50
983	16	4	23:48:50
929	16	4	23:48:50
757	16	4	23:48:50
665	16	4	23:48:50
665	16	4	23:48:50
628	16	4	23:48:50
614	16	4	23:48:50
679	16	4	23:48:50
743	16	4	23:48:50
1156	16	4	23:48:50
1204	16	4	23:48:50
1096	16	4	23:48:50
1043	16	4	23:48:50
954	16	4	23:48:50
849	16	4	23:48:50
700	16	4	23:48:50
644	16	4	23:48:50
649	16	4	23:48:50
628	16	4	23:48:50
646	16	4	23:48:50
754	16	4	23:48:50
1018	16	4	23:48:50
1164	16	4	23:48:50
1086	16	4	23:48:50
1048	16	4	23:48:50
954	16	4	23:48:50
921	16	4	23:48:50
776	16	4	23:48:50
665	16	4	23:48:50
638	16	4	23:48:50
649	16	4	23:48:50
646	16	4	23:48:50
700	16	4	23:48:50
989	16	4	23:48:50
1185	16	4	23:48:50
1080	16	4	23:48:50
1059	16	4	23:48:50
959	16	4	23:48:50
921	16	4	23:48:50
749	16	4	23:48:50
698	16	4	23:48:50
646	16	4	23:48:50
641	16	4	23:48:50
665	16	4	23:48:50
687	16	4	23:48:50
1026	16	4	23:48:50
1156	16	4	23:48:50
1105	16	4	23:48:50
1021	16	4	23:48:50
956	16	4	23:48:50
935	16	4	23:48:50
757	16	4	23:48:50
655	16	4	23:48:50
663	16	4	23:48:50
646	16	4	23:48:50
638	16	4	23:48:50
676	16	4	23:48:50
830	16	4	23:48:50
1150	16	4	23:48:50
1121	16	4	23:48:50
1053	16	4	23:48:50
991	16	4	23:48:50
943	16	4	23:48:50
843	16	4	23:48:50
714	16	4	23:48:50
646	16	4	23:48:50
652	16	4	23:48:50
625	16	4	23:48:50
630	16	4	23:48:50
714	16	4	23:48:50
975	16	4	23:48:50
1177	16	4	23:48:50
1132	16	4	23:48:50
1043	16	4	23:48:50
970	16	4	23:48:50
924	16	4	23:48:50
781	16	4	23:48:50
665	16	4	23:48:50
638	16	4	23:48:50
665	16	4	23:48:50
633	16	4	23:48:50
660	16	4	23:48:50
727	16	4	23:48:50
1008	16	4	23:48:50
1107	16	4	23:48:50
1070	16	4	23:48:50
978	16	4	23:48:50
937	16	4	23:48:50
870	16	4	23:48:50
743	16	4	23:48:50
652	16	4	23:48:50
655	16	4	23:48:50
638	16	4	23:48:50
638	16	4	23:48:50
703	16	4	23:48:50
805	16	4	23:48:50
1056	16	4	23:48:50
1043	16	4	23:48:50
1008	16	4	23:48:50
919	16	4	23:48:50
876	16	4	23:48:50
822	16	4	23:48:50
671	16	4	23:48:50
665	16	4	23:48:50
633	16	4	23:48:50
625	16	4	23:48:50
641	16	4	23:48:50
665	16	4	23:48:50
779	16	4	23:48:50
1202	16	4	23:48:50
1126	16	4	23:48:50
1002	16	4	23:48:50
946	16	4	23:48:50
913	16	4	23:48:50
803	16	4	23:48:50
703	16	4	23:48:50
665	16	4	23:48:50
633	16	4	23:48:50
649	16	4	23:48:50
649	16	4	23:48:50
717	16	4	23:48:50
1188	16	4	23:48:50
1096	16	4	23:48:50
1053	16	4	23:48:50
959	16	4	23:48:50
911	16	4	23:48:50
865	16	4	23:48:50
743	16	4	23:48:50
692	16	4	23:48:50
638	16	4	23:48:50
628	16	4	23:48:50
657	16	4	23:48:50
700	16	4	23:48:50
1008	16	4	23:48:50
1142	16	4	23:48:50
1113	16	4	23:48:50
1064	16	4	23:48:50
999	16	4	23:48:50
959	16	4	23:48:50
797	16	4	23:48:50
668	16	4	23:48:50
676	16	4	23:48:50
641	16	4	23:48:50
633	16	4	23:48:50
676	16	4	23:48:50
975	16	4	23:48:50
1175	16	4	23:48:50
1075	16	4	23:48:50
1051	16	4	23:48:50
983	16	4	23:48:50
916	16	4	23:48:50
886	16	4	23:48:50
735	16	4	23:48:50
652	16	4	23:48:50
646	16	4	23:48:50
663	16	4	23:48:50
630	16	4	23:48:50
684	16	4	23:48:50
743	16	4	23:48:50
1153	16	4	23:48:50
1107	16	4	23:48:50
1029	16	4	23:48:50
959	16	4	23:48:50
943	16	4	23:48:50
727	16	4	23:48:50
663	16	4	23:48:50
655	16	4	23:48:50
655	16	4	23:48:50
611	16	4	23:48:50
657	16	4	23:48:50
717	16	4	23:48:50
997	16	4	23:48:50
1142	16	4	23:48:50
1126	16	4	23:48:50
1016	16	4	23:48:50
919	16	4	23:48:50
881	16	4	23:48:50
741	16	4	23:48:50
660	16	4	23:48:50
663	16	4	23:48:50
620	16	4	23:48:50
636	16	4	23:48:50
679	16	4	23:48:50
762	16	4	23:48:50
1018	16	4	23:48:50
1161	17	4	00:03:17
1105	17	4	00:03:17
1024	17	4	00:03:17
962	17	4	00:03:17
951	17	4	00:03:17
916	17	4	00:03:17
792	17	4	00:03:17
673	17	4	00:03:17
644	17	4	00:03:17
652	17	4	00:03:17
681	17	4	00:03:17
787	17	4	00:03:17
1199	17	4	00:03:17
1142	17	4	00:03:17
1110	17	4	00:03:17
1026	17	4	00:03:17
970	17	4	00:03:17
919	17	4	00:03:17
741	17	4	00:03:17
649	17	4	00:03:17
652	17	4	00:03:17
620	17	4	00:03:17
617	17	4	00:03:17
671	17	4	00:03:17
746	17	4	00:03:17
1129	17	4	00:03:17
1034	17	4	00:03:17
991	17	4	00:03:17
946	17	4	00:03:17
854	17	4	00:03:17
789	17	4	00:03:17
708	17	4	00:03:17
657	17	4	00:03:17
630	17	4	00:03:17
630	17	4	00:03:17
617	17	4	00:03:17
628	17	4	00:03:17
722	17	4	00:03:17
873	17	4	00:03:17
1026	17	4	00:03:17
991	17	4	00:03:17
878	17	4	00:03:17
854	17	4	00:03:17
792	17	4	00:03:17
746	17	4	00:03:17
711	17	4	00:03:17
655	17	4	00:03:17
622	17	4	00:03:17
636	17	4	00:03:17
628	17	4	00:03:17
663	17	4	00:03:17
757	17	4	00:03:17
1121	17	4	00:03:17
1043	17	4	00:03:17
994	17	4	00:03:17
986	17	4	00:03:17
951	17	4	00:03:17
819	17	4	00:03:17
708	17	4	00:03:17
646	17	4	00:03:17
660	17	4	00:03:17
628	17	4	00:03:17
633	17	4	00:03:17
690	17	4	00:03:17
733	17	4	00:03:17
1061	17	4	00:03:17
1002	17	4	00:03:17
1005	17	4	00:03:17
916	17	4	00:03:17
876	17	4	00:03:17
857	17	4	00:03:17
757	17	4	00:03:17
679	17	4	00:03:17
638	17	4	00:03:17
655	17	4	00:03:17
660	17	4	00:03:17
741	17	4	00:03:17
846	17	4	00:03:17
1105	17	4	00:03:17
1086	17	4	00:03:17
1070	17	4	00:03:17
946	17	4	00:03:17
894	17	4	00:03:17
776	17	4	00:03:17
717	17	4	00:03:17
660	17	4	00:03:17
630	17	4	00:03:17
649	17	4	00:03:17
641	17	4	00:03:17
660	17	4	00:03:17
843	17	4	00:03:17
1075	17	4	00:03:17
1013	17	4	00:03:17
973	17	4	00:03:17
889	17	4	00:03:17
851	17	4	00:03:17
773	17	4	00:03:17
708	17	4	00:03:17
665	17	4	00:03:17
622	17	4	00:03:17
606	17	4	00:03:17
655	17	4	00:03:17
671	17	4	00:03:17
776	17	4	00:03:17
1161	17	4	00:03:17
1132	17	4	00:03:17
1040	17	4	00:03:17
986	17	4	00:03:17
900	17	4	00:03:17
757	17	4	00:03:17
687	17	4	00:03:17
641	17	4	00:03:17
617	17	4	00:03:17
628	17	4	00:03:17
644	17	4	00:03:17
665	17	4	00:03:17
1132	17	4	00:03:17
1140	17	4	00:03:17
1078	17	4	00:03:17
1002	17	4	00:03:17
919	17	4	00:03:17
878	17	4	00:03:17
741	17	4	00:03:17
687	17	4	00:03:17
636	17	4	00:03:17
628	17	4	00:03:17
649	17	4	00:03:17
644	17	4	00:03:17
711	17	4	00:03:17
1056	17	4	00:03:17
1118	17	4	00:03:17
1070	17	4	00:03:17
1021	17	4	00:03:17
937	17	4	00:03:17
832	17	4	00:03:17
741	17	4	00:03:17
644	17	4	00:03:17
617	17	4	00:03:17
636	17	4	00:03:17
638	17	4	00:03:17
673	17	4	00:03:17
741	17	4	00:03:17
1137	17	4	00:03:17
1080	17	4	00:03:17
1045	17	4	00:03:17
962	17	4	00:03:17
916	17	4	00:03:17
781	17	4	00:03:17
679	17	4	00:03:17
611	17	4	00:03:17
628	17	4	00:03:17
595	17	4	00:03:17
628	17	4	00:03:17
652	17	4	00:03:17
730	17	4	00:03:17
1153	17	4	00:03:17
1113	17	4	00:03:17
1018	17	4	00:03:17
962	17	4	00:03:17
884	17	4	00:03:17
752	17	4	00:03:17
671	17	4	00:03:17
622	17	4	00:03:17
590	17	4	00:03:17
611	17	4	00:03:17
590	17	4	00:03:17
644	17	4	00:03:17
741	17	4	00:03:17
1145	17	4	00:03:17
1072	17	4	00:03:17
1051	17	4	00:03:17
935	17	4	00:03:17
851	17	4	00:03:17
787	17	4	00:03:17
687	17	4	00:03:17
630	17	4	00:03:17
595	17	4	00:03:17
579	17	4	00:03:17
622	17	4	00:03:17
625	17	4	00:03:17
676	17	4	00:03:17
779	17	4	00:03:17
1078	17	4	00:03:17
1043	17	4	00:03:17
937	17	4	00:03:17
884	17	4	00:03:17
851	17	4	00:03:17
741	17	4	00:03:17
655	17	4	00:03:17
620	17	4	00:03:17
582	17	4	00:03:17
603	17	4	00:03:17
609	17	4	00:03:17
609	17	4	00:03:17
663	17	4	00:03:17
725	17	4	00:03:17
1075	17	4	00:03:17
1021	17	4	00:03:17
978	17	4	00:03:17
911	17	4	00:03:17
867	17	4	00:03:17
749	17	4	00:03:17
676	17	4	00:03:17
601	17	4	00:03:17
609	17	4	00:03:17
603	17	4	00:03:17
622	17	4	00:03:17
671	17	4	00:03:17
770	17	4	00:03:17
1107	17	4	00:03:17
1053	17	4	00:03:17
1016	17	4	00:03:17
937	17	4	00:03:17
927	17	4	00:03:17
797	17	4	00:03:17
655	17	4	00:03:17
641	17	4	00:03:17
603	17	4	00:03:17
611	17	4	00:03:17
652	17	4	00:03:17
684	17	4	00:03:17
746	17	4	00:03:17
1099	17	4	00:03:17
1096	17	4	00:03:17
1048	17	4	00:03:17
1008	17	4	00:03:17
956	17	4	00:03:17
792	17	4	00:03:17
690	17	4	00:03:17
633	17	4	00:03:17
620	17	4	00:03:17
644	17	4	00:03:17
636	17	4	00:03:17
684	17	4	00:03:17
1137	17	4	00:03:17
1121	17	4	00:03:17
1083	17	4	00:03:17
983	17	4	00:03:17
962	17	4	00:03:17
902	17	4	00:03:17
768	17	4	00:03:17
698	17	4	00:03:17
649	17	4	00:03:17
625	17	4	00:03:17
636	17	4	00:03:17
655	17	4	00:03:17
776	17	4	00:03:17
1199	17	4	00:03:17
1129	17	4	00:03:17
1083	17	4	00:03:17
1029	17	4	00:03:17
973	17	4	00:03:17
787	17	4	00:03:17
687	17	4	00:03:17
676	17	4	00:03:17
628	17	4	00:03:17
646	17	4	00:03:17
663	17	4	00:03:17
741	17	4	00:03:17
1150	17	4	00:03:17
1134	17	4	00:03:17
1118	17	4	00:03:17
1002	17	4	00:03:17
962	17	4	00:03:17
886	17	4	00:03:17
741	17	4	00:03:17
657	17	4	00:03:17
665	17	4	00:03:17
644	17	4	00:03:17
663	17	4	00:03:17
668	17	4	00:03:17
768	17	4	00:03:17
1204	17	4	00:03:17
1107	17	4	00:03:17
1040	17	4	00:03:17
986	17	4	00:03:17
956	17	4	00:03:17
789	17	4	00:03:17
668	17	4	00:03:17
663	17	4	00:03:17
641	17	4	00:03:17
641	17	4	00:03:17
665	17	4	00:03:17
711	17	4	00:03:17
1161	17	4	00:03:17
1091	17	4	00:03:17
1061	17	4	00:03:17
978	17	4	00:03:17
927	17	4	00:03:17
865	17	4	00:03:17
711	17	4	00:03:17
655	17	4	00:03:17
673	17	4	00:03:17
622	17	4	00:03:17
636	17	4	00:03:17
687	17	4	00:03:17
768	17	4	00:03:17
1088	17	4	00:03:17
1075	17	4	00:03:17
1018	17	4	00:03:17
929	17	4	00:03:17
905	17	4	00:03:17
795	17	4	00:03:17
692	17	4	00:03:17
657	17	4	00:03:17
638	17	4	00:03:17
644	17	4	00:03:17
636	17	4	00:03:17
652	17	4	00:03:17
738	17	4	00:03:17
1075	17	4	00:03:17
1043	17	4	00:03:17
1032	17	4	00:03:17
943	17	4	00:03:17
913	17	4	00:03:17
832	17	4	00:03:17
706	17	4	00:03:17
652	17	4	00:03:17
652	17	4	00:03:17
625	17	4	00:03:17
622	17	4	00:03:17
663	17	4	00:03:17
714	17	4	00:03:17
1121	17	4	00:03:17
1072	17	4	00:03:17
1021	17	4	00:03:17
959	17	4	00:03:17
886	17	4	00:03:17
814	17	4	00:03:17
679	17	4	00:03:17
668	17	4	00:03:17
638	17	4	00:03:17
633	17	4	00:03:17
636	17	4	00:03:17
620	17	4	00:03:17
711	17	4	00:03:17
1094	17	4	00:03:17
1075	17	4	00:03:17
1013	17	4	00:03:17
946	17	4	00:03:17
905	17	4	00:03:17
857	17	4	00:03:17
725	17	4	00:03:17
649	17	4	00:03:17
657	17	4	00:03:17
641	17	4	00:03:17
620	17	4	00:03:17
660	17	4	00:03:17
684	17	4	00:03:17
1013	17	4	00:03:17
997	17	4	00:03:17
989	17	4	00:03:17
989	17	4	00:03:17
954	17	4	00:03:17
843	17	4	00:03:17
711	17	4	00:03:17
673	17	4	00:03:17
649	17	4	00:03:17
628	17	4	00:03:17
638	17	4	00:03:17
652	17	4	00:03:17
757	17	4	00:03:17
1094	17	4	00:03:17
1070	17	4	00:03:17
1048	17	4	00:03:17
970	17	4	00:03:17
929	17	4	00:03:17
827	17	4	00:03:17
708	17	4	00:03:17
641	17	4	00:03:17
628	17	4	00:03:17
641	17	4	00:03:17
603	17	4	00:03:17
633	17	4	00:03:17
636	17	4	00:03:17
649	17	4	00:03:17
1172	17	4	00:03:17
1088	17	4	00:03:17
983	17	4	00:03:17
948	17	4	00:03:17
876	17	4	00:03:17
714	17	4	00:03:17
655	17	4	00:03:17
620	17	4	00:03:17
628	17	4	00:03:17
617	17	4	00:03:17
617	17	4	00:03:17
690	17	4	00:03:17
999	17	4	00:03:17
1018	17	4	00:03:17
1021	17	4	00:03:17
967	17	4	00:03:17
892	17	4	00:03:17
886	17	4	00:03:17
752	17	4	00:03:17
660	17	4	00:03:17
652	17	4	00:03:17
628	17	4	00:03:17
617	17	4	00:03:17
622	17	4	00:03:17
638	17	4	00:03:17
814	17	4	00:03:17
1002	17	4	00:03:17
986	17	4	00:03:17
967	17	4	00:03:17
919	17	4	00:03:17
878	17	4	00:03:17
819	17	4	00:03:17
708	17	4	00:03:17
649	17	4	00:03:17
644	17	4	00:03:17
628	17	4	00:03:17
625	17	4	00:03:17
649	17	4	00:03:17
714	17	4	00:03:17
1040	17	4	00:03:17
1037	17	4	00:03:17
970	17	4	00:03:17
911	17	4	00:03:17
878	17	4	00:03:17
840	17	4	00:03:17
760	17	4	00:03:17
660	17	4	00:03:17
620	17	4	00:03:17
638	17	4	00:03:17
601	17	4	00:03:17
636	17	4	00:03:17
663	17	4	00:03:17
811	17	4	00:03:17
1075	17	4	00:03:17
1021	17	4	00:03:17
927	17	4	00:03:17
873	17	4	00:03:17
838	17	4	00:03:17
773	17	4	00:03:17
681	17	4	00:03:17
628	17	4	00:03:17
644	17	4	00:03:17
603	17	4	00:03:17
595	17	4	00:03:17
673	17	4	00:03:17
932	17	4	00:03:17
1013	17	4	00:03:17
1115	17	4	00:03:17
1032	17	4	00:03:17
973	17	4	00:03:17
908	17	4	00:03:17
730	17	4	00:03:17
646	17	4	00:03:17
644	17	4	00:03:17
614	17	4	00:03:17
593	17	4	00:03:17
611	17	4	00:03:17
625	17	4	00:03:17
700	17	4	00:03:17
1078	17	4	00:03:17
1048	17	4	00:03:17
991	17	4	00:03:17
929	17	4	00:03:17
865	17	4	00:03:17
792	17	4	00:03:17
695	17	4	00:03:17
620	17	4	00:03:17
630	17	4	00:03:17
579	17	4	00:03:17
595	17	4	00:03:17
620	17	4	00:03:17
638	17	4	00:03:17
717	17	4	00:03:17
1051	17	4	00:03:17
1051	17	4	00:03:17
999	17	4	00:03:17
913	17	4	00:03:17
854	17	4	00:03:17
765	17	4	00:03:17
644	17	4	00:03:17
641	17	4	00:03:17
611	17	4	00:03:17
593	17	4	00:03:17
603	17	4	00:03:17
620	17	4	00:03:17
679	17	4	00:03:17
1016	17	4	00:03:17
1010	17	4	00:03:17
964	17	4	00:03:17
892	17	4	00:03:17
840	17	4	00:03:17
757	17	4	00:03:17
665	17	4	00:03:17
638	17	4	00:03:17
595	17	4	00:03:17
603	17	4	00:03:17
574	17	4	00:03:17
584	17	4	00:03:17
633	17	4	00:03:17
663	17	4	00:03:17
921	17	4	00:03:17
1040	17	4	00:03:17
1016	17	4	00:03:17
962	17	4	00:03:17
873	17	4	00:03:17
827	17	4	00:03:17
762	17	4	00:03:17
636	17	4	00:03:17
603	17	4	00:03:17
611	17	4	00:03:17
593	17	4	00:03:17
617	17	4	00:03:17
644	17	4	00:03:17
708	17	4	00:03:17
1051	17	4	00:03:17
1045	17	4	00:03:17
997	17	4	00:03:17
908	17	4	00:03:17
859	17	4	00:03:17
827	17	4	00:03:17
708	17	4	00:03:17
622	17	4	00:03:17
620	17	4	00:03:17
595	17	4	00:03:17
584	17	4	00:03:17
636	17	4	00:03:17
646	17	4	00:03:17
730	17	4	00:03:17
1032	17	4	00:03:17
1029	17	4	00:03:17
978	17	4	00:03:17
897	17	4	00:03:17
892	17	4	00:03:17
800	17	4	00:03:17
668	17	4	00:03:17
625	17	4	00:03:17
636	17	4	00:03:17
609	17	4	00:03:17
617	17	4	00:03:17
625	17	4	00:03:17
684	17	4	00:03:17
916	17	4	00:03:17
997	17	4	00:03:17
962	17	4	00:03:17
911	17	4	00:03:17
854	17	4	00:03:17
784	17	4	00:03:17
660	17	4	00:03:17
620	17	4	00:03:17
630	17	4	00:03:17
595	17	4	00:03:17
611	17	4	00:03:17
622	17	4	00:03:17
652	17	4	00:03:17
792	17	4	00:03:17
1115	17	4	00:03:17
1053	17	4	00:03:17
1024	17	4	00:03:17
948	17	4	00:03:17
916	17	4	00:03:17
800	17	4	00:03:17
679	17	4	00:03:17
638	17	4	00:03:17
638	17	4	00:03:17
625	17	4	00:03:17
614	17	4	00:03:17
646	17	4	00:03:17
706	17	4	00:03:17
1045	17	4	00:03:17
1051	17	4	00:03:17
973	17	4	00:03:17
935	17	4	00:03:17
908	17	4	00:03:17
843	17	4	00:03:17
752	17	4	00:03:17
657	17	4	00:03:17
622	17	4	00:03:17
628	17	4	00:03:17
595	17	4	00:03:17
630	17	4	00:03:17
684	17	4	00:03:17
908	17	4	00:03:17
1113	17	4	00:03:17
1064	17	4	00:03:17
978	17	4	00:03:17
911	17	4	00:03:17
867	17	4	00:03:17
727	17	4	00:03:17
663	17	4	00:03:17
625	17	4	00:03:17
598	17	4	00:03:17
620	17	4	00:03:17
636	17	4	00:03:17
668	17	4	00:03:17
937	17	4	00:03:17
1094	17	4	00:03:17
1051	17	4	00:03:17
1002	17	4	00:03:17
935	17	4	00:03:17
881	17	4	00:03:17
768	17	4	00:03:17
660	17	4	00:03:17
617	17	4	00:03:17
622	17	4	00:03:17
590	17	4	00:03:17
625	17	4	00:03:17
660	17	4	00:03:17
913	17	4	00:03:17
1123	17	4	00:03:17
1078	17	4	00:03:17
1018	17	4	00:03:17
937	17	4	00:03:17
911	17	4	00:03:17
738	17	4	00:03:17
649	17	4	00:03:17
657	17	4	00:03:17
622	17	4	00:03:17
622	17	4	00:03:17
628	17	4	00:03:17
673	17	4	00:03:17
735	17	4	00:03:17
1150	17	4	00:03:17
1083	17	4	00:03:17
1029	17	4	00:03:17
932	17	4	00:03:17
902	17	4	00:03:17
870	17	4	00:03:17
692	17	4	00:03:17
633	17	4	00:03:17
622	17	4	00:03:17
611	17	4	00:03:17
609	17	4	00:03:17
676	17	4	00:03:17
754	17	4	00:03:17
1153	17	4	00:03:17
1067	17	4	00:03:17
962	17	4	00:03:17
927	17	4	00:03:17
867	17	4	00:03:17
754	17	4	00:03:17
655	17	4	00:03:17
663	17	4	00:03:17
614	17	4	00:03:17
620	17	4	00:03:17
633	17	4	00:03:17
655	17	4	00:03:17
776	17	4	00:03:17
1134	17	4	00:03:17
1070	17	4	00:03:17
1008	17	4	00:03:17
902	17	4	00:03:17
857	17	4	00:03:17
787	17	4	00:03:17
671	17	4	00:03:17
614	17	4	00:03:17
620	17	4	00:03:17
590	17	4	00:03:17
628	17	4	00:03:17
655	17	4	00:03:17
816	17	4	00:03:17
1080	17	4	00:03:17
1078	17	4	00:03:17
991	17	4	00:03:17
946	17	4	00:03:17
859	17	4	00:03:17
760	17	4	00:03:17
649	17	4	00:03:17
622	17	4	00:03:17
582	17	4	00:03:17
611	17	4	00:03:17
574	17	4	00:03:17
614	17	4	00:03:17
655	17	4	00:03:17
805	17	4	00:03:17
1032	17	4	00:03:17
1037	17	4	00:03:17
954	17	4	00:03:17
859	17	4	00:03:17
805	17	4	00:03:17
746	17	4	00:03:17
625	17	4	00:03:17
598	17	4	00:03:17
595	17	4	00:03:17
555	17	4	00:03:17
590	17	4	00:03:17
576	17	4	00:03:17
611	17	4	00:03:17
665	17	4	00:03:17
859	17	4	00:03:17
927	17	4	00:03:17
908	17	4	00:03:17
884	17	4	00:03:17
822	17	4	00:03:17
795	17	4	00:03:17
698	17	4	00:03:17
598	17	4	00:03:17
606	17	4	00:03:17
568	17	4	00:03:17
574	17	4	00:03:17
587	17	4	00:03:17
582	17	4	00:03:17
657	17	4	00:03:17
730	17	4	00:03:17
962	17	4	00:03:17
981	17	4	00:03:17
983	17	4	00:03:17
894	17	4	00:03:17
838	17	4	00:03:17
811	17	4	00:03:17
668	17	4	00:03:17
609	17	4	00:03:17
609	17	4	00:03:17
593	17	4	00:03:17
574	17	4	00:03:17
611	17	4	00:03:17
628	17	4	00:03:17
752	17	4	00:03:17
929	17	4	00:03:17
975	17	4	00:03:17
997	17	4	00:03:17
913	17	4	00:03:17
824	17	4	00:03:17
795	17	4	00:03:17
655	17	4	00:03:17
638	17	4	00:03:17
614	17	4	00:03:17
593	17	4	00:03:17
606	17	4	00:03:17
622	17	4	00:03:17
692	17	4	00:03:17
827	17	4	00:03:17
1034	17	4	00:03:17
1037	17	4	00:03:17
1010	17	4	00:03:17
935	17	4	00:03:17
873	17	4	00:03:17
768	17	4	00:03:17
655	17	4	00:03:17
644	17	4	00:03:17
598	17	4	00:03:17
601	17	4	00:03:17
614	17	4	00:03:17
649	17	4	00:03:17
727	17	4	00:03:17
1067	17	4	00:03:17
1043	17	4	00:03:17
1070	17	4	00:03:17
981	17	4	00:03:17
924	17	4	00:03:17
776	17	4	00:03:17
706	17	4	00:03:17
630	17	4	00:03:17
633	17	4	00:03:17
601	17	4	00:03:17
614	17	4	00:03:17
665	17	4	00:03:17
749	17	4	00:03:17
1043	17	4	00:03:17
1034	17	4	00:03:17
1059	17	4	00:03:17
983	17	4	00:03:17
908	17	4	00:03:17
859	17	4	00:03:17
741	17	4	00:03:17
660	17	4	00:03:17
620	17	4	00:03:17
606	17	4	00:03:17
638	17	4	00:03:17
644	17	4	00:03:17
717	17	4	00:03:17
1140	17	4	00:03:17
1121	17	4	00:03:17
1061	17	4	00:03:17
989	17	4	00:03:17
849	17	4	00:03:17
760	17	4	00:03:17
668	17	4	00:03:17
630	17	4	00:03:17
633	17	4	00:03:17
611	17	4	00:03:17
598	17	4	00:03:17
652	17	4	00:03:17
698	17	4	00:03:17
1016	17	4	00:03:17
1123	17	4	00:03:17
1043	17	4	00:03:17
994	17	4	00:03:17
929	17	4	00:03:17
754	17	4	00:03:17
649	17	4	00:03:17
617	17	4	00:03:17
582	17	4	00:03:17
584	17	4	00:03:17
579	17	4	00:03:17
620	17	4	00:03:17
676	17	4	00:03:17
749	17	4	00:03:17
1078	17	4	00:03:17
1078	17	4	00:03:17
1002	17	4	00:03:17
959	17	4	00:03:17
870	17	4	00:03:17
805	17	4	00:03:17
690	17	4	00:03:17
628	17	4	00:03:17
598	17	4	00:03:17
606	17	4	00:03:17
609	17	4	00:03:17
625	17	4	00:03:17
671	17	4	00:03:17
681	17	4	00:03:17
1043	17	4	00:03:17
1018	17	4	00:03:17
994	17	4	00:03:17
908	17	4	00:03:17
878	17	4	00:03:17
819	17	4	00:03:17
717	17	4	00:03:17
625	17	4	00:03:17
609	17	4	00:03:17
614	17	4	00:03:17
520	17	4	00:03:17
741	17	4	00:03:17
641	17	4	00:03:17
741	17	4	00:03:17
1099	17	4	00:03:17
1010	17	4	00:03:17
959	17	4	00:03:17
892	17	4	00:03:17
749	17	4	00:03:17
684	17	4	00:03:17
617	17	4	00:03:17
620	17	4	00:03:17
622	17	4	00:03:17
622	17	4	00:03:17
690	17	4	00:03:17
973	17	4	00:03:17
964	17	4	00:03:17
1121	17	4	00:03:17
1018	17	4	00:03:17
951	17	4	00:03:17
754	17	4	00:03:17
660	17	4	00:03:17
622	17	4	00:03:17
633	17	4	00:03:17
606	17	4	00:03:17
614	17	4	00:03:17
603	17	4	00:03:17
638	17	4	00:03:17
779	17	4	00:03:17
999	17	4	00:03:17
1086	17	4	00:03:17
1002	17	4	00:03:17
973	17	4	00:03:17
943	17	4	00:03:17
881	17	4	00:03:17
838	17	4	00:03:17
698	17	4	00:03:17
628	17	4	00:03:17
636	17	4	00:03:17
614	17	4	00:03:17
630	17	4	00:03:17
668	17	4	00:03:17
727	17	4	00:03:17
1045	17	4	00:03:17
1059	17	4	00:03:17
1021	17	4	00:03:17
954	17	4	00:03:17
919	17	4	00:03:17
900	17	4	00:03:17
752	17	4	00:03:17
657	17	4	00:03:17
628	17	4	00:03:17
622	17	4	00:03:17
614	17	4	00:03:17
690	17	4	00:03:17
832	17	4	00:03:17
981	17	4	00:03:17
1051	17	4	00:03:17
1008	17	4	00:03:17
921	17	4	00:03:17
846	17	4	00:03:17
803	17	4	00:03:17
655	17	4	00:03:17
652	17	4	00:03:17
630	17	4	00:03:17
606	17	4	00:03:17
633	17	4	00:03:17
695	17	4	00:03:17
757	17	4	00:03:17
1010	17	4	00:03:17
1132	17	4	00:03:17
1016	17	4	00:03:17
927	17	4	00:03:17
889	17	4	00:03:17
800	17	4	00:03:17
698	17	4	00:03:17
641	17	4	00:03:17
603	17	4	00:03:17
630	17	4	00:03:17
609	17	4	00:03:17
625	17	4	00:03:17
687	17	4	00:03:17
811	17	4	00:03:17
1078	17	4	00:03:17
935	17	4	00:03:17
929	17	4	00:03:17
814	17	4	00:03:17
773	17	4	00:03:17
706	17	4	00:03:17
657	17	4	00:03:17
625	17	4	00:03:17
636	17	4	00:03:17
601	17	4	00:03:17
622	17	4	00:03:17
622	17	4	00:03:17
684	17	4	00:03:17
997	17	4	00:03:17
986	17	4	00:03:17
997	17	4	00:03:17
959	17	4	00:03:17
916	17	4	00:03:17
892	17	4	00:03:17
803	17	4	00:03:17
695	17	4	00:03:17
628	17	4	00:03:17
641	17	4	00:03:17
598	17	4	00:03:17
622	17	4	00:03:17
665	17	4	00:03:17
725	17	4	00:03:17
1024	17	4	00:03:17
989	17	4	00:03:17
967	17	4	00:03:17
892	17	4	00:03:17
870	17	4	00:03:17
822	17	4	00:03:17
727	17	4	00:03:17
630	17	4	00:03:17
633	17	4	00:03:17
620	17	4	00:03:17
603	17	4	00:03:17
641	17	4	00:03:17
738	17	4	00:03:17
1002	17	4	00:03:17
1043	17	4	00:03:17
981	17	4	00:03:17
886	17	4	00:03:17
886	17	4	00:03:17
854	17	4	00:03:17
733	17	4	00:03:17
668	17	4	00:03:17
628	17	4	00:03:17
620	17	4	00:03:17
603	17	4	00:03:17
614	17	4	00:03:17
649	17	4	00:03:17
706	17	4	00:03:17
1043	17	4	00:03:17
1008	17	4	00:03:17
956	17	4	00:03:17
911	17	4	00:03:17
881	17	4	00:03:17
776	17	4	00:03:17
695	17	4	00:03:17
622	17	4	00:03:17
606	17	4	00:03:17
620	17	4	00:03:17
603	17	4	00:03:17
628	17	4	00:03:17
649	17	4	00:03:17
757	17	4	00:03:17
1013	17	4	00:03:17
1008	17	4	00:03:17
924	17	4	00:03:17
897	17	4	00:03:17
854	17	4	00:03:17
787	17	4	00:03:17
668	17	4	00:03:17
628	17	4	00:03:17
636	17	4	00:03:17
598	17	4	00:03:17
611	17	4	00:03:17
641	17	4	00:03:17
676	17	4	00:03:17
943	17	4	00:03:17
989	17	4	00:03:17
943	17	4	00:03:17
881	17	4	00:03:17
870	17	4	00:03:17
832	17	4	00:03:17
765	17	4	00:03:17
655	17	4	00:03:17
636	17	4	00:03:17
611	17	4	00:03:17
593	17	4	00:03:17
628	17	4	00:03:17
630	17	4	00:03:17
676	17	4	00:03:17
1002	17	4	00:03:17
967	17	4	00:03:17
943	17	4	00:03:17
892	17	4	00:03:17
894	17	4	00:03:17
838	17	4	00:03:17
706	17	4	00:03:17
636	17	4	00:03:17
625	17	4	00:03:17
595	17	4	00:03:17
603	17	4	00:03:17
595	17	4	00:03:17
628	17	4	00:03:17
703	17	4	00:03:17
1010	17	4	00:03:17
973	17	4	00:03:17
943	17	4	00:03:17
873	17	4	00:03:17
711	17	4	00:03:17
663	17	4	00:03:17
636	17	4	00:03:17
587	17	4	00:03:17
609	17	4	00:03:17
576	17	4	00:03:17
582	17	4	00:03:17
587	17	4	00:03:17
628	17	4	00:03:17
838	17	4	00:03:17
983	17	4	00:03:17
1002	17	4	00:03:17
981	17	4	00:03:17
919	17	4	00:03:17
846	17	4	00:03:17
822	17	4	00:03:17
681	17	4	00:03:17
633	17	4	00:03:17
617	17	4	00:03:17
587	17	4	00:03:17
606	17	4	00:03:17
611	17	4	00:03:17
652	17	4	00:03:17
773	17	4	00:03:17
1021	17	4	00:03:17
989	17	4	00:03:17
929	17	4	00:03:17
873	17	4	00:03:17
819	17	4	00:03:17
792	17	4	00:03:17
684	17	4	00:03:17
649	17	4	00:03:17
603	17	4	00:03:17
611	17	4	00:03:17
590	17	4	00:03:17
593	17	4	00:03:17
644	17	4	00:03:17
681	17	4	00:03:17
870	17	4	00:03:17
1029	17	4	00:03:17
964	17	4	00:03:17
897	17	4	00:03:17
854	17	4	00:03:17
830	17	4	00:03:17
717	17	4	00:03:17
641	17	4	00:03:17
641	17	4	00:03:17
601	17	4	00:03:17
595	17	4	00:03:17
611	17	4	00:03:17
611	17	4	00:03:17
687	17	4	00:03:17
929	17	4	00:03:17
962	17	4	00:03:17
962	17	4	00:03:17
916	17	4	00:03:17
851	17	4	00:03:17
795	17	4	00:03:17
681	17	4	00:03:17
665	17	4	00:03:17
611	17	4	00:03:17
617	17	4	00:03:17
603	17	4	00:03:17
611	17	4	00:03:17
657	17	4	00:03:17
690	17	4	00:03:17
1026	17	4	00:03:17
986	17	4	00:03:17
951	17	4	00:03:17
884	17	4	00:03:17
843	17	4	00:03:17
832	17	4	00:03:17
733	17	4	00:03:17
641	17	4	00:03:17
606	17	4	00:03:17
625	17	4	00:03:17
603	17	4	00:03:17
606	17	4	00:03:17
638	17	4	00:03:17
722	17	4	00:03:17
1016	17	4	00:03:17
1037	17	4	00:03:17
964	17	4	00:03:17
870	17	4	00:03:17
835	17	4	00:03:17
789	17	4	00:03:17
660	17	4	00:03:17
617	17	4	00:03:17
628	17	4	00:03:17
595	17	4	00:03:17
595	17	4	00:03:17
606	17	4	00:03:17
700	17	4	00:03:17
973	17	4	00:03:17
1129	17	4	00:03:17
1048	17	4	00:03:17
1005	17	4	00:03:17
948	17	4	00:03:17
876	17	4	00:03:17
695	17	4	00:03:17
644	17	4	00:03:17
603	17	4	00:03:17
611	17	4	00:03:17
601	17	4	00:03:17
638	17	4	00:03:17
676	17	4	00:03:17
994	17	4	00:03:17
1080	17	4	00:03:17
1016	17	4	00:03:17
978	17	4	00:03:17
862	17	4	00:03:17
797	17	4	00:03:17
700	17	4	00:03:17
668	17	4	00:03:17
617	17	4	00:03:17
606	17	4	00:03:17
625	17	4	00:03:17
590	17	4	00:03:17
628	17	4	00:03:17
665	17	4	00:03:17
854	17	4	00:03:17
970	17	4	00:03:17
929	17	4	00:03:17
862	17	4	00:03:17
854	17	4	00:03:17
846	17	4	00:03:17
743	17	4	00:03:17
673	17	4	00:03:17
636	17	4	00:03:17
611	17	4	00:03:17
587	17	4	00:03:17
606	17	4	00:03:17
622	17	4	00:03:17
641	17	4	00:03:17
776	17	4	00:03:17
975	17	4	00:03:17
932	17	4	00:03:17
1013	17	4	00:03:17
878	17	4	00:03:17
808	17	4	00:03:17
795	17	4	00:03:17
690	17	4	00:03:17
633	17	4	00:03:17
609	17	4	00:03:17
620	17	4	00:03:17
593	17	4	00:03:17
614	17	4	00:03:17
657	17	4	00:03:17
684	17	4	00:03:17
1005	17	4	00:03:17
994	17	4	00:03:17
889	17	4	00:03:17
870	17	4	00:03:17
865	17	4	00:03:17
808	17	4	00:03:17
708	17	4	00:03:17
625	17	4	00:03:17
638	17	4	00:03:17
595	17	4	00:03:17
598	17	4	00:03:17
609	17	4	00:03:17
606	17	4	00:03:17
641	17	4	00:03:17
808	17	4	00:03:17
991	17	4	00:03:17
921	17	4	00:03:17
867	17	4	00:03:17
808	17	4	00:03:17
779	17	4	00:03:17
722	17	4	00:03:17
620	17	4	00:03:17
611	17	4	00:03:17
617	17	4	00:03:17
595	17	4	00:03:17
617	17	4	00:03:17
614	17	4	00:03:17
681	17	4	00:03:17
905	17	4	00:03:17
986	17	4	00:03:17
967	17	4	00:03:17
916	17	4	00:03:17
857	17	4	00:03:17
805	17	4	00:03:17
711	17	4	00:03:17
638	17	4	00:03:17
628	17	4	00:03:17
598	17	4	00:03:17
606	17	4	00:03:17
595	17	4	00:03:17
609	17	4	00:03:17
695	17	4	00:03:17
991	17	4	00:03:17
973	17	4	00:03:17
870	17	4	00:03:17
843	17	4	00:03:17
805	17	4	00:03:17
789	17	4	00:03:17
730	17	4	00:03:17
622	17	4	00:03:17
609	17	4	00:03:17
625	17	4	00:03:17
601	17	4	00:03:17
611	17	4	00:03:17
614	17	4	00:03:17
673	17	4	00:03:17
973	17	4	00:03:17
916	17	4	00:03:17
940	17	4	00:03:17
862	17	4	00:03:17
835	17	4	00:03:17
822	17	4	00:03:17
754	17	4	00:03:17
681	17	4	00:03:17
633	17	4	00:03:17
614	17	4	00:03:17
628	17	4	00:03:17
609	17	4	00:03:17
603	17	4	00:03:17
655	17	4	00:03:17
679	17	4	00:03:17
919	17	4	00:03:17
902	17	4	00:03:17
881	17	4	00:03:17
849	17	4	00:03:17
800	17	4	00:03:17
754	17	4	00:03:17
652	17	4	00:03:17
644	17	4	00:03:17
606	17	4	00:03:17
603	17	4	00:03:17
606	17	4	00:03:17
579	17	4	00:03:17
609	17	4	00:03:17
568	17	4	00:03:17
838	17	4	00:03:17
975	17	4	00:03:17
924	17	4	00:03:17
870	17	4	00:03:17
838	17	4	00:03:17
851	17	4	00:03:17
754	17	4	00:03:17
652	17	4	00:03:17
641	17	4	00:03:17
617	17	4	00:03:17
606	17	4	00:03:17
598	17	4	00:03:17
609	17	4	00:03:17
681	17	4	00:03:17
937	17	4	00:03:17
943	17	4	00:03:17
964	17	4	00:03:17
881	17	4	00:03:17
800	17	4	00:03:17
776	17	4	00:03:17
730	17	4	00:03:17
644	17	4	00:03:17
622	17	4	00:03:17
633	17	4	00:03:17
609	17	4	00:03:17
601	17	4	00:03:17
614	17	4	00:03:17
617	17	4	00:03:17
681	17	4	00:03:17
994	17	4	00:03:17
983	17	4	00:03:17
894	17	4	00:03:17
881	17	4	00:03:17
816	17	4	00:03:17
752	17	4	00:03:17
679	17	4	00:03:17
630	17	4	00:03:17
606	17	4	00:03:17
620	17	4	00:03:17
609	17	4	00:03:17
609	17	4	00:03:17
649	17	4	00:03:17
692	17	4	00:03:17
991	17	4	00:03:17
964	17	4	00:03:17
929	17	4	00:03:17
870	17	4	00:03:17
849	17	4	00:03:17
811	17	4	00:03:17
671	17	4	00:03:17
628	17	4	00:03:17
636	17	4	00:03:17
611	17	4	00:03:17
598	17	4	00:03:17
606	17	4	00:03:17
649	17	4	00:03:17
743	17	4	00:03:17
951	17	4	00:03:17
900	17	4	00:03:17
857	17	4	00:03:17
838	17	4	00:03:17
784	17	4	00:03:17
738	17	4	00:03:17
695	17	4	00:03:17
630	17	4	00:03:17
611	17	4	00:03:17
630	17	4	00:03:17
603	17	4	00:03:17
603	17	4	00:03:17
601	17	4	00:03:17
622	17	4	00:03:17
765	17	4	00:03:17
932	17	4	00:03:17
932	17	4	00:03:17
916	17	4	00:03:17
843	17	4	00:03:17
770	17	4	00:03:17
735	17	4	00:03:17
681	17	4	00:03:17
628	17	4	00:03:17
614	17	4	00:03:17
620	17	4	00:03:17
576	17	4	00:03:17
598	17	4	00:03:17
614	17	4	00:03:17
649	17	4	00:03:17
779	17	4	00:03:17
999	17	4	00:03:17
943	17	4	00:03:17
878	17	4	00:03:17
819	17	4	00:03:17
792	17	4	00:03:17
692	17	4	00:03:17
652	17	4	00:03:17
603	17	4	00:03:17
617	17	4	00:03:17
614	17	4	00:03:17
595	17	4	00:03:17
633	17	4	00:03:17
673	17	4	00:03:17
803	17	4	00:03:17
975	17	4	00:03:17
892	17	4	00:03:17
857	17	4	00:03:17
816	17	4	00:03:17
808	17	4	00:03:17
743	17	4	00:03:17
646	17	4	00:03:17
641	17	4	00:03:17
598	17	4	00:03:17
614	17	4	00:03:17
593	17	4	00:03:17
598	17	4	00:03:17
636	17	4	00:03:17
644	17	4	00:03:17
889	17	4	00:03:17
959	17	4	00:03:17
878	17	4	00:03:17
878	17	4	00:03:17
824	17	4	00:03:17
779	17	4	00:03:17
687	17	4	00:03:17
649	17	4	00:03:17
617	17	4	00:03:17
601	17	4	00:03:17
617	17	4	00:03:17
606	17	4	00:03:17
625	17	4	00:03:17
684	17	4	00:03:17
1018	17	4	00:03:17
927	17	4	00:03:17
932	17	4	00:03:17
867	17	4	00:03:17
808	17	4	00:03:17
789	17	4	00:03:17
722	17	4	00:03:17
620	17	4	00:03:17
601	17	4	00:03:17
628	17	4	00:03:17
598	17	4	00:03:17
601	17	4	00:03:17
617	17	4	00:03:17
630	17	4	00:03:17
876	17	4	00:03:17
973	17	4	00:03:17
919	17	4	00:03:17
873	17	4	00:03:17
870	17	4	00:03:17
816	17	4	00:03:17
743	17	4	00:03:17
668	17	4	00:03:17
622	17	4	00:03:17
606	17	4	00:03:17
620	17	4	00:03:17
582	17	4	00:03:17
611	17	4	00:03:17
657	17	4	00:03:17
857	17	4	00:03:17
991	17	4	00:03:17
1005	17	4	00:03:17
962	17	4	00:03:17
894	17	4	00:03:17
827	17	4	00:03:17
765	17	4	00:03:17
652	17	4	00:03:17
611	17	4	00:03:17
617	17	4	00:03:17
595	17	4	00:03:17
587	17	4	00:03:17
625	17	4	00:03:17
633	17	4	00:03:17
754	17	4	00:03:17
967	17	4	00:03:17
1005	17	4	00:03:17
973	17	4	00:03:17
889	17	4	00:03:17
859	17	4	00:03:17
770	17	4	00:03:17
638	17	4	00:03:17
649	17	4	00:03:17
620	17	4	00:03:17
595	17	4	00:03:17
611	17	4	00:03:17
611	17	4	00:03:17
652	17	4	00:03:17
700	17	4	00:03:17
1010	17	4	00:03:17
916	17	4	00:03:17
846	17	4	00:03:17
808	17	4	00:03:17
787	17	4	00:03:17
789	17	4	00:03:17
673	17	4	00:03:17
622	17	4	00:03:17
638	17	4	00:03:17
593	17	4	00:03:17
603	17	4	00:03:17
603	17	4	00:03:17
603	17	4	00:03:17
663	17	4	00:03:17
849	17	4	00:03:17
954	17	4	00:03:17
946	17	4	00:03:17
889	17	4	00:03:17
840	17	4	00:03:17
819	17	4	00:03:17
719	17	4	00:03:17
630	17	4	00:03:17
614	17	4	00:03:17
638	17	4	00:03:17
601	17	4	00:03:17
614	17	4	00:03:17
622	17	4	00:03:17
649	17	4	00:03:17
752	17	4	00:03:17
946	17	4	00:03:17
929	17	4	00:03:17
873	17	4	00:03:17
830	17	4	00:03:17
811	17	4	00:03:17
760	17	4	00:03:17
684	17	4	00:03:17
622	17	4	00:03:17
603	17	4	00:03:17
622	17	4	00:03:17
603	17	4	00:03:17
611	17	4	00:03:17
681	17	4	00:03:17
908	17	4	00:03:17
994	17	4	00:03:17
924	17	4	00:03:17
929	17	4	00:03:17
849	17	4	00:03:17
787	17	4	00:03:17
738	17	4	00:03:17
646	17	4	00:03:17
611	17	4	00:03:17
628	17	4	00:03:17
609	17	4	00:03:17
611	17	4	00:03:17
625	17	4	00:03:17
665	17	4	00:03:17
630	17	4	00:03:17
722	17	4	00:03:17
1034	17	4	00:03:17
913	17	4	00:03:17
859	17	4	00:03:17
814	17	4	00:03:17
741	17	4	00:03:17
671	17	4	00:03:17
611	17	4	00:03:17
620	17	4	00:03:17
606	17	4	00:03:17
587	17	4	00:03:17
611	17	4	00:03:17
617	17	4	00:03:17
681	17	4	00:03:17
924	17	4	00:03:17
873	17	4	00:03:17
908	17	4	00:03:17
849	17	4	00:03:17
811	17	4	00:03:17
795	17	4	00:03:17
738	17	4	00:03:17
676	17	4	00:03:17
611	17	4	00:03:17
630	17	4	00:03:17
617	17	4	00:03:17
579	17	4	00:03:17
614	17	4	00:03:17
644	17	4	00:03:17
754	17	4	00:03:17
884	17	4	00:03:17
889	17	4	00:03:17
849	17	4	00:03:17
824	17	4	00:03:17
803	17	4	00:03:17
708	17	4	00:03:17
676	17	4	00:03:17
630	17	4	00:03:17
601	17	4	00:03:17
617	17	4	00:03:17
598	17	4	00:03:17
606	17	4	00:03:17
614	17	4	00:03:17
636	17	4	00:03:17
722	17	4	00:03:17
989	17	4	00:03:17
983	17	4	00:03:17
983	17	4	00:03:17
913	17	4	00:03:17
870	17	4	00:03:17
754	17	4	00:03:17
655	17	4	00:03:17
660	17	4	00:03:17
609	17	4	00:03:17
614	17	4	00:03:17
595	17	4	00:03:17
593	17	4	00:03:17
660	17	4	00:03:17
752	17	4	00:03:17
1026	17	4	00:03:17
975	17	4	00:03:17
873	17	4	00:03:17
808	17	4	00:03:17
765	17	4	00:03:17
733	17	4	00:03:17
671	17	4	00:03:17
614	17	4	00:03:17
628	17	4	00:03:17
598	17	4	00:03:17
606	17	4	00:03:17
620	17	4	00:03:17
622	17	4	00:03:17
760	17	4	00:03:17
935	17	4	00:03:17
900	17	4	00:03:17
878	17	4	00:03:17
803	17	4	00:03:17
781	17	4	00:03:17
762	17	4	00:03:17
681	17	4	00:03:17
617	17	4	00:03:17
622	17	4	00:03:17
609	17	4	00:03:17
579	17	4	00:03:17
606	17	4	00:03:17
614	17	4	00:03:17
660	17	4	00:03:17
779	17	4	00:03:17
921	17	4	00:03:17
916	17	4	00:03:17
881	17	4	00:03:17
803	17	4	00:03:17
773	17	4	00:03:17
768	17	4	00:03:17
681	17	4	00:03:17
614	17	4	00:03:17
625	17	4	00:03:17
606	17	4	00:03:17
595	17	4	00:03:17
590	17	4	00:03:17
611	17	4	00:03:17
681	17	4	00:03:17
830	17	4	00:03:17
881	17	4	00:03:17
878	17	4	00:03:17
886	17	4	00:03:17
849	17	4	00:03:17
824	17	4	00:03:17
762	17	4	00:03:17
595	17	4	17:27:19
566	17	4	17:27:19
703	17	4	17:27:19
937	17	4	17:27:19
913	17	4	17:27:19
905	17	4	17:27:19
867	17	4	17:27:19
851	17	4	17:27:19
773	17	4	17:27:19
703	17	4	17:27:19
633	17	4	17:27:19
582	17	4	17:27:19
611	17	4	17:27:19
603	17	4	17:27:19
630	17	4	17:27:19
660	17	4	17:27:19
770	17	4	17:27:19
913	17	4	17:27:19
908	17	4	17:27:19
886	17	4	17:27:19
857	17	4	17:27:19
743	17	4	17:27:19
652	17	4	17:27:19
601	17	4	17:27:19
609	17	4	17:27:19
560	17	4	17:27:19
579	17	4	17:27:19
555	17	4	17:27:19
636	17	4	17:27:19
690	17	4	17:27:19
840	17	4	17:27:19
849	17	4	17:27:19
867	17	4	17:27:19
905	17	4	17:27:19
911	17	4	17:27:19
876	17	4	17:27:19
816	17	4	17:27:19
746	17	4	17:27:19
660	17	4	17:27:19
622	17	4	17:27:19
593	17	4	17:27:19
584	17	4	17:27:19
582	17	4	17:27:19
587	17	4	17:27:19
690	17	4	17:27:19
765	17	4	17:27:19
838	17	4	17:27:19
946	17	4	17:27:19
822	17	4	17:27:19
770	17	4	17:27:19
714	17	4	17:27:19
657	17	4	17:27:19
622	17	4	17:27:19
620	17	4	17:27:19
566	17	4	17:27:19
582	17	4	17:27:19
552	17	4	17:27:19
595	17	4	17:27:19
665	17	4	17:27:19
929	17	4	17:27:19
865	17	4	17:27:19
876	17	4	17:27:19
943	17	4	17:27:19
905	17	4	17:27:19
876	17	4	17:27:19
854	17	4	17:27:19
760	17	4	17:27:19
620	17	4	17:27:19
617	17	4	17:27:19
576	17	4	17:27:19
552	17	4	17:27:19
601	17	4	17:27:19
628	17	4	17:27:19
746	17	4	17:27:19
808	17	4	17:27:19
870	17	4	17:27:19
913	17	4	17:27:19
849	17	4	17:27:19
846	17	4	17:27:19
781	17	4	17:27:19
781	17	4	17:27:19
673	17	4	17:27:19
606	17	4	17:27:19
598	17	4	17:27:19
571	17	4	17:27:19
568	17	4	17:27:19
566	17	4	17:27:19
684	17	4	17:27:19
892	17	4	17:27:19
854	17	4	17:27:19
878	17	4	17:27:19
854	17	4	17:27:19
803	17	4	17:27:19
660	17	4	17:27:19
630	17	4	17:27:19
620	17	4	17:27:19
582	17	4	17:27:19
593	17	4	17:27:19
549	17	4	17:27:19
579	17	4	17:27:19
587	17	4	17:27:19
625	17	4	17:27:19
684	17	4	17:27:19
776	17	4	17:27:19
886	17	4	17:27:19
889	17	4	17:27:19
865	17	4	17:27:19
835	17	4	17:27:19
776	17	4	17:27:19
787	17	4	17:27:19
695	17	4	17:27:19
646	17	4	17:27:19
611	17	4	17:27:19
576	17	4	17:27:19
595	17	4	17:27:19
611	17	4	17:27:19
727	17	4	17:27:19
859	17	4	17:27:19
897	17	4	17:27:19
932	17	4	17:27:19
838	17	4	17:27:19
757	17	4	17:27:19
706	17	4	17:27:19
681	17	4	17:27:19
633	17	4	17:27:19
614	17	4	17:27:19
595	17	4	17:27:19
571	17	4	17:27:19
579	17	4	17:27:19
598	17	4	17:27:19
719	17	4	17:27:19
757	17	4	17:27:19
814	17	4	17:27:19
787	17	4	17:27:19
838	17	4	17:27:19
803	17	4	17:27:19
787	17	4	17:27:19
727	17	4	17:27:19
679	17	4	17:27:19
652	17	4	17:27:19
579	17	4	17:27:19
579	17	4	17:27:19
598	17	4	17:27:19
549	17	4	17:27:19
574	17	4	17:27:19
611	17	4	17:27:19
633	17	4	17:27:19
762	17	4	17:27:19
792	17	4	17:27:19
840	17	4	17:27:19
824	17	4	17:27:19
797	17	4	17:27:19
784	17	4	17:27:19
727	17	4	17:27:19
703	17	4	17:27:19
660	17	4	17:27:19
633	17	4	17:27:19
584	17	4	17:27:19
587	17	4	17:27:19
579	17	4	17:27:19
655	17	4	17:27:19
671	17	4	17:27:19
846	17	4	17:27:19
819	17	4	17:27:19
827	17	4	17:27:19
811	17	4	17:27:19
814	17	4	17:27:19
746	17	4	17:27:19
725	17	4	17:27:19
706	17	4	17:27:19
663	17	4	17:27:19
606	17	4	17:27:19
603	17	4	17:27:19
574	17	4	17:27:19
560	17	4	17:27:19
641	17	4	17:27:19
690	17	4	17:27:19
805	17	4	17:27:19
800	17	4	17:27:19
827	17	4	17:27:19
803	17	4	17:27:19
760	17	4	17:27:19
722	17	4	17:27:19
727	17	4	17:27:19
673	17	4	17:27:19
609	17	4	17:27:19
617	17	4	17:27:19
587	17	4	17:27:19
576	17	4	17:27:19
563	17	4	17:27:19
590	17	4	17:27:19
679	17	4	17:27:19
687	17	4	17:27:19
711	17	4	17:27:19
752	17	4	17:27:19
760	17	4	17:27:19
776	17	4	17:27:19
770	17	4	17:27:19
714	17	4	17:27:19
738	17	4	17:27:19
655	17	4	17:27:19
611	17	4	17:27:19
628	17	4	17:27:19
571	17	4	17:27:19
590	17	4	17:27:19
638	17	4	17:27:19
652	17	4	17:27:19
768	17	4	17:27:19
838	17	4	17:27:19
808	17	4	17:27:19
811	17	4	17:27:19
792	17	4	17:27:19
770	17	4	17:27:19
719	17	4	17:27:19
665	17	4	17:27:19
609	17	4	17:27:19
593	17	4	17:27:19
571	17	4	17:27:19
579	17	4	17:27:19
568	17	4	17:27:19
606	17	4	17:27:19
609	17	4	17:27:19
676	17	4	17:27:19
762	17	4	17:27:19
754	17	4	17:27:19
800	17	4	17:27:19
765	17	4	17:27:19
773	17	4	17:27:19
770	17	4	17:27:19
711	17	4	17:27:19
684	17	4	17:27:19
999	17	4	17:27:19
749	17	4	17:27:19
598	17	4	17:27:19
595	17	4	17:27:19
644	17	4	17:27:19
590	17	4	17:27:19
576	17	4	17:27:19
614	17	4	17:27:19
606	17	4	17:27:19
644	17	4	17:27:19
622	17	4	17:27:19
611	17	4	17:27:19
652	17	4	17:27:19
655	17	4	17:27:19
644	17	4	17:27:19
655	17	4	17:27:19
601	17	4	17:27:19
595	17	4	17:27:19
584	17	4	17:27:19
558	17	4	17:27:19
606	17	4	17:27:19
687	17	4	17:27:19
752	17	4	17:27:19
911	17	4	17:27:19
854	17	4	17:27:19
803	17	4	17:27:19
760	17	4	17:27:19
733	17	4	17:27:19
711	17	4	17:27:19
687	17	4	17:27:19
636	17	4	17:27:19
609	17	4	17:27:19
587	17	4	17:27:19
574	17	4	17:27:19
587	17	4	17:27:19
576	17	4	17:27:19
652	17	4	17:27:19
679	17	4	17:27:19
752	17	4	17:27:19
746	17	4	17:27:19
787	17	4	17:27:19
749	17	4	17:27:19
776	17	4	17:27:19
727	17	4	17:27:19
711	17	4	17:27:19
690	17	4	17:27:19
595	17	4	17:27:19
609	17	4	17:27:19
576	17	4	17:27:19
558	17	4	17:27:19
574	17	4	17:27:19
574	17	4	17:27:19
622	17	4	17:27:19
663	17	4	17:27:19
741	17	4	17:27:19
754	17	4	17:27:19
789	17	4	17:27:19
773	17	4	17:27:19
752	17	4	17:27:19
725	17	4	17:27:19
743	17	4	17:27:19
660	17	4	17:27:19
614	17	4	17:27:19
628	17	4	17:27:19
579	17	4	17:27:19
579	17	4	17:27:19
598	17	4	17:27:19
622	17	4	17:27:19
700	17	4	17:27:19
838	17	4	17:27:19
805	17	4	17:27:19
827	17	4	17:27:19
814	17	4	17:27:19
787	17	4	17:27:19
741	17	4	17:27:19
714	17	4	17:27:19
665	17	4	17:27:19
644	17	4	17:27:19
611	17	4	17:27:19
601	17	4	17:27:19
568	17	4	17:27:19
584	17	4	17:27:19
638	17	4	17:27:19
649	17	4	17:27:19
795	17	4	17:27:19
773	17	4	17:27:19
784	17	4	17:27:19
779	17	4	17:27:19
752	17	4	17:27:19
733	17	4	17:27:19
719	17	4	17:27:19
681	17	4	17:27:19
606	17	4	17:27:19
611	17	4	17:27:19
579	17	4	17:27:19
595	17	4	17:27:19
601	17	4	17:27:19
660	17	4	17:27:19
770	17	4	17:27:19
776	17	4	17:27:19
792	17	4	17:27:19
779	17	4	17:27:19
784	17	4	17:27:19
743	17	4	17:27:19
684	17	4	17:27:19
590	17	4	17:27:19
644	17	4	17:27:19
584	17	4	17:27:19
595	17	4	17:27:19
563	17	4	17:27:19
566	17	4	17:27:19
555	17	4	17:27:19
609	17	4	17:27:19
698	17	4	17:27:19
838	17	4	17:27:19
862	17	4	17:27:19
830	17	4	17:27:19
822	17	4	17:27:19
784	17	4	17:27:19
765	17	4	17:27:19
722	17	4	17:27:19
700	17	4	17:27:19
663	17	4	17:27:19
622	17	4	17:27:19
579	17	4	17:27:19
595	17	4	17:27:19
582	17	4	17:27:19
646	17	4	17:27:19
665	17	4	17:27:19
752	17	4	17:27:19
822	17	4	17:27:19
832	17	4	17:27:19
827	17	4	17:27:19
789	17	4	17:27:19
752	17	4	17:27:19
706	17	4	17:27:19
725	17	4	17:27:19
625	17	4	17:27:19
609	17	4	17:27:19
609	17	4	17:27:19
579	17	4	17:27:19
598	17	4	17:27:19
630	17	4	17:27:19
655	17	4	17:27:19
757	17	4	17:27:19
797	17	4	17:27:19
784	17	4	17:27:19
779	17	4	17:27:19
787	17	4	17:27:19
770	17	4	17:27:19
719	17	4	17:27:19
676	17	4	17:27:19
649	17	4	17:27:19
614	17	4	17:27:19
582	17	4	17:27:19
598	17	4	17:27:19
590	17	4	17:27:19
620	17	4	17:27:19
628	17	4	17:27:19
695	17	4	17:27:19
808	17	4	17:27:19
811	17	4	17:27:19
805	17	4	17:27:19
781	17	4	17:27:19
722	17	4	17:27:19
735	17	4	17:27:19
695	17	4	17:27:19
638	17	4	17:27:19
606	17	4	17:27:19
584	17	4	17:27:19
552	17	4	17:27:19
582	17	4	17:27:19
590	17	4	17:27:19
657	17	4	17:27:19
652	17	4	17:27:19
727	17	4	17:27:19
757	17	4	17:27:19
827	17	4	17:27:19
776	17	4	17:27:19
735	17	4	17:27:19
698	17	4	17:27:19
692	17	4	17:27:19
652	17	4	17:27:19
606	17	4	17:27:19
620	17	4	17:27:19
587	17	4	17:27:19
587	17	4	17:27:19
566	17	4	17:27:19
590	17	4	17:27:19
660	17	4	17:27:19
719	17	4	17:27:19
762	17	4	17:27:19
776	17	4	17:27:19
749	17	4	17:27:19
787	17	4	17:27:19
741	17	4	17:27:19
730	17	4	17:27:19
636	17	4	17:27:19
614	17	4	17:27:19
617	17	4	17:27:19
576	17	4	17:27:19
574	17	4	17:27:19
587	17	4	17:27:19
571	17	4	17:27:19
633	17	4	17:27:19
630	17	4	17:27:19
738	17	4	17:27:19
770	17	4	17:27:19
789	17	4	17:27:19
776	17	4	17:27:19
811	17	4	17:27:19
770	17	4	17:27:19
743	17	4	17:27:19
700	17	4	17:27:19
665	17	4	17:27:19
636	17	4	17:27:19
601	17	4	17:27:19
563	17	4	17:27:19
614	17	4	17:27:19
628	17	4	17:27:19
652	17	4	17:27:19
757	17	4	17:27:19
765	17	4	17:27:19
787	17	4	17:27:19
819	17	4	17:27:19
811	17	4	17:27:19
754	17	4	17:27:19
711	17	4	17:27:19
690	17	4	17:27:19
660	17	4	17:27:19
603	17	4	17:27:19
590	17	4	17:27:19
595	17	4	17:27:19
609	17	4	17:27:19
671	17	4	17:27:19
684	17	4	17:27:19
830	17	4	17:27:19
811	17	4	17:27:19
795	17	4	17:27:19
805	17	4	17:27:19
749	17	4	17:27:19
727	17	4	17:27:19
695	17	4	17:27:19
681	17	4	17:27:19
614	17	4	17:27:19
620	17	4	17:27:19
584	17	4	17:27:19
558	17	4	17:27:19
625	17	4	17:27:19
628	17	4	17:27:19
733	17	4	17:27:19
803	17	4	17:27:19
797	17	4	17:27:19
787	17	4	17:27:19
765	17	4	17:27:19
714	17	4	17:27:19
727	17	4	17:27:19
690	17	4	17:27:19
633	17	4	17:27:19
620	17	4	17:27:19
593	17	4	17:27:19
590	17	4	17:27:19
574	17	4	17:27:19
593	17	4	17:27:19
652	17	4	17:27:19
711	17	4	17:27:19
776	17	4	17:27:19
792	17	4	17:27:19
824	17	4	17:27:19
773	17	4	17:27:19
738	17	4	17:27:19
719	17	4	17:27:19
703	17	4	17:27:19
630	17	4	17:27:19
603	17	4	17:27:19
611	17	4	17:27:19
584	17	4	17:27:19
576	17	4	17:27:19
568	17	4	17:27:19
579	17	4	17:27:19
700	17	4	17:27:19
859	17	4	17:27:19
867	17	4	17:27:19
819	17	4	17:27:19
797	17	4	17:27:19
733	17	4	17:27:19
663	17	4	17:27:19
633	17	4	17:27:19
630	17	4	17:27:19
582	17	4	17:27:19
579	17	4	17:27:19
587	17	4	17:27:19
560	17	4	17:27:19
582	17	4	17:27:19
595	17	4	17:27:19
638	17	4	17:27:19
655	17	4	17:27:19
708	17	4	17:27:19
725	17	4	17:27:19
779	17	4	17:27:19
743	17	4	17:27:19
749	17	4	17:27:19
730	17	4	17:27:19
722	17	4	17:27:19
708	17	4	17:27:19
609	17	4	17:27:19
617	17	4	17:27:19
593	17	4	17:27:19
576	17	4	17:27:19
582	17	4	17:27:19
595	17	4	17:27:19
636	17	4	17:27:19
620	17	4	17:27:19
700	17	4	17:27:19
765	17	4	17:27:19
762	17	4	17:27:19
768	17	4	17:27:19
741	17	4	17:27:19
752	17	4	17:27:19
700	17	4	17:27:19
655	17	4	17:27:19
620	17	4	17:27:19
598	17	4	17:27:19
582	17	4	17:27:19
590	17	4	17:27:19
584	17	4	17:27:19
641	17	4	17:27:19
679	17	4	17:27:19
770	17	4	17:27:19
781	17	4	17:27:19
795	17	4	17:27:19
811	17	4	17:27:19
789	17	4	17:27:19
743	17	4	17:27:19
725	17	4	17:27:19
708	17	4	17:27:19
622	17	4	17:27:19
606	17	4	17:27:19
625	17	4	17:27:19
579	17	4	17:27:19
598	17	4	17:27:19
633	17	4	17:27:19
668	17	4	17:27:19
738	17	4	17:27:19
768	17	4	17:27:19
789	17	4	17:27:19
779	17	4	17:27:19
757	17	4	17:27:19
749	17	4	17:27:19
692	17	4	17:27:19
655	17	4	17:27:19
630	17	4	17:27:19
603	17	4	17:27:19
584	17	4	17:27:19
611	17	4	17:27:19
574	17	4	17:27:19
622	17	4	17:27:19
630	17	4	17:27:19
668	17	4	17:27:19
768	17	4	17:27:19
735	17	4	17:27:19
808	17	4	17:27:19
773	17	4	17:27:19
746	17	4	17:27:19
738	17	4	17:27:19
692	17	4	17:27:19
644	17	4	17:27:19
638	17	4	17:27:19
606	17	4	17:27:19
601	17	4	17:27:19
601	17	4	17:27:19
595	17	4	17:27:19
630	17	4	17:27:19
649	17	4	17:27:19
698	17	4	17:27:19
754	17	4	17:27:19
762	17	4	17:27:19
776	17	4	17:27:19
717	17	4	17:27:19
741	17	4	17:27:19
708	17	4	17:27:19
673	17	4	17:27:19
633	17	4	17:27:19
620	17	4	17:27:19
584	17	4	17:27:19
595	17	4	17:27:19
595	17	4	17:27:19
622	17	4	17:27:19
684	17	4	17:27:19
727	17	4	17:27:19
730	17	4	17:27:19
803	17	4	17:27:19
773	17	4	17:27:19
762	17	4	17:27:19
752	17	4	17:27:19
714	17	4	17:27:19
698	17	4	17:27:19
628	17	4	17:27:19
617	17	4	17:27:19
595	17	4	17:27:19
582	17	4	17:27:19
601	17	4	17:27:19
614	17	4	17:27:19
633	17	4	17:27:19
711	17	4	17:27:19
752	17	4	17:27:19
849	17	4	17:27:19
840	17	4	17:27:19
811	17	4	17:27:19
727	17	4	17:27:19
671	17	4	17:27:19
630	17	4	17:27:19
614	17	4	17:27:19
593	17	4	17:27:19
593	17	4	17:27:19
568	17	4	17:27:19
566	17	4	17:27:19
601	17	4	17:27:19
609	17	4	17:27:19
660	17	4	17:27:19
692	17	4	17:27:19
735	17	4	17:27:19
784	17	4	17:27:19
776	17	4	17:27:19
733	17	4	17:27:19
703	17	4	17:27:19
681	17	4	17:27:19
681	17	4	17:27:19
609	17	4	17:27:19
611	17	4	17:27:19
587	17	4	17:27:19
568	17	4	17:27:19
576	17	4	17:27:19
593	17	4	17:27:19
622	17	4	17:27:19
663	17	4	17:27:19
703	17	4	17:27:19
735	17	4	17:27:19
757	17	4	17:27:19
738	17	4	17:27:19
706	17	4	17:27:19
698	17	4	17:27:19
673	17	4	17:27:19
601	17	4	17:27:19
609	17	4	17:27:19
595	17	4	17:27:19
552	17	4	17:27:19
584	17	4	17:27:19
587	17	4	17:27:19
620	17	4	17:27:19
644	17	4	17:27:19
695	17	4	17:27:19
827	17	4	17:27:19
830	17	4	17:27:19
779	17	4	17:27:19
765	17	4	17:27:19
746	17	4	17:27:19
741	17	4	17:27:19
711	17	4	17:27:19
638	17	4	17:27:19
628	17	4	17:27:19
606	17	4	17:27:19
576	17	4	17:27:19
595	17	4	17:27:19
614	17	4	17:27:19
681	17	4	17:27:19
749	17	4	17:27:19
816	17	4	17:27:19
838	17	4	17:27:19
832	17	4	17:27:19
811	17	4	17:27:19
779	17	4	17:27:19
738	17	4	17:27:19
690	17	4	17:27:19
649	17	4	17:27:19
603	17	4	17:27:19
582	17	4	17:27:19
595	17	4	17:27:19
587	17	4	17:27:19
636	17	4	17:27:19
665	17	4	17:27:19
681	17	4	17:27:19
773	17	4	17:27:19
827	17	4	17:27:19
830	17	4	17:27:19
803	17	4	17:27:19
738	17	4	17:27:19
690	17	4	17:27:19
706	17	4	17:27:19
622	17	4	17:27:19
606	17	4	17:27:19
598	17	4	17:27:19
576	17	4	17:27:19
595	17	4	17:27:19
614	17	4	17:27:19
625	17	4	17:27:19
711	17	4	17:27:19
749	17	4	17:27:19
752	17	4	17:27:19
795	17	4	17:27:19
800	17	4	17:27:19
752	17	4	17:27:19
714	17	4	17:27:19
690	17	4	17:27:19
660	17	4	17:27:19
595	17	4	17:27:19
609	17	4	17:27:19
582	17	4	17:27:19
563	17	4	17:27:19
609	17	4	17:27:19
644	17	4	17:27:19
687	17	4	17:27:19
749	17	4	17:27:19
779	17	4	17:27:19
808	17	4	17:27:19
797	17	4	17:27:19
787	17	4	17:27:19
725	17	4	17:27:19
717	17	4	17:27:19
663	17	4	17:27:19
646	17	4	17:27:19
598	17	4	17:27:19
611	17	4	17:27:19
579	17	4	17:27:19
593	17	4	17:27:19
622	17	4	17:27:19
636	17	4	17:27:19
687	17	4	17:27:19
754	17	4	17:27:19
779	17	4	17:27:19
800	17	4	17:27:19
789	17	4	17:27:19
762	17	4	17:27:19
717	17	4	17:27:19
671	17	4	17:27:19
609	17	4	17:27:19
628	17	4	17:27:19
582	17	4	17:27:19
593	17	4	17:27:19
590	17	4	17:27:19
601	17	4	17:27:19
671	17	4	17:27:19
730	17	4	17:27:19
843	17	4	17:27:19
859	17	4	17:27:19
859	17	4	17:27:19
824	17	4	17:27:19
784	17	4	17:27:19
765	17	4	17:27:19
698	17	4	17:27:19
660	17	4	17:27:19
606	17	4	17:27:19
595	17	4	17:27:19
582	17	4	17:27:19
566	17	4	17:27:19
625	17	4	17:27:19
665	17	4	17:27:19
722	17	4	17:27:19
787	17	4	17:27:19
803	17	4	17:27:19
854	17	4	17:27:19
803	17	4	17:27:19
743	17	4	17:27:19
733	17	4	17:27:19
665	17	4	17:27:19
590	17	4	17:27:19
595	17	4	17:27:19
563	17	4	17:27:19
571	17	4	17:27:19
566	17	4	17:27:19
593	17	4	17:27:19
625	17	4	17:27:19
671	17	4	17:27:19
768	17	4	17:27:19
803	17	4	17:27:19
770	17	4	17:27:19
746	17	4	17:27:19
706	17	4	17:27:19
700	17	4	17:27:19
673	17	4	17:27:19
622	17	4	17:27:19
595	17	4	17:27:19
579	17	4	17:27:19
571	17	4	17:27:19
571	17	4	17:27:19
558	17	4	17:27:19
603	17	4	17:27:19
649	17	4	17:27:19
703	17	4	17:27:19
770	17	4	17:27:19
787	17	4	17:27:19
789	17	4	17:27:19
760	17	4	17:27:19
730	17	4	17:27:19
727	17	4	17:27:19
714	17	4	17:27:19
622	17	4	17:27:19
614	17	4	17:27:19
584	17	4	17:27:19
587	17	4	17:27:19
584	17	4	17:27:19
595	17	4	17:27:19
636	17	4	17:27:19
673	17	4	17:27:19
727	17	4	17:27:19
800	17	4	17:27:19
822	17	4	17:27:19
808	17	4	17:27:19
765	17	4	17:27:19
727	17	4	17:27:19
733	17	4	17:27:19
646	17	4	17:27:19
603	17	4	17:27:19
625	17	4	17:27:19
571	17	4	17:27:19
595	17	4	17:27:19
614	17	4	17:27:19
638	17	4	17:27:19
695	17	4	17:27:19
752	17	4	17:27:19
897	17	4	17:27:19
824	17	4	17:27:19
792	17	4	17:27:19
787	17	4	17:27:19
779	17	4	17:27:19
738	17	4	17:27:19
657	17	4	17:27:19
633	17	4	17:27:19
595	17	4	17:27:19
593	17	4	17:27:19
603	17	4	17:27:19
638	17	4	17:27:19
717	17	4	17:27:19
768	17	4	17:27:19
819	17	4	17:27:19
894	17	4	17:27:19
873	17	4	17:27:19
832	17	4	17:27:19
803	17	4	17:27:19
749	17	4	17:27:19
692	17	4	17:27:19
633	17	4	17:27:19
625	17	4	17:27:19
584	17	4	17:27:19
593	17	4	17:27:19
595	17	4	17:27:19
611	17	4	17:27:19
652	17	4	17:27:19
725	17	4	17:27:19
749	17	4	17:27:19
854	17	4	17:27:19
832	17	4	17:27:19
776	17	4	17:27:19
765	17	4	17:27:19
708	17	4	17:27:19
692	17	4	17:27:19
620	17	4	17:27:19
593	17	4	17:27:19
606	17	4	17:27:19
571	17	4	17:27:19
590	17	4	17:27:19
593	17	4	17:27:19
606	17	4	17:27:19
665	17	4	17:27:19
714	17	4	17:27:19
784	17	4	17:27:19
832	17	4	17:27:19
808	17	4	17:27:19
768	17	4	17:27:19
725	17	4	17:27:19
711	17	4	17:27:19
703	17	4	17:27:19
622	17	4	17:27:19
595	17	4	17:27:19
620	17	4	17:27:19
576	17	4	17:27:19
593	17	4	17:27:19
598	17	4	17:27:19
630	17	4	17:27:19
797	17	4	17:27:19
789	17	4	17:27:19
770	17	4	17:27:19
773	17	4	17:27:19
816	17	4	17:27:19
765	17	4	17:27:19
752	17	4	17:27:19
698	17	4	17:27:19
660	17	4	17:27:19
595	17	4	17:27:19
576	17	4	17:27:19
584	17	4	17:27:19
590	17	4	17:27:19
625	17	4	17:27:19
690	17	4	17:27:19
789	17	4	17:27:19
770	17	4	17:27:19
819	17	4	17:27:19
787	17	4	17:27:19
770	17	4	17:27:19
725	17	4	17:27:19
719	17	4	17:27:19
668	17	4	17:27:19
587	17	4	17:27:19
614	17	4	17:27:19
571	17	4	17:27:19
555	17	4	17:27:19
603	17	4	17:27:19
611	17	4	17:27:19
690	17	4	17:27:19
808	17	4	17:27:19
865	17	4	17:27:19
884	17	4	17:27:19
830	17	4	17:27:19
779	17	4	17:27:19
754	17	4	17:27:19
703	17	4	17:27:19
644	17	4	17:27:19
617	17	4	17:27:19
576	17	4	17:27:19
576	17	4	17:27:19
587	17	4	17:27:19
558	17	4	17:27:19
601	17	4	17:27:19
633	17	4	17:27:19
722	17	4	17:27:19
814	17	4	17:27:19
824	17	4	17:27:19
822	17	4	17:27:19
770	17	4	17:27:19
717	17	4	17:27:19
687	17	4	17:27:19
644	17	4	17:27:19
609	17	4	17:27:19
611	17	4	17:27:19
568	17	4	17:27:19
579	17	4	17:27:19
563	17	4	17:27:19
568	17	4	17:27:19
601	17	4	17:27:19
622	17	4	17:27:19
905	17	4	17:27:19
865	17	4	17:27:19
867	17	4	17:27:19
846	17	4	17:27:19
787	17	4	17:27:19
741	17	4	17:27:19
698	17	4	17:27:19
628	17	4	17:27:19
579	17	4	17:27:19
593	17	4	17:27:19
571	17	4	17:27:19
560	17	4	17:27:19
549	17	4	17:27:19
574	17	4	17:27:19
636	17	4	17:27:19
727	17	4	17:27:19
768	17	4	17:27:19
816	17	4	17:27:19
840	17	4	17:27:19
768	17	4	17:27:19
681	17	4	17:27:19
630	17	4	17:27:19
601	17	4	17:27:19
558	17	4	17:27:19
579	17	4	17:27:19
555	17	4	17:27:19
563	17	4	17:27:19
549	17	4	17:27:19
587	17	4	17:27:19
649	17	4	17:27:19
714	17	4	17:27:19
854	17	4	17:27:19
840	17	4	17:27:19
867	17	4	17:27:19
789	17	4	17:27:19
743	17	4	17:27:19
679	17	4	17:27:19
698	17	4	17:27:19
622	17	4	17:27:19
579	17	4	17:27:19
593	17	4	17:27:19
571	17	4	17:27:19
574	17	4	17:27:19
568	17	4	17:27:19
598	17	4	17:27:19
717	17	4	17:27:19
851	17	4	17:27:19
830	17	4	17:27:19
824	17	4	17:27:19
800	17	4	17:27:19
787	17	4	17:27:19
708	17	4	17:27:19
722	17	4	17:27:19
663	17	4	17:27:19
601	17	4	17:27:19
568	17	4	17:27:19
584	17	4	17:27:19
568	17	4	17:27:19
579	17	4	17:27:19
603	17	4	17:27:19
611	17	4	17:27:19
698	17	4	17:27:19
752	17	4	17:27:19
800	17	4	17:27:19
779	17	4	17:27:19
784	17	4	17:27:19
741	17	4	17:27:19
684	17	4	17:27:19
657	17	4	17:27:19
638	17	4	17:27:19
584	17	4	17:27:19
590	17	4	17:27:19
560	17	4	17:27:19
552	17	4	17:27:19
549	17	4	17:27:19
547	17	4	17:27:19
628	17	4	17:27:19
679	17	4	17:27:19
776	17	4	17:27:19
819	17	4	17:27:19
830	17	4	17:27:19
776	17	4	17:27:19
717	17	4	17:27:19
676	17	4	17:27:19
646	17	4	17:27:19
568	17	4	17:27:19
579	17	4	17:27:19
558	17	4	17:27:19
547	17	4	17:27:19
574	17	4	17:27:19
566	17	4	17:27:19
633	17	4	17:27:19
692	17	4	17:27:19
830	17	4	17:27:19
851	17	4	17:27:19
881	17	4	17:27:19
824	17	4	17:27:19
765	17	4	17:27:19
706	17	4	17:27:19
695	17	4	17:27:19
687	17	4	17:27:19
598	17	4	17:27:19
595	17	4	17:27:19
571	17	4	17:27:19
541	17	4	17:27:19
574	17	4	17:27:19
563	17	4	17:27:19
609	17	4	17:27:19
665	17	4	17:27:19
781	17	4	17:27:19
830	17	4	17:27:19
811	17	4	17:27:19
768	17	4	17:27:19
735	17	4	17:27:19
700	17	4	17:27:19
684	17	4	17:27:19
603	17	4	17:27:19
576	17	4	17:27:19
590	17	4	17:27:19
568	17	4	17:27:19
568	17	4	17:27:19
582	17	4	17:27:19
606	17	4	17:27:19
681	17	4	17:27:19
679	17	4	17:27:19
789	17	4	17:27:19
776	17	4	17:27:19
757	17	4	17:27:19
727	17	4	17:27:19
700	17	4	17:27:19
722	17	4	17:27:19
673	17	4	17:27:19
587	17	4	17:27:19
603	17	4	17:27:19
576	17	4	17:27:19
574	17	4	17:27:19
563	17	4	17:27:19
584	17	4	17:27:19
657	17	4	17:27:19
714	17	4	17:27:19
814	17	4	17:27:19
814	17	4	17:27:19
803	17	4	17:27:19
781	17	4	17:27:19
725	17	4	17:27:19
681	17	4	17:27:19
690	17	4	17:27:19
609	17	4	17:27:19
582	17	4	17:27:19
609	17	4	17:27:19
560	17	4	17:27:19
574	17	4	17:27:19
579	17	4	17:27:19
601	17	4	17:27:19
625	17	4	17:27:19
746	17	4	17:27:19
849	17	4	17:27:19
854	17	4	17:27:19
814	17	4	17:27:19
773	17	4	17:27:19
706	17	4	17:27:19
665	17	4	17:27:19
663	17	4	17:27:19
601	17	4	17:27:19
595	17	4	17:27:19
568	17	4	17:27:19
555	17	4	17:27:19
582	17	4	17:27:19
587	17	4	17:27:19
655	17	4	17:27:19
722	17	4	17:27:19
876	17	4	17:27:19
840	17	4	17:27:19
824	17	4	17:27:19
811	17	4	17:27:19
741	17	4	17:27:19
692	17	4	17:27:19
663	17	4	17:27:19
638	17	4	17:27:19
590	17	4	17:27:19
595	17	4	17:27:19
560	17	4	17:27:19
560	17	4	17:27:19
601	17	4	17:27:19
620	17	4	17:27:19
711	17	4	17:27:19
773	17	4	17:27:19
760	17	4	17:27:19
781	17	4	17:27:19
762	17	4	17:27:19
762	17	4	17:27:19
717	17	4	17:27:19
671	17	4	17:27:19
652	17	4	17:27:19
603	17	4	17:27:19
587	17	4	17:27:19
593	17	4	17:27:19
558	17	4	17:27:19
560	17	4	17:27:19
560	17	4	17:27:19
593	17	4	17:27:19
657	17	4	17:27:19
746	17	4	17:27:19
787	17	4	17:27:19
824	17	4	17:27:19
770	17	4	17:27:19
722	17	4	17:27:19
676	17	4	17:27:19
665	17	4	17:27:19
622	17	4	17:27:19
587	17	4	17:27:19
609	17	4	17:27:19
1013	17	4	17:27:19
641	17	4	17:27:19
576	17	4	17:27:19
738	17	4	17:27:19
452	17	4	17:27:19
857	17	4	17:27:19
840	17	4	17:27:19
881	17	4	17:27:19
805	17	4	17:27:19
773	17	4	17:27:19
741	17	4	17:27:19
738	17	4	17:27:19
646	17	4	17:27:19
595	17	4	17:27:19
622	17	4	17:27:19
590	17	4	17:27:19
584	17	4	17:27:19
614	17	4	17:27:19
603	17	4	17:27:19
725	17	4	17:27:19
816	17	4	17:27:19
867	17	4	17:27:19
889	17	4	17:27:19
760	17	4	17:27:19
700	17	4	17:27:19
644	17	4	17:27:19
593	17	4	17:27:19
590	17	4	17:27:19
566	17	4	17:27:19
568	17	4	17:27:19
549	17	4	17:27:19
541	17	4	17:27:19
603	17	4	17:27:19
636	17	4	17:27:19
779	17	4	17:27:19
924	17	4	17:27:19
873	17	4	17:27:19
857	17	4	17:27:19
792	17	4	17:27:19
741	17	4	17:27:19
708	17	4	17:27:19
698	17	4	17:27:19
641	17	4	17:27:19
582	17	4	17:27:19
587	17	4	17:27:19
560	17	4	17:27:19
576	17	4	17:27:19
571	17	4	17:27:19
609	17	4	17:27:19
676	17	4	17:27:19
795	17	4	17:27:19
814	17	4	17:27:19
843	17	4	17:27:19
814	17	4	17:27:19
768	17	4	17:27:19
717	17	4	17:27:19
717	17	4	17:27:19
671	17	4	17:27:19
598	17	4	17:27:19
574	17	4	17:27:19
595	17	4	17:27:19
552	17	4	17:27:19
582	17	4	17:27:19
576	17	4	17:27:19
620	17	4	17:27:19
741	17	4	17:27:19
752	17	4	17:27:19
808	17	4	17:27:19
838	17	4	17:27:19
814	17	4	17:27:19
781	17	4	17:27:19
722	17	4	17:27:19
711	17	4	17:27:19
638	17	4	17:27:19
584	17	4	17:27:19
582	17	4	17:27:19
593	17	4	17:27:19
552	17	4	17:27:19
595	17	4	17:27:19
657	17	4	17:27:19
692	17	4	17:27:19
873	17	4	17:27:19
924	17	4	17:27:19
876	17	4	17:27:19
803	17	4	17:27:19
735	17	4	17:27:19
692	17	4	17:27:19
692	17	4	17:27:19
603	17	4	17:27:19
587	17	4	17:27:19
609	17	4	17:27:19
574	17	4	17:27:19
593	17	4	17:27:19
593	17	4	17:27:19
638	17	4	17:27:19
765	17	4	17:27:19
851	17	4	17:27:19
894	17	4	17:27:19
846	17	4	17:27:19
811	17	4	17:27:19
757	17	4	17:27:19
741	17	4	17:27:19
684	17	4	17:27:19
611	17	4	17:27:19
609	17	4	17:27:19
584	17	4	17:27:19
574	17	4	17:27:19
571	17	4	17:27:19
595	17	4	17:27:19
690	17	4	17:27:19
932	17	4	17:27:19
927	17	4	17:27:19
884	17	4	17:27:19
900	17	4	17:27:19
822	17	4	17:27:19
773	17	4	17:27:19
727	17	4	17:27:19
625	17	4	17:27:19
606	17	4	17:27:19
598	17	4	17:27:19
566	17	4	17:27:19
587	17	4	17:27:19
574	17	4	17:27:19
630	17	4	17:27:19
714	17	4	17:27:19
956	17	4	17:27:19
900	17	4	17:27:19
846	17	4	17:27:19
838	17	4	17:27:19
776	17	4	17:27:19
741	17	4	17:27:19
951	17	4	17:50:53
897	17	4	17:50:53
827	17	4	17:50:53
800	17	4	17:50:53
797	17	4	17:50:53
746	17	4	17:50:53
700	17	4	17:50:53
644	17	4	17:50:53
598	17	4	17:50:53
587	17	4	17:50:53
601	17	4	17:50:53
595	17	4	17:50:53
655	17	4	17:50:53
792	17	4	17:50:53
981	17	4	17:50:53
937	17	4	17:50:53
932	17	4	17:50:53
911	17	4	17:50:53
840	17	4	17:50:53
743	17	4	17:50:53
663	17	4	17:50:53
620	17	4	17:50:53
563	17	4	17:50:53
598	17	4	17:50:53
555	17	4	17:50:53
574	17	4	17:50:53
576	17	4	17:50:53
695	17	4	17:50:53
838	17	4	17:50:53
892	17	4	17:50:53
932	17	4	17:50:53
954	17	4	17:50:53
919	17	4	17:50:53
824	17	4	17:50:53
800	17	4	17:50:53
722	17	4	17:50:53
676	17	4	17:50:53
590	17	4	17:50:53
611	17	4	17:50:53
576	17	4	17:50:53
579	17	4	17:50:53
646	17	4	17:50:53
808	17	4	17:50:53
900	17	4	17:50:53
919	17	4	17:50:53
916	17	4	17:50:53
900	17	4	17:50:53
835	17	4	17:50:53
851	17	4	17:50:53
741	17	4	17:50:53
628	17	4	17:50:53
614	17	4	17:50:53
590	17	4	17:50:53
579	17	4	17:50:53
617	17	4	17:50:53
614	17	4	17:50:53
657	17	4	17:50:53
1107	17	4	17:50:53
986	17	4	17:50:53
932	17	4	17:50:53
892	17	4	17:50:53
849	17	4	17:50:53
787	17	4	17:50:53
671	17	4	17:50:53
620	17	4	17:50:53
590	17	4	17:50:53
576	17	4	17:50:53
598	17	4	17:50:53
587	17	4	17:50:53
611	17	4	17:50:53
676	17	4	17:50:53
894	17	4	17:50:53
940	17	4	17:50:53
876	17	4	17:50:53
849	17	4	17:50:53
770	17	4	17:50:53
671	17	4	17:50:53
609	17	4	17:50:53
598	17	4	17:50:53
571	17	4	17:50:53
584	17	4	17:50:53
574	17	4	17:50:53
558	17	4	17:50:53
606	17	4	17:50:53
614	17	4	17:50:53
679	17	4	17:50:53
1008	17	4	17:50:53
948	17	4	17:50:53
913	17	4	17:50:53
892	17	4	17:50:53
814	17	4	17:50:53
797	17	4	17:50:53
711	17	4	17:50:53
652	17	4	17:50:53
606	17	4	17:50:53
601	17	4	17:50:53
576	17	4	17:50:53
582	17	4	17:50:53
625	17	4	17:50:53
633	17	4	17:50:53
803	17	4	17:50:53
1008	17	4	17:50:53
943	17	4	17:50:53
886	17	4	17:50:53
846	17	4	17:50:53
797	17	4	17:50:53
768	17	4	17:50:53
681	17	4	17:50:53
638	17	4	17:50:53
606	17	4	17:50:53
590	17	4	17:50:53
584	17	4	17:50:53
601	17	4	17:50:53
641	17	4	17:50:53
671	17	4	17:50:53
1045	17	4	17:50:53
954	17	4	17:50:53
876	17	4	17:50:53
840	17	4	17:50:53
800	17	4	17:50:53
776	17	4	17:50:53
652	17	4	17:50:53
603	17	4	17:50:53
611	17	4	17:50:53
584	17	4	17:50:53
593	17	4	17:50:53
587	17	4	17:50:53
614	17	4	17:50:53
717	17	4	17:50:53
999	17	4	17:50:53
978	17	4	17:50:53
862	17	4	17:50:53
827	17	4	17:50:53
795	17	4	17:50:53
679	17	4	17:50:53
644	17	4	17:50:53
590	17	4	17:50:53
587	17	4	17:50:53
571	17	4	17:50:53
560	17	4	17:50:53
598	17	4	17:50:53
595	17	4	17:50:53
641	17	4	17:50:53
722	17	4	17:50:53
1021	17	4	17:50:53
970	17	4	17:50:53
927	17	4	17:50:53
870	17	4	17:50:53
832	17	4	17:50:53
784	17	4	17:50:53
719	17	4	17:50:53
614	17	4	17:50:53
606	17	4	17:50:53
606	17	4	17:50:53
587	17	4	17:50:53
620	17	4	17:50:53
603	17	4	17:50:53
622	17	4	17:50:53
846	17	4	17:50:53
881	17	4	17:50:53
867	17	4	17:50:53
851	17	4	17:50:53
787	17	4	17:50:53
754	17	4	17:50:53
765	17	4	17:50:53
636	17	4	17:50:53
598	17	4	17:50:53
625	17	4	17:50:53
571	17	4	17:50:53
593	17	4	17:50:53
603	17	4	17:50:53
598	17	4	17:50:53
625	17	4	17:50:53
633	17	4	17:50:53
1121	17	4	17:50:53
959	17	4	17:50:53
840	17	4	17:50:53
792	17	4	17:50:53
805	17	4	17:50:53
698	17	4	17:50:53
617	17	4	17:50:53
628	17	4	17:50:53
579	17	4	17:50:53
584	17	4	17:50:53
593	17	4	17:50:53
603	17	4	17:50:53
690	17	4	17:50:53
1032	17	4	17:50:53
956	17	4	17:50:53
835	17	4	17:50:53
865	17	4	17:50:53
762	17	4	17:50:53
652	17	4	17:50:53
614	17	4	17:50:53
576	17	4	17:50:53
587	17	4	17:50:53
568	17	4	17:50:53
566	17	4	17:50:53
611	17	4	17:50:53
628	17	4	17:50:53
986	17	4	17:50:53
956	17	4	17:50:53
932	17	4	17:50:53
948	17	4	17:50:53
908	17	4	17:50:53
843	17	4	17:50:53
800	17	4	17:50:53
708	17	4	17:50:53
649	17	4	17:50:53
630	17	4	17:50:53
595	17	4	17:50:53
598	17	4	17:50:53
628	17	4	17:50:53
676	17	4	17:50:53
849	17	4	17:50:53
956	17	4	17:50:53
964	17	4	17:50:53
921	17	4	17:50:53
867	17	4	17:50:53
822	17	4	17:50:53
808	17	4	17:50:53
708	17	4	17:50:53
657	17	4	17:50:53
603	17	4	17:50:53
574	17	4	17:50:53
595	17	4	17:50:53
595	17	4	17:50:53
649	17	4	17:50:53
1040	17	4	17:50:53
959	17	4	17:50:53
924	17	4	17:50:53
878	17	4	17:50:53
843	17	4	17:50:53
805	17	4	17:50:53
770	17	4	17:50:53
711	17	4	17:50:53
617	17	4	17:50:53
593	17	4	17:50:53
603	17	4	17:50:53
601	17	4	17:50:53
628	17	4	17:50:53
660	17	4	17:50:53
975	17	4	17:50:53
932	17	4	17:50:53
927	17	4	17:50:53
851	17	4	17:50:53
808	17	4	17:50:53
795	17	4	17:50:53
762	17	4	17:50:53
668	17	4	17:50:53
609	17	4	17:50:53
622	17	4	17:50:53
579	17	4	17:50:53
617	17	4	17:50:53
620	17	4	17:50:53
622	17	4	17:50:53
708	17	4	17:50:53
1061	17	4	17:50:53
943	17	4	17:50:53
867	17	4	17:50:53
808	17	4	17:50:53
757	17	4	17:50:53
714	17	4	17:50:53
665	17	4	17:50:53
614	17	4	17:50:53
617	17	4	17:50:53
595	17	4	17:50:53
593	17	4	17:50:53
609	17	4	17:50:53
622	17	4	17:50:53
657	17	4	17:50:53
1059	17	4	17:50:53
962	17	4	17:50:53
900	17	4	17:50:53
857	17	4	17:50:53
835	17	4	17:50:53
800	17	4	17:50:53
706	17	4	17:50:53
652	17	4	17:50:53
622	17	4	17:50:53
582	17	4	17:50:53
614	17	4	17:50:53
606	17	4	17:50:53
630	17	4	17:50:53
665	17	4	17:50:53
1080	17	4	17:50:53
943	17	4	17:50:53
859	17	4	17:50:53
835	17	4	17:50:53
795	17	4	17:50:53
770	17	4	17:50:53
717	17	4	17:50:53
649	17	4	17:50:53
622	17	4	17:50:53
625	17	4	17:50:53
593	17	4	17:50:53
614	17	4	17:50:53
622	17	4	17:50:53
679	17	4	17:50:53
1064	17	4	17:50:53
884	17	4	17:50:53
843	17	4	17:50:53
805	17	4	17:50:53
768	17	4	17:50:53
743	17	4	17:50:53
717	17	4	17:50:53
652	17	4	17:50:53
606	17	4	17:50:53
611	17	4	17:50:53
587	17	4	17:50:53
603	17	4	17:50:53
630	17	4	17:50:53
638	17	4	17:50:53
679	17	4	17:50:53
978	17	4	17:50:53
908	17	4	17:50:53
835	17	4	17:50:53
792	17	4	17:50:53
770	17	4	17:50:53
760	17	4	17:50:53
730	17	4	17:50:53
636	17	4	17:50:53
595	17	4	17:50:53
620	17	4	17:50:53
603	17	4	17:50:53
617	17	4	17:50:53
625	17	4	17:50:53
649	17	4	17:50:53
943	17	4	17:50:53
964	17	4	17:50:53
878	17	4	17:50:53
811	17	4	17:50:53
762	17	4	17:50:53
762	17	4	17:50:53
692	17	4	17:50:53
644	17	4	17:50:53
598	17	4	17:50:53
598	17	4	17:50:53
579	17	4	17:50:53
584	17	4	17:50:53
646	17	4	17:50:53
757	17	4	17:50:53
1002	17	4	17:50:53
991	17	4	17:50:53
989	17	4	17:50:53
857	17	4	17:50:53
795	17	4	17:50:53
760	17	4	17:50:53
687	17	4	17:50:53
625	17	4	17:50:53
620	17	4	17:50:53
601	17	4	17:50:53
593	17	4	17:50:53
620	17	4	17:50:53
628	17	4	17:50:53
641	17	4	17:50:53
735	17	4	17:50:53
1021	17	4	17:50:53
857	17	4	17:50:53
805	17	4	17:50:53
746	17	4	17:50:53
738	17	4	17:50:53
708	17	4	17:50:53
622	17	4	17:50:53
617	17	4	17:50:53
606	17	4	17:50:53
563	17	4	17:50:53
593	17	4	17:50:53
587	17	4	17:50:53
606	17	4	17:50:53
617	17	4	17:50:53
655	17	4	17:50:53
671	17	4	17:50:53
1037	17	4	17:50:53
905	17	4	17:50:53
805	17	4	17:50:53
760	17	4	17:50:53
695	17	4	17:50:53
671	17	4	17:50:53
609	17	4	17:50:53
609	17	4	17:50:53
587	17	4	17:50:53
571	17	4	17:50:53
606	17	4	17:50:53
598	17	4	17:50:53
673	17	4	17:50:53
911	17	4	17:50:53
889	17	4	17:50:53
921	17	4	17:50:53
894	17	4	17:50:53
819	17	4	17:50:53
762	17	4	17:50:53
749	17	4	17:50:53
673	17	4	17:50:53
606	17	4	17:50:53
606	17	4	17:50:53
574	17	4	17:50:53
566	17	4	17:50:53
628	17	4	17:50:53
636	17	4	17:50:53
735	17	4	17:50:53
999	17	4	17:50:53
954	17	4	17:50:53
878	17	4	17:50:53
851	17	4	17:50:53
835	17	4	17:50:53
754	17	4	17:50:53
668	17	4	17:50:53
638	17	4	17:50:53
582	17	4	17:50:53
593	17	4	17:50:53
560	17	4	17:50:53
574	17	4	17:50:53
611	17	4	17:50:53
614	17	4	17:50:53
956	17	4	17:50:53
851	17	4	17:50:53
849	17	4	17:50:53
757	17	4	17:50:53
738	17	4	17:50:53
668	17	4	17:50:53
676	17	4	17:50:53
611	17	4	17:50:53
590	17	4	17:50:53
593	17	4	17:50:53
566	17	4	17:50:53
576	17	4	17:50:53
584	17	4	17:50:53
606	17	4	17:50:53
665	17	4	17:50:53
964	17	4	17:50:53
911	17	4	17:50:53
835	17	4	17:50:53
816	17	4	17:50:53
787	17	4	17:50:53
706	17	4	17:50:53
606	17	4	17:50:53
606	17	4	17:50:53
587	17	4	17:50:53
563	17	4	17:50:53
582	17	4	17:50:53
560	17	4	17:50:53
587	17	4	17:50:53
593	17	4	17:50:53
638	17	4	17:50:53
781	17	4	17:50:53
897	17	4	17:50:53
873	17	4	17:50:53
838	17	4	17:50:53
781	17	4	17:50:53
752	17	4	17:50:53
749	17	4	17:50:53
684	17	4	17:50:53
609	17	4	17:50:53
620	17	4	17:50:53
582	17	4	17:50:53
584	17	4	17:50:53
574	17	4	17:50:53
611	17	4	17:50:53
660	17	4	17:50:53
1110	17	4	17:50:53
1013	17	4	17:50:53
962	17	4	17:50:53
800	17	4	17:50:53
676	17	4	17:50:53
622	17	4	17:50:53
625	17	4	17:50:53
571	17	4	17:50:53
595	17	4	17:50:53
579	17	4	17:50:53
579	17	4	17:50:53
595	17	4	17:50:53
625	17	4	17:50:53
795	17	4	17:50:53
1059	17	4	17:50:53
999	17	4	17:50:53
940	17	4	17:50:53
878	17	4	17:50:53
824	17	4	17:50:53
773	17	4	17:50:53
711	17	4	17:50:53
663	17	4	17:50:53
617	17	4	17:50:53
584	17	4	17:50:53
609	17	4	17:50:53
568	17	4	17:50:53
620	17	4	17:50:53
652	17	4	17:50:53
1032	17	4	17:50:53
964	17	4	17:50:53
927	17	4	17:50:53
857	17	4	17:50:53
816	17	4	17:50:53
776	17	4	17:50:53
762	17	4	17:50:53
657	17	4	17:50:53
611	17	4	17:50:53
622	17	4	17:50:53
590	17	4	17:50:53
595	17	4	17:50:53
614	17	4	17:50:53
741	17	4	17:50:53
1043	17	4	17:50:53
983	17	4	17:50:53
911	17	4	17:50:53
857	17	4	17:50:53
832	17	4	17:50:53
776	17	4	17:50:53
679	17	4	17:50:53
622	17	4	17:50:53
625	17	4	17:50:53
595	17	4	17:50:53
609	17	4	17:50:53
595	17	4	17:50:53
593	17	4	17:50:53
628	17	4	17:50:53
601	17	4	17:50:53
1129	17	4	17:50:53
935	17	4	17:50:53
822	17	4	17:50:53
797	17	4	17:50:53
749	17	4	17:50:53
743	17	4	17:50:53
673	17	4	17:50:53
641	17	4	17:50:53
606	17	4	17:50:53
595	17	4	17:50:53
611	17	4	17:50:53
595	17	4	17:50:53
625	17	4	17:50:53
679	17	4	17:50:53
1078	17	4	17:50:53
994	17	4	17:50:53
905	17	4	17:50:53
857	17	4	17:50:53
808	17	4	17:50:53
776	17	4	17:50:53
733	17	4	17:50:53
652	17	4	17:50:53
598	17	4	17:50:53
622	17	4	17:50:53
587	17	4	17:50:53
617	17	4	17:50:53
609	17	4	17:50:53
695	17	4	17:50:53
1032	17	4	17:50:53
970	17	4	17:50:53
905	17	4	17:50:53
849	17	4	17:50:53
797	17	4	17:50:53
762	17	4	17:50:53
714	17	4	17:50:53
660	17	4	17:50:53
609	17	4	17:50:53
587	17	4	17:50:53
590	17	4	17:50:53
614	17	4	17:50:53
725	17	4	17:50:53
1242	17	4	17:50:53
1088	17	4	17:50:53
991	17	4	17:50:53
892	17	4	17:50:53
822	17	4	17:50:53
789	17	4	17:50:53
711	17	4	17:50:53
620	17	4	17:50:53
611	17	4	17:50:53
625	17	4	17:50:53
590	17	4	17:50:53
646	17	4	17:50:53
668	17	4	17:50:53
1094	17	4	17:50:53
908	17	4	17:50:53
916	17	4	17:50:53
838	17	4	17:50:53
824	17	4	17:50:53
725	17	4	17:50:53
628	17	4	17:50:53
590	17	4	17:50:53
611	17	4	17:50:53
566	17	4	17:50:53
590	17	4	17:50:53
576	17	4	17:50:53
590	17	4	17:50:53
663	17	4	17:50:53
698	17	4	17:50:53
1013	17	4	17:50:53
935	17	4	17:50:53
948	17	4	17:50:53
865	17	4	17:50:53
811	17	4	17:50:53
787	17	4	17:50:53
725	17	4	17:50:53
649	17	4	17:50:53
622	17	4	17:50:53
609	17	4	17:50:53
582	17	4	17:50:53
617	17	4	17:50:53
644	17	4	17:50:53
811	17	4	17:50:53
1013	17	4	17:50:53
1002	17	4	17:50:53
999	17	4	17:50:53
897	17	4	17:50:53
827	17	4	17:50:53
795	17	4	17:50:53
681	17	4	17:50:53
617	17	4	17:50:53
617	17	4	17:50:53
587	17	4	17:50:53
601	17	4	17:50:53
601	17	4	17:50:53
622	17	4	17:50:53
795	17	4	17:50:53
1096	17	4	17:50:53
994	17	4	17:50:53
900	17	4	17:50:53
870	17	4	17:50:53
797	17	4	17:50:53
762	17	4	17:50:53
681	17	4	17:50:53
657	17	4	17:50:53
611	17	4	17:50:53
620	17	4	17:50:53
584	17	4	17:50:53
625	17	4	17:50:53
671	17	4	17:50:53
832	17	4	17:50:53
1072	17	4	17:50:53
1010	17	4	17:50:53
978	17	4	17:50:53
859	17	4	17:50:53
822	17	4	17:50:53
730	17	4	17:50:53
663	17	4	17:50:53
611	17	4	17:50:53
590	17	4	17:50:53
601	17	4	17:50:53
584	17	4	17:50:53
625	17	4	17:50:53
657	17	4	17:50:53
1123	17	4	17:50:53
978	17	4	17:50:53
956	17	4	17:50:53
827	17	4	17:50:53
792	17	4	17:50:53
776	17	4	17:50:53
757	17	4	17:50:53
630	17	4	17:50:53
606	17	4	17:50:53
633	17	4	17:50:53
584	17	4	17:50:53
609	17	4	17:50:53
630	17	4	17:50:53
671	17	4	17:50:53
892	17	4	17:50:53
989	17	4	17:50:53
959	17	4	17:50:53
881	17	4	17:50:53
800	17	4	17:50:53
835	17	4	17:50:53
681	17	4	17:50:53
649	17	4	17:50:53
636	17	4	17:50:53
590	17	4	17:50:53
614	17	4	17:50:53
617	17	4	17:50:53
620	17	4	17:50:53
676	17	4	17:50:53
1078	17	4	17:50:53
970	17	4	17:50:53
924	17	4	17:50:53
819	17	4	17:50:53
803	17	4	17:50:53
762	17	4	17:50:53
719	17	4	17:50:53
620	17	4	17:50:53
609	17	4	17:50:53
628	17	4	17:50:53
587	17	4	17:50:53
628	17	4	17:50:53
641	17	4	17:50:53
681	17	4	17:50:53
1096	17	4	17:50:53
1026	17	4	17:50:53
951	17	4	17:50:53
854	17	4	17:50:53
814	17	4	17:50:53
819	17	4	17:50:53
695	17	4	17:50:53
636	17	4	17:50:53
636	17	4	17:50:53
595	17	4	17:50:53
598	17	4	17:50:53
628	17	4	17:50:53
655	17	4	17:50:53
832	17	4	17:50:53
1140	17	4	17:50:53
1053	17	4	17:50:53
919	17	4	17:50:53
857	17	4	17:50:53
814	17	4	17:50:53
733	17	4	17:50:53
641	17	4	17:50:53
617	17	4	17:50:53
620	17	4	17:50:53
582	17	4	17:50:53
611	17	4	17:50:53
620	17	4	17:50:53
660	17	4	17:50:53
1032	17	4	17:50:53
908	17	4	17:50:53
902	17	4	17:50:53
859	17	4	17:50:53
792	17	4	17:50:53
719	17	4	17:50:53
644	17	4	17:50:53
611	17	4	17:50:53
576	17	4	17:50:53
587	17	4	17:50:53
566	17	4	17:50:53
568	17	4	17:50:53
625	17	4	17:50:53
741	17	4	17:50:53
929	17	4	17:50:53
981	17	4	17:50:53
991	17	4	17:50:53
911	17	4	17:50:53
846	17	4	17:50:53
819	17	4	17:50:53
752	17	4	17:50:53
660	17	4	17:50:53
611	17	4	17:50:53
620	17	4	17:50:53
584	17	4	17:50:53
614	17	4	17:50:53
628	17	4	17:50:53
681	17	4	17:50:53
983	17	4	17:50:53
954	17	4	17:50:53
905	17	4	17:50:53
824	17	4	17:50:53
808	17	4	17:50:53
770	17	4	17:50:53
706	17	4	17:50:53
663	17	4	17:50:53
606	17	4	17:50:53
590	17	4	17:50:53
606	17	4	17:50:53
579	17	4	17:50:53
630	17	4	17:50:53
681	17	4	17:50:53
1102	17	4	17:50:53
1029	17	4	17:50:53
997	17	4	17:50:53
865	17	4	17:50:53
743	17	4	17:50:53
711	17	4	17:50:53
700	17	4	17:50:53
636	17	4	17:50:53
603	17	4	17:50:53
620	17	4	17:50:53
601	17	4	17:50:53
620	17	4	17:50:53
655	17	4	17:50:53
746	17	4	17:50:53
1067	17	4	17:50:53
1026	17	4	17:50:53
927	17	4	17:50:53
832	17	4	17:50:53
792	17	4	17:50:53
768	17	4	17:50:53
733	17	4	17:50:53
641	17	4	17:50:53
649	17	4	17:50:53
601	17	4	17:50:53
598	17	4	17:50:53
628	17	4	17:50:53
620	17	4	17:50:53
698	17	4	17:50:53
986	17	4	17:50:53
986	17	4	17:50:53
932	17	4	17:50:53
870	17	4	17:50:53
805	17	4	17:50:53
779	17	4	17:50:53
692	17	4	17:50:53
671	17	4	17:50:53
625	17	4	17:50:53
609	17	4	17:50:53
595	17	4	17:50:53
601	17	4	17:50:53
622	17	4	17:50:53
638	17	4	17:50:53
752	17	4	17:50:53
1083	17	4	17:50:53
970	17	4	17:50:53
851	17	4	17:50:53
816	17	4	17:50:53
781	17	4	17:50:53
730	17	4	17:50:53
665	17	4	17:50:53
633	17	4	17:50:53
606	17	4	17:50:53
595	17	4	17:50:53
636	17	4	17:50:53
603	17	4	17:50:53
646	17	4	17:50:53
743	17	4	17:50:53
1088	17	4	17:50:53
989	17	4	17:50:53
859	17	4	17:50:53
784	17	4	17:50:53
676	17	4	17:50:53
646	17	4	17:50:53
601	17	4	17:50:53
598	17	4	17:50:53
598	17	4	17:50:53
555	17	4	17:50:53
609	17	4	17:50:53
593	17	4	17:50:53
628	17	4	17:50:53
673	17	4	17:50:53
970	17	4	17:50:53
956	17	4	17:50:53
921	17	4	17:50:53
851	17	4	17:50:53
805	17	4	17:50:53
757	17	4	17:50:53
690	17	4	17:50:53
614	17	4	17:50:53
609	17	4	17:50:53
593	17	4	17:50:53
587	17	4	17:50:53
617	17	4	17:50:53
601	17	4	17:50:53
620	17	4	17:50:53
719	17	4	17:50:53
1088	17	4	17:50:53
1016	17	4	17:50:53
970	17	4	17:50:53
827	17	4	17:50:53
719	17	4	17:50:53
646	17	4	17:50:53
641	17	4	17:50:53
601	17	4	17:50:53
593	17	4	17:50:53
576	17	4	17:50:53
584	17	4	17:50:53
735	17	4	17:50:53
1105	17	4	17:50:53
981	17	4	17:50:53
959	17	4	17:50:53
892	17	4	17:50:53
814	17	4	17:50:53
749	17	4	17:50:53
671	17	4	17:50:53
620	17	4	17:50:53
579	17	4	17:50:53
590	17	4	17:50:53
568	17	4	17:50:53
563	17	4	17:50:53
566	17	4	17:50:53
593	17	4	17:50:53
746	17	4	17:50:53
946	17	4	17:50:53
981	17	4	17:50:53
951	17	4	17:50:53
897	17	4	17:50:53
822	17	4	17:50:53
752	17	4	17:50:53
727	17	4	17:50:53
663	17	4	17:50:53
609	17	4	17:50:53
606	17	4	17:50:53
571	17	4	17:50:53
560	17	4	17:50:53
620	17	4	17:50:53
649	17	4	17:50:53
832	17	4	17:50:53
1021	17	4	17:50:53
940	17	4	17:50:53
876	17	4	17:50:53
797	17	4	17:50:53
762	17	4	17:50:53
733	17	4	17:50:53
668	17	4	17:50:53
646	17	4	17:50:53
598	17	4	17:50:53
601	17	4	17:50:53
582	17	4	17:50:53
574	17	4	17:50:53
620	17	4	17:50:53
628	17	4	17:50:53
857	17	4	17:50:53
927	17	4	17:50:53
873	17	4	17:50:53
805	17	4	17:50:53
762	17	4	17:50:53
698	17	4	17:50:53
646	17	4	17:50:53
590	17	4	17:50:53
566	17	4	17:50:53
601	17	4	17:50:53
560	17	4	17:50:53
574	17	4	17:50:53
595	17	4	17:50:53
676	17	4	17:50:53
937	17	4	17:50:53
1037	17	4	17:50:53
986	17	4	17:50:53
946	17	4	17:50:53
881	17	4	17:50:53
827	17	4	17:50:53
757	17	4	17:50:53
703	17	4	17:50:53
660	17	4	17:50:53
603	17	4	17:50:53
593	17	4	17:50:53
609	17	4	17:50:53
601	17	4	17:50:53
649	17	4	17:50:53
660	17	4	17:50:53
1032	17	4	17:50:53
886	17	4	17:50:53
843	17	4	17:50:53
795	17	4	17:50:53
752	17	4	17:50:53
757	17	4	17:50:53
708	17	4	17:50:53
611	17	4	17:50:53
628	17	4	17:50:53
595	17	4	17:50:53
584	17	4	17:50:53
579	17	4	17:50:53
584	17	4	17:50:53
668	17	4	17:50:53
690	17	4	17:50:53
1061	17	4	17:50:53
994	17	4	17:50:53
919	17	4	17:50:53
838	17	4	17:50:53
773	17	4	17:50:53
741	17	4	17:50:53
671	17	4	17:50:53
617	17	4	17:50:53
622	17	4	17:50:53
595	17	4	17:50:53
593	17	4	17:50:53
601	17	4	17:50:53
595	17	4	17:50:53
646	17	4	17:50:53
779	17	4	17:50:53
978	17	4	17:50:53
921	17	4	17:50:53
881	17	4	17:50:53
819	17	4	17:50:53
781	17	4	17:50:53
714	17	4	17:50:53
625	17	4	17:50:53
625	17	4	17:50:53
595	17	4	17:50:53
568	17	4	17:50:53
590	17	4	17:50:53
595	17	4	17:50:53
646	17	4	17:50:53
876	17	4	17:50:53
913	17	4	17:50:53
948	17	4	17:50:53
929	17	4	17:50:53
830	17	4	17:50:53
770	17	4	17:50:53
695	17	4	17:50:53
665	17	4	17:50:53
609	17	4	17:50:53
617	17	4	17:50:53
587	17	4	17:50:53
584	17	4	17:50:53
628	17	4	17:50:53
628	17	4	17:50:53
719	17	4	17:50:53
1078	17	4	17:50:53
983	17	4	17:50:53
892	17	4	17:50:53
838	17	4	17:50:53
787	17	4	17:50:53
760	17	4	17:50:53
652	17	4	17:50:53
628	17	4	17:50:53
593	17	4	17:50:53
593	17	4	17:50:53
571	17	4	17:50:53
584	17	4	17:50:53
630	17	4	17:50:53
733	17	4	17:50:53
1040	17	4	17:50:53
951	17	4	17:50:53
924	17	4	17:50:53
849	17	4	17:50:53
792	17	4	17:50:53
776	17	4	17:50:53
655	17	4	17:50:53
609	17	4	17:50:53
625	17	4	17:50:53
587	17	4	17:50:53
590	17	4	17:50:53
598	17	4	17:50:53
617	17	4	17:50:53
614	17	4	17:50:53
649	17	4	17:50:53
1091	17	4	17:50:53
978	17	4	17:50:53
840	17	4	17:50:53
776	17	4	17:50:53
711	17	4	17:50:53
671	17	4	17:50:53
622	17	4	17:50:53
622	17	4	17:50:53
598	17	4	17:50:53
593	17	4	17:50:53
584	17	4	17:50:53
644	17	4	17:50:53
1072	17	4	17:50:53
1059	17	4	17:50:53
983	17	4	17:50:53
913	17	4	17:50:53
832	17	4	17:50:53
795	17	4	17:50:53
743	17	4	17:50:53
692	17	4	17:50:53
620	17	4	17:50:53
633	17	4	17:50:53
603	17	4	17:50:53
603	17	4	17:50:53
598	17	4	17:50:53
606	17	4	17:50:53
690	17	4	17:50:53
921	17	4	17:50:53
913	17	4	17:50:53
924	17	4	17:50:53
849	17	4	17:50:53
808	17	4	17:50:53
752	17	4	17:50:53
711	17	4	17:50:53
630	17	4	17:50:53
622	17	4	17:50:53
601	17	4	17:50:53
584	17	4	17:50:53
606	17	4	17:50:53
622	17	4	17:50:53
711	17	4	17:50:53
1080	17	4	17:50:53
946	17	4	17:50:53
927	17	4	17:50:53
840	17	4	17:50:53
787	17	4	17:50:53
730	17	4	17:50:53
671	17	4	17:50:53
673	17	4	17:50:53
593	17	4	17:50:53
603	17	4	17:50:53
601	17	4	17:50:53
555	17	4	17:50:53
579	17	4	17:50:53
609	17	4	17:50:53
641	17	4	17:50:53
725	17	4	17:50:53
1059	17	4	17:50:53
948	17	4	17:50:53
905	17	4	17:50:53
808	17	4	17:50:53
749	17	4	17:50:53
725	17	4	17:50:53
649	17	4	17:50:53
595	17	4	17:50:53
595	17	4	17:50:53
571	17	4	17:50:53
563	17	4	17:50:53
609	17	4	17:50:53
593	17	4	17:50:53
663	17	4	17:50:53
1072	17	4	17:50:53
983	17	4	17:50:53
905	17	4	17:50:53
846	17	4	17:50:53
757	17	4	17:50:53
679	17	4	17:50:53
668	17	4	17:50:53
603	17	4	17:50:53
587	17	4	17:50:53
611	17	4	17:50:53
566	17	4	17:50:53
595	17	4	17:50:53
601	17	4	17:50:53
625	17	4	17:50:53
776	17	4	17:50:53
999	17	4	17:50:53
948	17	4	17:50:53
865	17	4	17:50:53
792	17	4	17:50:53
738	17	4	17:50:53
735	17	4	17:50:53
649	17	4	17:50:53
603	17	4	17:50:53
614	17	4	17:50:53
584	17	4	17:50:53
590	17	4	17:50:53
571	17	4	17:50:53
587	17	4	17:50:53
622	17	4	17:50:53
692	17	4	17:50:53
1005	17	4	17:50:53
943	17	4	17:50:53
884	17	4	17:50:53
811	17	4	17:50:53
768	17	4	17:50:53
752	17	4	17:50:53
703	17	4	17:50:53
625	17	4	17:50:53
622	17	4	17:50:53
587	17	4	17:50:53
598	17	4	17:50:53
601	17	4	17:50:53
622	17	4	17:50:53
681	17	4	17:50:53
935	17	4	17:50:53
824	17	4	17:50:53
814	17	4	17:50:53
762	17	4	17:50:53
749	17	4	17:50:53
649	17	4	17:50:53
606	17	4	17:50:53
614	17	4	17:50:53
582	17	4	17:50:53
582	17	4	17:50:53
571	17	4	17:50:53
563	17	4	17:50:53
609	17	4	17:50:53
582	17	4	17:50:53
633	17	4	17:50:53
725	17	4	17:50:53
975	17	4	17:50:53
927	17	4	17:50:53
846	17	4	17:50:53
789	17	4	17:50:53
779	17	4	17:50:53
752	17	4	17:50:53
665	17	4	17:50:53
625	17	4	17:50:53
630	17	4	17:50:53
598	17	4	17:50:53
601	17	4	17:50:53
582	17	4	17:50:53
609	17	4	17:50:53
657	17	4	17:50:53
943	17	4	17:50:53
894	17	4	17:50:53
927	17	4	17:50:53
865	17	4	17:50:53
824	17	4	17:50:53
779	17	4	17:50:53
754	17	4	17:50:53
663	17	4	17:50:53
628	17	4	17:50:53
641	17	4	17:50:53
593	17	4	17:50:53
611	17	4	17:50:53
598	17	4	17:50:53
609	17	4	17:50:53
652	17	4	17:50:53
927	17	4	17:50:53
948	17	4	17:50:53
908	17	4	17:50:53
822	17	4	17:50:53
762	17	4	17:50:53
725	17	4	17:50:53
655	17	4	17:50:53
622	17	4	17:50:53
622	17	4	17:50:53
590	17	4	17:50:53
595	17	4	17:50:53
606	17	4	17:50:53
590	17	4	17:50:53
655	17	4	17:50:53
913	17	4	17:50:53
964	17	4	17:50:53
970	17	4	17:50:53
908	17	4	17:50:53
835	17	4	17:50:53
789	17	4	17:50:53
690	17	4	17:50:53
660	17	4	17:50:53
611	17	4	17:50:53
622	17	4	17:50:53
587	17	4	17:50:53
595	17	4	17:50:53
614	17	4	17:50:53
622	17	4	17:50:53
646	17	4	17:50:53
1010	17	4	17:50:53
940	17	4	17:50:53
867	17	4	17:50:53
851	17	4	17:50:53
781	17	4	17:50:53
717	17	4	17:50:53
655	17	4	17:50:53
614	17	4	17:50:53
593	17	4	17:50:53
609	17	4	17:50:53
584	17	4	17:50:53
598	17	4	17:50:53
636	17	4	17:50:53
708	17	4	17:50:53
1021	17	4	17:50:53
1064	17	4	17:50:53
1005	17	4	17:50:53
870	17	4	17:50:53
770	17	4	17:50:53
803	17	4	17:50:53
706	17	4	17:50:53
633	17	4	17:50:53
633	17	4	17:50:53
611	17	4	17:50:53
590	17	4	17:50:53
617	17	4	17:50:53
617	17	4	17:50:53
649	17	4	17:50:53
1056	17	4	17:50:53
986	17	4	17:50:53
929	17	4	17:50:53
838	17	4	17:50:53
792	17	4	17:50:53
735	17	4	17:50:53
690	17	4	17:50:53
655	17	4	17:50:53
617	17	4	17:50:53
620	17	4	17:50:53
584	17	4	17:50:53
609	17	4	17:50:53
644	17	4	17:50:53
652	17	4	17:50:53
854	18	4	22:02:11
331	18	4	22:02:11
1056	18	4	22:02:11
1078	18	4	22:02:11
1045	18	4	22:02:11
946	18	4	22:02:11
862	18	4	22:02:11
749	18	4	22:02:11
687	18	4	22:02:11
706	18	4	22:02:11
636	18	4	22:02:11
816	18	4	22:02:11
1051	18	4	22:02:11
1148	18	4	22:02:11
1091	18	4	22:02:11
1061	18	4	22:02:11
994	18	4	22:02:11
924	18	4	22:02:11
784	18	4	22:02:11
668	18	4	22:02:11
681	18	4	22:02:11
660	18	4	22:02:11
611	18	4	22:02:11
695	18	4	22:02:11
800	18	4	22:02:11
929	18	4	22:02:11
991	18	4	22:02:11
1088	18	4	22:02:11
994	18	4	22:02:11
935	18	4	22:02:11
840	18	4	22:02:11
735	18	4	22:02:11
668	18	4	22:02:11
646	18	4	22:02:11
660	18	4	22:02:11
582	18	4	22:02:11
614	18	4	22:02:11
752	18	4	22:02:11
819	18	4	22:02:11
999	18	4	22:02:11
999	18	4	22:02:11
1013	18	4	22:02:11
946	18	4	22:02:11
835	18	4	22:02:11
789	18	4	22:02:11
703	18	4	22:02:11
673	18	4	22:02:11
609	18	4	22:02:11
617	18	4	22:02:11
598	18	4	22:02:11
649	18	4	22:02:11
811	18	4	22:02:11
989	18	4	22:02:11
989	18	4	22:02:11
999	18	4	22:02:11
946	18	4	22:02:11
902	18	4	22:02:11
795	18	4	22:02:11
700	18	4	22:02:11
681	18	4	22:02:11
652	18	4	22:02:11
606	18	4	22:02:11
614	18	4	22:02:11
730	18	4	22:02:11
859	18	4	22:02:11
1040	18	4	22:02:11
1080	18	4	22:02:11
1078	18	4	22:02:11
978	18	4	22:02:11
859	18	4	22:02:11
792	18	4	22:02:11
703	18	4	22:02:11
730	18	4	22:02:11
620	18	4	22:02:11
630	18	4	22:02:11
646	18	4	22:02:11
706	18	4	22:02:11
797	18	4	22:02:11
929	18	4	22:02:11
1013	18	4	22:02:11
1043	18	4	22:02:11
1029	18	4	22:02:11
964	18	4	22:02:11
897	18	4	22:02:11
765	18	4	22:02:11
665	18	4	22:02:11
628	18	4	22:02:11
630	18	4	22:02:11
636	18	4	22:02:11
805	18	4	22:02:11
1070	18	4	22:02:11
1045	18	4	22:02:11
1059	18	4	22:02:11
975	18	4	22:02:11
900	18	4	22:02:11
824	18	4	22:02:11
819	18	4	22:02:11
727	18	4	22:02:11
652	18	4	22:02:11
665	18	4	22:02:11
638	18	4	22:02:11
676	18	4	22:02:11
805	18	4	22:02:11
870	18	4	22:02:11
1056	18	4	22:02:11
1043	18	4	22:02:11
1021	18	4	22:02:11
932	18	4	22:02:11
827	18	4	22:02:11
738	18	4	22:02:11
687	18	4	22:02:11
668	18	4	22:02:11
625	18	4	22:02:11
614	18	4	22:02:11
695	18	4	22:02:11
822	18	4	22:02:11
1072	18	4	22:02:11
1083	18	4	22:02:11
1045	18	4	22:02:11
1018	18	4	22:02:11
881	18	4	22:02:11
789	18	4	22:02:11
738	18	4	22:02:11
695	18	4	22:02:11
646	18	4	22:02:11
628	18	4	22:02:11
660	18	4	22:02:11
738	18	4	22:02:11
835	18	4	22:02:11
1043	18	4	22:02:11
1032	18	4	22:02:11
1029	18	4	22:02:11
999	18	4	22:02:11
937	18	4	22:02:11
849	18	4	22:02:11
768	18	4	22:02:11
665	18	4	22:02:11
638	18	4	22:02:11
633	18	4	22:02:11
641	18	4	22:02:11
676	18	4	22:02:11
830	18	4	22:02:11
1053	18	4	22:02:11
1021	18	4	22:02:11
956	18	4	22:02:11
902	18	4	22:02:11
881	18	4	22:02:11
803	18	4	22:02:11
700	18	4	22:02:11
638	18	4	22:02:11
649	18	4	22:02:11
620	18	4	22:02:11
668	18	4	22:02:11
805	18	4	22:02:11
981	18	4	22:02:11
1008	18	4	22:02:11
991	18	4	22:02:11
983	18	4	22:02:11
919	18	4	22:02:11
822	18	4	22:02:11
781	18	4	22:02:11
727	18	4	22:02:11
692	18	4	22:02:11
628	18	4	22:02:11
628	18	4	22:02:11
633	18	4	22:02:11
668	18	4	22:02:11
776	18	4	22:02:11
973	18	4	22:02:11
981	18	4	22:02:11
991	18	4	22:02:11
943	18	4	22:02:11
889	18	4	22:02:11
846	18	4	22:02:11
730	18	4	22:02:11
660	18	4	22:02:11
646	18	4	22:02:11
620	18	4	22:02:11
625	18	4	22:02:11
816	18	4	22:02:11
792	18	4	22:02:11
1072	18	4	22:02:11
997	18	4	22:02:11
978	18	4	22:02:11
911	18	4	22:02:11
865	18	4	22:02:11
838	18	4	22:02:11
717	18	4	22:02:11
676	18	4	22:02:11
628	18	4	22:02:11
636	18	4	22:02:11
692	18	4	22:02:11
727	18	4	22:02:11
824	18	4	22:02:11
1086	18	4	22:02:11
1029	18	4	22:02:11
1013	18	4	22:02:11
935	18	4	22:02:11
862	18	4	22:02:11
800	18	4	22:02:11
671	18	4	22:02:11
649	18	4	22:02:11
641	18	4	22:02:11
606	18	4	22:02:11
706	18	4	22:02:11
787	18	4	22:02:11
819	18	4	22:02:11
1064	18	4	22:02:11
1032	18	4	22:02:11
970	18	4	22:02:11
865	18	4	22:02:11
846	18	4	22:02:11
797	18	4	22:02:11
711	18	4	22:02:11
676	18	4	22:02:11
641	18	4	22:02:11
620	18	4	22:02:11
684	18	4	22:02:11
743	18	4	22:02:11
857	18	4	22:02:11
1105	18	4	22:02:11
1075	18	4	22:02:11
1061	18	4	22:02:11
964	18	4	22:02:11
892	18	4	22:02:11
800	18	4	22:02:11
708	18	4	22:02:11
652	18	4	22:02:11
622	18	4	22:02:11
673	18	4	22:02:11
727	18	4	22:02:11
865	18	4	22:02:11
1140	18	4	22:02:11
1070	18	4	22:02:11
1024	18	4	22:02:11
943	18	4	22:02:11
795	18	4	22:02:11
673	18	4	22:02:11
684	18	4	22:02:11
620	18	4	22:02:11
593	18	4	22:02:11
638	18	4	22:02:11
625	18	4	22:02:11
706	18	4	22:02:11
827	18	4	22:02:11
999	18	4	22:02:11
1013	18	4	22:02:11
1043	18	4	22:02:11
991	18	4	22:02:11
897	18	4	22:02:11
849	18	4	22:02:11
770	18	4	22:02:11
663	18	4	22:02:11
660	18	4	22:02:11
628	18	4	22:02:11
628	18	4	22:02:11
706	18	4	22:02:11
862	18	4	22:02:11
1018	18	4	22:02:11
1021	18	4	22:02:11
1051	18	4	22:02:11
967	18	4	22:02:11
892	18	4	22:02:11
830	18	4	22:02:11
717	18	4	22:02:11
700	18	4	22:02:11
638	18	4	22:02:11
630	18	4	22:02:11
663	18	4	22:02:11
708	18	4	22:02:11
768	18	4	22:02:11
905	18	4	22:02:11
1043	18	4	22:02:11
1067	18	4	22:02:11
929	18	4	22:02:11
859	18	4	22:02:11
792	18	4	22:02:11
735	18	4	22:02:11
706	18	4	22:02:11
668	18	4	22:02:11
630	18	4	22:02:11
609	18	4	22:02:11
698	18	4	22:02:11
754	18	4	22:02:11
878	18	4	22:02:11
1086	18	4	22:02:11
1056	18	4	22:02:11
924	18	4	22:02:11
859	18	4	22:02:11
773	18	4	22:02:11
754	18	4	22:02:11
687	18	4	22:02:11
636	18	4	22:02:11
638	18	4	22:02:11
622	18	4	22:02:11
684	18	4	22:02:11
765	18	4	22:02:11
975	18	4	22:02:11
991	18	4	22:02:11
986	18	4	22:02:11
962	18	4	22:02:11
824	18	4	22:02:11
741	18	4	22:02:11
757	18	4	22:02:11
730	18	4	22:02:11
690	18	4	22:02:11
641	18	4	22:02:11
611	18	4	22:02:11
663	18	4	22:02:11
757	18	4	22:02:11
832	18	4	22:02:11
1034	18	4	22:02:11
1064	18	4	22:02:11
1040	18	4	22:02:11
927	18	4	22:02:11
881	18	4	22:02:11
876	18	4	22:02:11
733	18	4	22:02:11
641	18	4	22:02:11
622	18	4	22:02:11
649	18	4	22:02:11
628	18	4	22:02:11
695	18	4	22:02:11
811	18	4	22:02:11
943	18	4	22:02:11
973	18	4	22:02:11
981	18	4	22:02:11
970	18	4	22:02:11
870	18	4	22:02:11
803	18	4	22:02:11
722	18	4	22:02:11
703	18	4	22:02:11
652	18	4	22:02:11
611	18	4	22:02:11
665	18	4	22:02:11
657	18	4	22:02:11
770	18	4	22:02:11
902	18	4	22:02:11
964	18	4	22:02:11
994	18	4	22:02:11
956	18	4	22:02:11
894	18	4	22:02:11
854	18	4	22:02:11
738	18	4	22:02:11
676	18	4	22:02:11
673	18	4	22:02:11
628	18	4	22:02:11
636	18	4	22:02:11
687	18	4	22:02:11
765	18	4	22:02:11
975	18	4	22:02:11
1040	18	4	22:02:11
1024	18	4	22:02:11
932	18	4	22:02:11
862	18	4	22:02:11
894	18	4	22:02:11
765	18	4	22:02:11
703	18	4	22:02:11
638	18	4	22:02:11
617	18	4	22:02:11
663	18	4	22:02:11
714	18	4	22:02:11
824	18	4	22:02:11
1032	18	4	22:02:11
1024	18	4	22:02:11
986	18	4	22:02:11
967	18	4	22:02:11
870	18	4	22:02:11
835	18	4	22:02:11
735	18	4	22:02:11
646	18	4	22:02:11
655	18	4	22:02:11
617	18	4	22:02:11
630	18	4	22:02:11
711	18	4	22:02:11
776	18	4	22:02:11
940	18	4	22:02:11
1105	18	4	22:02:11
1026	18	4	22:02:11
981	18	4	22:02:11
921	18	4	22:02:11
811	18	4	22:02:11
760	18	4	22:02:11
698	18	4	22:02:11
646	18	4	22:02:11
620	18	4	22:02:11
652	18	4	22:02:11
711	18	4	22:02:11
779	18	4	22:02:11
951	18	4	22:02:11
999	18	4	22:02:11
999	18	4	22:02:11
964	18	4	22:02:11
862	18	4	22:02:11
800	18	4	22:02:11
743	18	4	22:02:11
655	18	4	22:02:11
628	18	4	22:02:11
649	18	4	22:02:11
652	18	4	22:02:11
719	18	4	22:02:11
892	18	4	22:02:11
911	18	4	22:02:11
1005	18	4	22:02:11
999	18	4	22:02:11
956	18	4	22:02:11
870	18	4	22:02:11
792	18	4	22:02:11
749	18	4	22:02:11
684	18	4	22:02:11
655	18	4	22:02:11
638	18	4	22:02:11
641	18	4	22:02:11
719	18	4	22:02:11
752	18	4	22:02:11
962	18	4	22:02:11
978	18	4	22:02:11
959	18	4	22:02:11
929	18	4	22:02:11
908	18	4	22:02:11
835	18	4	22:02:11
762	18	4	22:02:11
660	18	4	22:02:11
665	18	4	22:02:11
625	18	4	22:02:11
622	18	4	22:02:11
668	18	4	22:02:11
719	18	4	22:02:11
811	18	4	22:02:11
940	18	4	22:02:11
978	18	4	22:02:11
967	18	4	22:02:11
892	18	4	22:02:11
814	18	4	22:02:11
787	18	4	22:02:11
714	18	4	22:02:11
646	18	4	22:02:11
649	18	4	22:02:11
620	18	4	22:02:11
630	18	4	22:02:11
730	18	4	22:02:11
803	18	4	22:02:11
1070	18	4	22:02:11
1018	18	4	22:02:11
1021	18	4	22:02:11
956	18	4	22:02:11
843	18	4	22:02:11
730	18	4	22:02:11
676	18	4	22:02:11
690	18	4	22:02:11
649	18	4	22:02:11
638	18	4	22:02:11
628	18	4	22:02:11
684	18	4	22:02:11
733	18	4	22:02:11
986	18	4	22:02:11
1010	18	4	22:02:11
989	18	4	22:02:11
973	18	4	22:02:11
816	18	4	22:02:11
711	18	4	22:02:11
652	18	4	22:02:11
644	18	4	22:02:11
625	18	4	22:02:11
587	18	4	22:02:11
633	18	4	22:02:11
603	18	4	22:02:11
773	18	4	22:02:11
1083	18	4	22:02:11
1051	18	4	22:02:11
1029	18	4	22:02:11
1043	18	4	22:02:11
983	18	4	22:02:11
916	18	4	22:02:11
805	18	4	22:02:11
695	18	4	22:02:11
641	18	4	22:02:11
644	18	4	22:02:11
633	18	4	22:02:11
762	18	4	22:02:11
999	18	4	22:02:11
1067	18	4	22:02:11
1048	18	4	22:02:11
1024	18	4	22:02:11
935	18	4	22:02:11
902	18	4	22:02:11
816	18	4	22:02:11
722	18	4	22:02:11
641	18	4	22:02:11
622	18	4	22:02:11
638	18	4	22:02:11
663	18	4	22:02:11
765	18	4	22:02:11
1008	18	4	22:02:11
1061	18	4	22:02:11
1026	18	4	22:02:11
1016	18	4	22:02:11
932	18	4	22:02:11
884	18	4	22:02:11
811	18	4	22:02:11
692	18	4	22:02:11
641	18	4	22:02:11
638	18	4	22:02:11
630	18	4	22:02:11
663	18	4	22:02:11
765	18	4	22:02:11
924	18	4	22:02:11
983	18	4	22:02:11
964	18	4	22:02:11
983	18	4	22:02:11
902	18	4	22:02:11
835	18	4	22:02:11
762	18	4	22:02:11
668	18	4	22:02:11
681	18	4	22:02:11
620	18	4	22:02:11
622	18	4	22:02:11
695	18	4	22:02:11
735	18	4	22:02:11
851	18	4	22:02:11
989	18	4	22:02:11
954	18	4	22:02:11
954	18	4	22:02:11
905	18	4	22:02:11
830	18	4	22:02:11
792	18	4	22:02:11
703	18	4	22:02:11
671	18	4	22:02:11
652	18	4	22:02:11
614	18	4	22:02:11
630	18	4	22:02:11
690	18	4	22:02:11
776	18	4	22:02:11
889	18	4	22:02:11
1008	18	4	22:02:11
989	18	4	22:02:11
916	18	4	22:02:11
816	18	4	22:02:11
784	18	4	22:02:11
789	18	4	22:02:11
708	18	4	22:02:11
652	18	4	22:02:11
655	18	4	22:02:11
644	18	4	22:02:11
657	18	4	22:02:11
725	18	4	22:02:11
900	18	4	22:02:11
999	18	4	22:02:11
1005	18	4	22:02:11
911	18	4	22:02:11
897	18	4	22:02:11
832	18	4	22:02:11
781	18	4	22:02:11
687	18	4	22:02:11
601	18	4	22:02:11
611	18	4	22:02:11
630	18	4	22:02:11
633	18	4	22:02:11
719	18	4	22:02:11
935	18	4	22:02:11
1064	18	4	22:02:11
989	18	4	22:02:11
919	18	4	22:02:11
851	18	4	22:02:11
765	18	4	22:02:11
727	18	4	22:02:11
706	18	4	22:02:11
684	18	4	22:02:11
638	18	4	22:02:11
638	18	4	22:02:11
646	18	4	22:02:11
652	18	4	22:02:11
714	18	4	22:02:11
851	18	4	22:02:11
889	18	4	22:02:11
902	18	4	22:02:11
878	18	4	22:02:11
805	18	4	22:02:11
725	18	4	22:02:11
768	18	4	22:02:11
733	18	4	22:02:11
644	18	4	22:02:11
646	18	4	22:02:11
622	18	4	22:02:11
636	18	4	22:02:11
708	18	4	22:02:11
741	18	4	22:02:11
843	18	4	22:02:11
908	18	4	22:02:11
929	18	4	22:02:11
929	18	4	22:02:11
862	18	4	22:02:11
803	18	4	22:02:11
760	18	4	22:02:11
668	18	4	22:02:11
646	18	4	22:02:11
636	18	4	22:02:11
646	18	4	22:02:11
690	18	4	22:02:11
722	18	4	22:02:11
803	18	4	22:02:11
948	18	4	22:02:11
943	18	4	22:02:11
927	18	4	22:02:11
894	18	4	22:02:11
843	18	4	22:02:11
843	18	4	22:02:11
792	18	4	22:02:11
681	18	4	22:02:11
660	18	4	22:02:11
617	18	4	22:02:11
628	18	4	22:02:11
695	18	4	22:02:11
789	18	4	22:02:11
967	18	4	22:02:11
1013	18	4	22:02:11
978	18	4	22:02:11
962	18	4	22:02:11
873	18	4	22:02:11
870	18	4	22:02:11
757	18	4	22:02:11
681	18	4	22:02:11
652	18	4	22:02:11
628	18	4	22:02:11
676	18	4	22:02:11
725	18	4	22:02:11
789	18	4	22:02:11
989	18	4	22:02:11
946	18	4	22:02:11
956	18	4	22:02:11
919	18	4	22:02:11
870	18	4	22:02:11
792	18	4	22:02:11
741	18	4	22:02:11
660	18	4	22:02:11
668	18	4	22:02:11
625	18	4	22:02:11
628	18	4	22:02:11
706	18	4	22:02:11
762	18	4	22:02:11
881	18	4	22:02:11
954	18	4	22:02:11
962	18	4	22:02:11
973	18	4	22:02:11
867	18	4	22:02:11
781	18	4	22:02:11
773	18	4	22:02:11
692	18	4	22:02:11
655	18	4	22:02:11
641	18	4	22:02:11
622	18	4	22:02:11
660	18	4	22:02:11
727	18	4	22:02:11
776	18	4	22:02:11
816	18	4	22:02:11
902	18	4	22:02:11
951	18	4	22:02:11
929	18	4	22:02:11
876	18	4	22:02:11
854	18	4	22:02:11
770	18	4	22:02:11
690	18	4	22:02:11
622	18	4	22:02:11
652	18	4	22:02:11
614	18	4	22:02:11
649	18	4	22:02:11
671	18	4	22:02:11
722	18	4	22:02:11
924	18	4	22:02:11
946	18	4	22:02:11
894	18	4	22:02:11
865	18	4	22:02:11
830	18	4	22:02:11
816	18	4	22:02:11
727	18	4	22:02:11
663	18	4	22:02:11
663	18	4	22:02:11
601	18	4	22:02:11
625	18	4	22:02:11
681	18	4	22:02:11
730	18	4	22:02:11
881	18	4	22:02:11
1059	18	4	22:02:11
997	18	4	22:02:11
954	18	4	22:02:11
897	18	4	22:02:11
770	18	4	22:02:11
671	18	4	22:02:11
584	18	4	22:02:11
622	18	4	22:02:11
601	18	4	22:02:11
609	18	4	22:02:11
649	18	4	22:02:11
706	18	4	22:02:11
768	18	4	22:02:11
997	18	4	22:02:11
997	18	4	22:02:11
948	18	4	22:02:11
932	18	4	22:02:11
927	18	4	22:02:11
838	18	4	22:02:11
733	18	4	22:02:11
644	18	4	22:02:11
649	18	4	22:02:11
611	18	4	22:02:11
628	18	4	22:02:11
722	18	4	22:02:11
822	18	4	22:02:11
970	18	4	22:02:11
994	18	4	22:02:11
967	18	4	22:02:11
940	18	4	22:02:11
851	18	4	22:02:11
840	18	4	22:02:11
770	18	4	22:02:11
692	18	4	22:02:11
630	18	4	22:02:11
630	18	4	22:02:11
652	18	4	22:02:11
676	18	4	22:02:11
743	18	4	22:02:11
884	18	4	22:02:11
1016	18	4	22:02:11
981	18	4	22:02:11
902	18	4	22:02:11
822	18	4	22:02:11
757	18	4	22:02:11
700	18	4	22:02:11
692	18	4	22:02:11
633	18	4	22:02:11
617	18	4	22:02:11
646	18	4	22:02:11
625	18	4	22:02:11
719	18	4	22:02:11
978	18	4	22:02:11
1002	18	4	22:02:11
959	18	4	22:02:11
973	18	4	22:02:11
927	18	4	22:02:11
846	18	4	22:02:11
787	18	4	22:02:11
717	18	4	22:02:11
681	18	4	22:02:11
630	18	4	22:02:11
606	18	4	22:02:11
663	18	4	22:02:11
684	18	4	22:02:11
741	18	4	22:02:11
981	18	4	22:02:11
964	18	4	22:02:11
932	18	4	22:02:11
894	18	4	22:02:11
840	18	4	22:02:11
781	18	4	22:02:11
722	18	4	22:02:11
665	18	4	22:02:11
679	18	4	22:02:11
611	18	4	22:02:11
622	18	4	22:02:11
687	18	4	22:02:11
752	18	4	22:02:11
913	18	4	22:02:11
997	18	4	22:02:11
983	18	4	22:02:11
997	18	4	22:02:11
935	18	4	22:02:11
865	18	4	22:02:11
816	18	4	22:02:11
684	18	4	22:02:11
638	18	4	22:02:11
638	18	4	22:02:11
641	18	4	22:02:11
633	18	4	22:02:11
717	18	4	22:02:11
854	18	4	22:02:11
1024	18	4	22:02:11
989	18	4	22:02:11
959	18	4	22:02:11
908	18	4	22:02:11
843	18	4	22:02:11
730	18	4	22:02:11
711	18	4	22:02:11
684	18	4	22:02:11
641	18	4	22:02:11
625	18	4	22:02:11
633	18	4	22:02:11
703	18	4	22:02:11
784	18	4	22:02:11
970	18	4	22:02:11
1018	18	4	22:02:11
994	18	4	22:02:11
943	18	4	22:02:11
878	18	4	22:02:11
757	18	4	22:02:11
722	18	4	22:02:11
663	18	4	22:02:11
657	18	4	22:02:11
609	18	4	22:02:11
636	18	4	22:02:11
668	18	4	22:02:11
792	18	4	22:02:11
787	18	4	22:02:11
951	18	4	22:02:11
964	18	4	22:02:11
973	18	4	22:02:11
970	18	4	22:02:11
919	18	4	22:02:11
862	18	4	22:02:11
792	18	4	22:02:11
649	18	4	22:02:11
633	18	4	22:02:11
620	18	4	22:02:11
638	18	4	22:02:11
695	18	4	22:02:11
765	18	4	22:02:11
876	18	4	22:02:11
935	18	4	22:02:11
921	18	4	22:02:11
884	18	4	22:02:11
843	18	4	22:02:11
827	18	4	22:02:11
762	18	4	22:02:11
679	18	4	22:02:11
636	18	4	22:02:11
641	18	4	22:02:11
628	18	4	22:02:11
722	18	4	22:02:11
795	18	4	22:02:11
935	18	4	22:02:11
1008	18	4	22:02:11
975	18	4	22:02:11
970	18	4	22:02:11
889	18	4	22:02:11
889	18	4	22:02:11
789	18	4	22:02:11
690	18	4	22:02:11
663	18	4	22:02:11
617	18	4	22:02:11
641	18	4	22:02:11
660	18	4	22:02:11
849	18	4	22:02:11
932	18	4	22:02:11
1059	18	4	22:02:11
1018	18	4	22:02:11
946	18	4	22:02:11
876	18	4	22:02:11
865	18	4	22:02:11
779	18	4	22:02:11
668	18	4	22:02:11
638	18	4	22:02:11
636	18	4	22:02:11
620	18	4	22:02:11
719	18	4	22:02:11
830	18	4	22:02:11
937	18	4	22:02:11
1032	18	4	22:02:11
994	18	4	22:02:11
970	18	4	22:02:11
881	18	4	22:02:11
805	18	4	22:02:11
752	18	4	22:02:11
663	18	4	22:02:11
668	18	4	22:02:11
620	18	4	22:02:11
630	18	4	22:02:11
708	18	4	22:02:11
741	18	4	22:02:11
905	18	4	22:02:11
999	18	4	22:02:11
1005	18	4	22:02:11
943	18	4	22:02:11
902	18	4	22:02:11
886	18	4	22:02:11
867	18	4	22:02:11
768	18	4	22:02:11
657	18	4	22:02:11
620	18	4	22:02:11
638	18	4	22:02:11
611	18	4	22:02:11
695	18	4	22:02:11
900	18	4	22:02:11
943	18	4	22:02:11
1037	18	4	22:02:11
954	18	4	22:02:11
878	18	4	22:02:11
889	18	4	22:02:11
792	18	4	22:02:11
692	18	4	22:02:11
673	18	4	22:02:11
638	18	4	22:02:11
628	18	4	22:02:11
668	18	4	22:02:11
779	18	4	22:02:11
873	18	4	22:02:11
1070	18	4	22:02:11
1034	18	4	22:02:11
959	18	4	22:02:11
937	18	4	22:02:11
859	18	4	22:02:11
870	18	4	22:02:11
746	18	4	22:02:11
655	18	4	22:02:11
638	18	4	22:02:11
660	18	4	22:02:11
681	18	4	22:02:11
725	18	4	22:02:11
911	18	4	22:02:11
894	18	4	22:02:11
1061	18	4	22:02:11
959	18	4	22:02:11
897	18	4	22:02:11
857	18	4	22:02:11
859	18	4	22:02:11
749	18	4	22:02:11
644	18	4	22:02:11
641	18	4	22:02:11
622	18	4	22:02:11
652	18	4	22:02:11
800	18	4	22:02:11
900	18	4	22:02:11
1024	18	4	22:02:11
973	18	4	22:02:11
924	18	4	22:02:11
889	18	4	22:02:11
857	18	4	22:02:11
859	18	4	22:02:11
725	18	4	22:02:11
644	18	4	22:02:11
628	18	4	22:02:11
646	18	4	22:02:11
646	18	4	22:02:11
757	18	4	22:02:11
900	18	4	22:02:11
1029	18	4	22:02:11
1061	18	4	22:02:11
962	18	4	22:02:11
894	18	4	22:02:11
792	18	4	22:02:11
665	18	4	22:02:11
609	18	4	22:02:11
622	18	4	22:02:11
609	18	4	22:02:11
595	18	4	22:02:11
671	18	4	22:02:11
711	18	4	22:02:11
840	18	4	22:02:11
997	18	4	22:02:11
983	18	4	22:02:11
970	18	4	22:02:11
956	18	4	22:02:11
902	18	4	22:02:11
822	18	4	22:02:11
711	18	4	22:02:11
663	18	4	22:02:11
638	18	4	22:02:11
649	18	4	22:02:11
655	18	4	22:02:11
703	18	4	22:02:11
695	18	4	22:02:11
943	18	4	22:02:11
1013	18	4	22:02:11
956	18	4	22:02:11
913	18	4	22:02:11
859	18	4	22:02:11
808	18	4	22:02:11
789	18	4	22:02:11
711	18	4	22:02:11
625	18	4	22:02:11
646	18	4	22:02:11
633	18	4	22:02:11
676	18	4	22:02:11
641	18	4	22:02:11
663	18	4	22:02:11
865	18	4	22:02:11
919	18	4	22:02:11
959	18	4	22:02:11
919	18	4	22:02:11
849	18	4	22:02:11
727	18	4	22:02:11
655	18	4	22:02:11
617	18	4	22:02:11
630	18	4	22:02:11
593	18	4	22:02:11
641	18	4	22:02:11
665	18	4	22:02:11
695	18	4	22:02:11
743	18	4	22:02:11
911	18	4	22:02:11
959	18	4	22:02:11
975	18	4	22:02:11
940	18	4	22:02:11
892	18	4	22:02:11
851	18	4	22:02:11
738	18	4	22:02:11
652	18	4	22:02:11
663	18	4	22:02:11
617	18	4	22:02:11
638	18	4	22:02:11
743	18	4	22:02:11
973	18	4	22:02:11
1094	18	4	22:02:11
1029	18	4	22:02:11
981	18	4	22:02:11
908	18	4	22:02:11
857	18	4	22:02:11
757	18	4	22:02:11
692	18	4	22:02:11
679	18	4	22:02:11
652	18	4	22:02:11
638	18	4	22:02:11
633	18	4	22:02:11
687	18	4	22:02:11
714	18	4	22:02:11
986	18	4	22:02:11
991	18	4	22:02:11
948	18	4	22:02:11
919	18	4	22:02:11
897	18	4	22:02:11
867	18	4	22:02:11
827	18	4	22:02:11
692	18	4	22:02:11
657	18	4	22:02:11
625	18	4	22:02:11
628	18	4	22:02:11
725	18	4	22:02:11
889	18	4	22:02:11
886	18	4	22:02:11
1086	18	4	22:02:11
1043	18	4	22:02:11
962	18	4	22:02:11
894	18	4	22:02:11
873	18	4	22:02:11
827	18	4	22:02:11
679	18	4	22:02:11
652	18	4	22:02:11
611	18	4	22:02:11
657	18	4	22:02:11
681	18	4	22:02:11
816	18	4	22:02:11
932	18	4	22:02:11
916	18	4	22:02:11
1016	18	4	22:02:11
905	18	4	22:02:11
838	18	4	22:02:11
843	18	4	22:02:11
741	18	4	22:02:11
649	18	4	22:02:11
652	18	4	22:02:11
633	18	4	22:02:11
628	18	4	22:02:11
706	18	4	22:02:11
781	18	4	22:02:11
943	18	4	22:02:11
1002	18	4	22:02:11
967	18	4	22:02:11
924	18	4	22:02:11
865	18	4	22:02:11
784	18	4	22:02:11
754	18	4	22:02:11
660	18	4	22:02:11
633	18	4	22:02:11
633	18	4	22:02:11
609	18	4	22:02:11
638	18	4	22:02:11
690	18	4	22:02:11
743	18	4	22:02:11
908	18	4	22:02:11
948	18	4	22:02:11
967	18	4	22:02:11
932	18	4	22:02:11
892	18	4	22:02:11
832	18	4	22:02:11
738	18	4	22:02:11
646	18	4	22:02:11
630	18	4	22:02:11
649	18	4	22:02:11
633	18	4	22:02:11
676	18	4	22:02:11
805	18	4	22:02:11
876	18	4	22:02:11
1002	18	4	22:02:11
981	18	4	22:02:11
919	18	4	22:02:11
902	18	4	22:02:11
849	18	4	22:02:11
816	18	4	22:02:11
703	18	4	22:02:11
636	18	4	22:02:11
609	18	4	22:02:11
633	18	4	22:02:11
663	18	4	22:02:11
698	18	4	22:02:11
760	18	4	22:02:11
889	18	4	22:02:11
870	18	4	22:02:11
870	18	4	22:02:11
849	18	4	22:02:11
800	18	4	22:02:11
708	18	4	22:02:11
638	18	4	22:02:11
606	18	4	22:02:11
614	18	4	22:02:11
601	18	4	22:02:11
603	18	4	22:02:11
663	18	4	22:02:11
692	18	4	22:02:11
757	18	4	22:02:11
870	18	4	22:02:11
951	18	4	22:02:11
924	18	4	22:02:11
902	18	4	22:02:11
865	18	4	22:02:11
803	18	4	22:02:11
760	18	4	22:02:11
695	18	4	22:02:11
652	18	4	22:02:11
609	18	4	22:02:11
641	18	4	22:02:11
652	18	4	22:02:11
776	18	4	22:02:11
924	18	4	22:02:11
1148	18	4	22:02:11
1034	18	4	22:02:11
962	18	4	22:02:11
927	18	4	22:02:11
884	18	4	22:02:11
824	18	4	22:02:11
687	18	4	22:02:11
628	18	4	22:02:11
644	18	4	22:02:11
628	18	4	22:02:11
703	18	4	22:02:11
797	18	4	22:02:11
940	18	4	22:02:11
932	18	4	22:02:11
905	18	4	22:02:11
881	18	4	22:02:11
867	18	4	22:02:11
873	18	4	22:02:11
846	18	4	22:02:11
722	18	4	22:02:11
668	18	4	22:02:11
620	18	4	22:02:11
630	18	4	22:02:11
681	18	4	22:02:11
703	18	4	22:02:11
800	18	4	22:02:11
916	18	4	22:02:11
1018	18	4	22:02:11
946	18	4	22:02:11
886	18	4	22:02:11
859	18	4	22:02:11
851	18	4	22:02:11
784	18	4	22:02:11
641	18	4	22:02:11
655	18	4	22:02:11
617	18	4	22:02:11
638	18	4	22:02:11
703	18	4	22:02:11
830	18	4	22:02:11
924	18	4	22:02:11
911	18	4	22:02:11
1075	18	4	22:02:11
946	18	4	22:02:11
873	18	4	22:02:11
862	18	4	22:02:11
800	18	4	22:02:11
676	18	4	22:02:11
625	18	4	22:02:11
638	18	4	22:02:11
641	18	4	22:02:11
673	18	4	22:02:11
768	18	4	22:02:11
935	18	4	22:02:11
1013	18	4	22:02:11
973	18	4	22:02:11
946	18	4	22:02:11
881	18	4	22:02:11
851	18	4	22:02:11
768	18	4	22:02:11
679	18	4	22:02:11
684	18	4	22:02:11
620	18	4	22:02:11
622	18	4	22:02:11
671	18	4	22:02:11
725	18	4	22:02:11
849	18	4	22:02:11
986	18	4	22:02:11
946	18	4	22:02:11
897	18	4	22:02:11
886	18	4	22:02:11
862	18	4	22:02:11
770	18	4	22:02:11
684	18	4	22:02:11
660	18	4	22:02:11
636	18	4	22:02:11
606	18	4	22:02:11
644	18	4	22:02:11
687	18	4	22:02:11
698	18	4	22:02:11
830	18	4	22:02:11
956	18	4	22:02:11
943	18	4	22:02:11
886	18	4	22:02:11
873	18	4	22:02:11
835	18	4	22:02:11
735	18	4	22:02:11
657	18	4	22:02:11
655	18	4	22:02:11
630	18	4	22:02:11
625	18	4	22:02:11
668	18	4	22:02:11
695	18	4	22:02:11
773	18	4	22:02:11
997	18	4	22:02:11
989	18	4	22:02:11
962	18	4	22:02:11
916	18	4	22:02:11
840	18	4	22:02:11
781	18	4	22:02:11
746	18	4	22:02:11
660	18	4	22:02:11
655	18	4	22:02:11
625	18	4	22:02:11
663	18	4	22:02:11
690	18	4	22:02:11
735	18	4	22:02:11
816	18	4	22:02:11
967	18	4	22:02:11
967	18	4	22:02:11
932	18	4	22:02:11
897	18	4	22:02:11
835	18	4	22:02:11
792	18	4	22:02:11
681	18	4	22:02:11
660	18	4	22:02:11
625	18	4	22:02:11
625	18	4	22:02:11
665	18	4	22:02:11
730	18	4	22:02:11
843	18	4	22:02:11
919	18	4	22:02:11
954	18	4	22:02:11
913	18	4	22:02:11
884	18	4	22:02:11
840	18	4	22:02:11
752	18	4	22:02:11
719	18	4	22:02:11
665	18	4	22:02:11
663	18	4	22:02:11
620	18	4	22:02:11
620	18	4	22:02:11
657	18	4	22:02:11
714	18	4	22:02:11
795	18	4	22:02:11
1016	18	4	22:02:11
1018	18	4	22:02:11
943	18	4	22:02:11
881	18	4	22:02:11
878	18	4	22:02:11
738	18	4	22:02:11
698	18	4	22:02:11
636	18	4	22:02:11
652	18	4	22:02:11
625	18	4	22:02:11
644	18	4	22:02:11
668	18	4	22:02:11
725	18	4	22:02:11
967	18	4	22:02:11
997	18	4	22:02:11
983	18	4	22:02:11
954	18	4	22:02:11
878	18	4	22:02:11
859	18	4	22:02:11
789	18	4	22:02:11
673	18	4	22:02:11
649	18	4	22:02:11
646	18	4	22:02:11
622	18	4	22:02:11
665	18	4	22:02:11
735	18	4	22:02:11
886	18	4	22:02:11
970	18	4	22:02:11
1016	18	4	22:02:11
921	18	4	22:02:11
854	18	4	22:02:11
779	18	4	22:02:11
746	18	4	22:02:11
695	18	4	22:02:11
655	18	4	22:02:11
657	18	4	22:02:11
630	18	4	22:02:11
644	18	4	22:02:11
714	18	4	22:02:11
711	18	4	22:02:11
795	18	4	22:02:11
997	18	4	22:02:11
956	18	4	22:02:11
897	18	4	22:02:11
889	18	4	22:02:11
867	18	4	22:02:11
867	18	4	22:02:11
714	18	4	22:02:11
649	18	4	22:02:11
633	18	4	22:02:11
617	18	4	22:02:11
646	18	4	22:02:11
757	18	4	22:02:11
824	18	4	22:02:11
902	18	4	22:02:11
889	18	4	22:02:11
878	18	4	22:02:11
867	18	4	22:02:11
876	18	4	22:02:11
862	18	4	22:02:11
865	18	4	22:02:11
735	18	4	22:02:11
638	18	4	22:02:11
636	18	4	22:02:11
644	18	4	22:02:11
681	18	4	22:02:11
797	18	4	22:02:11
916	18	4	22:02:11
911	18	4	22:02:11
889	18	4	22:02:11
886	18	4	22:02:11
878	18	4	22:02:11
857	18	4	22:02:11
884	18	4	22:02:11
754	18	4	22:02:11
668	18	4	22:02:11
636	18	4	22:02:11
622	18	4	22:02:11
684	18	4	22:02:11
717	18	4	22:02:11
900	18	4	22:02:11
889	18	4	22:02:11
1021	18	4	22:02:11
946	18	4	22:02:11
897	18	4	22:02:11
867	18	4	22:02:11
851	18	4	22:02:11
687	18	4	22:02:11
646	18	4	22:02:11
644	18	4	22:02:11
617	18	4	22:02:11
652	18	4	22:02:11
714	18	4	22:02:11
725	18	4	22:02:11
913	18	4	22:02:11
1064	18	4	22:02:11
967	18	4	22:02:11
897	18	4	22:02:11
889	18	4	22:02:11
776	18	4	22:02:11
760	18	4	22:02:11
660	18	4	22:02:11
636	18	4	22:02:11
638	18	4	22:02:11
638	18	4	22:02:11
673	18	4	22:02:11
722	18	4	22:02:11
822	18	4	22:02:11
967	18	4	22:02:11
1018	18	4	22:02:11
975	18	4	22:02:11
892	18	4	22:02:11
832	18	4	22:02:11
671	18	4	22:02:11
679	18	4	22:02:11
625	18	4	22:02:11
630	18	4	22:02:11
614	18	4	22:02:11
620	18	4	22:02:11
690	18	4	22:02:11
754	18	4	22:02:11
908	18	4	22:02:11
997	18	4	22:02:11
981	18	4	22:02:11
921	18	4	22:02:11
851	18	4	22:02:11
816	18	4	22:02:11
827	18	4	22:02:11
690	18	4	22:02:11
649	18	4	22:02:11
652	18	4	22:02:11
641	18	4	22:02:11
668	18	4	22:02:11
700	18	4	22:02:11
787	18	4	22:02:11
854	18	4	22:02:11
940	18	4	22:02:11
894	18	4	22:02:11
876	18	4	22:02:11
824	18	4	22:02:11
746	18	4	22:02:11
722	18	4	22:02:11
660	18	4	22:02:11
657	18	4	22:02:11
638	18	4	22:02:11
611	18	4	22:02:11
649	18	4	22:02:11
668	18	4	22:02:11
719	18	4	22:02:11
859	18	4	22:02:11
943	18	4	22:02:11
946	18	4	22:02:11
902	18	4	22:02:11
814	18	4	22:02:11
749	18	4	22:02:11
722	18	4	22:02:11
695	18	4	22:02:11
660	18	4	22:02:11
630	18	4	22:02:11
638	18	4	22:02:11
665	18	4	22:02:11
687	18	4	22:02:11
760	18	4	22:02:11
937	18	4	22:02:11
999	18	4	22:02:11
975	18	4	22:02:11
913	18	4	22:02:11
870	18	4	22:02:11
779	18	4	22:02:11
765	18	4	22:02:11
708	18	4	22:02:11
652	18	4	22:02:11
652	18	4	22:02:11
676	18	4	22:02:11
700	18	4	22:02:11
727	18	4	22:02:11
827	18	4	22:02:11
932	18	4	22:02:11
1105	18	4	22:02:11
954	18	4	22:02:11
876	18	4	22:02:11
824	18	4	22:02:11
743	18	4	22:02:11
684	18	4	22:02:11
663	18	4	22:02:11
638	18	4	22:02:11
636	18	4	22:02:11
671	18	4	22:02:11
692	18	4	22:02:11
851	18	4	22:02:11
943	18	4	22:02:11
1043	18	4	22:02:11
978	18	4	22:02:11
908	18	4	22:02:11
824	18	4	22:02:11
765	18	4	22:02:11
749	18	4	22:02:11
687	18	4	22:02:11
649	18	4	22:02:11
665	18	4	22:02:11
622	18	4	22:02:11
641	18	4	22:02:11
655	18	4	22:02:11
703	18	4	22:02:11
808	18	4	22:02:11
884	18	4	22:02:11
954	18	4	22:02:11
905	18	4	22:02:11
897	18	4	22:02:11
803	18	4	22:02:11
749	18	4	22:02:11
671	18	4	22:02:11
655	18	4	22:02:11
638	18	4	22:02:11
641	18	4	22:02:11
668	18	4	22:02:11
711	18	4	22:02:11
741	18	4	22:02:11
959	18	4	22:02:11
1013	18	4	22:02:11
962	18	4	22:02:11
900	18	4	22:02:11
760	18	4	22:02:11
695	18	4	22:02:11
695	18	4	22:02:11
679	18	4	22:02:11
620	18	4	22:02:11
620	18	4	22:02:11
638	18	4	22:02:11
622	18	4	22:02:11
646	18	4	22:02:11
687	18	4	22:02:11
795	18	4	22:02:11
900	18	4	22:02:11
894	18	4	22:02:11
884	18	4	22:02:11
840	18	4	22:02:11
770	18	4	22:02:11
749	18	4	22:02:11
668	18	4	22:02:11
655	18	4	22:02:11
620	18	4	22:02:11
617	18	4	22:02:11
665	18	4	22:02:11
700	18	4	22:02:11
749	18	4	22:02:11
867	18	4	22:02:11
1002	18	4	22:02:11
1013	18	4	22:02:11
956	18	4	22:02:11
905	18	4	22:02:11
811	18	4	22:02:11
754	18	4	22:02:11
684	18	4	22:02:11
1156	18	4	23:34:01
1083	18	4	23:34:01
1013	18	4	23:34:01
967	18	4	23:34:01
857	18	4	23:34:01
805	18	4	23:34:01
730	18	4	23:34:01
641	18	4	23:34:01
655	18	4	23:34:01
614	18	4	23:34:01
698	18	4	23:34:01
1185	18	4	23:34:01
1215	18	4	23:34:01
1169	18	4	23:34:01
1121	18	4	23:34:01
1021	18	4	23:34:01
959	18	4	23:34:01
886	18	4	23:34:01
676	18	4	23:34:01
649	18	4	23:34:01
620	18	4	23:34:01
617	18	4	23:34:01
690	18	4	23:34:01
1137	18	4	23:34:01
1140	18	4	23:34:01
1156	18	4	23:34:01
1013	18	4	23:34:01
1043	18	4	23:34:01
967	18	4	23:34:01
924	18	4	23:34:01
730	18	4	23:34:01
638	18	4	23:34:01
620	18	4	23:34:01
636	18	4	23:34:01
700	18	4	23:34:01
1158	18	4	23:34:01
1110	18	4	23:34:01
1129	18	4	23:34:01
1072	18	4	23:34:01
1053	18	4	23:34:01
978	18	4	23:34:01
921	18	4	23:34:01
735	18	4	23:34:01
638	18	4	23:34:01
620	18	4	23:34:01
638	18	4	23:34:01
665	18	4	23:34:01
1183	18	4	23:34:01
1153	18	4	23:34:01
1137	18	4	23:34:01
1067	18	4	23:34:01
1024	18	4	23:34:01
981	18	4	23:34:01
776	18	4	23:34:01
663	18	4	23:34:01
630	18	4	23:34:01
636	18	4	23:34:01
638	18	4	23:34:01
937	18	4	23:34:01
1177	18	4	23:34:01
1156	18	4	23:34:01
1107	18	4	23:34:01
1070	18	4	23:34:01
989	18	4	23:34:01
940	18	4	23:34:01
711	18	4	23:34:01
649	18	4	23:34:01
646	18	4	23:34:01
638	18	4	23:34:01
630	18	4	23:34:01
795	18	4	23:34:01
1148	18	4	23:34:01
1126	18	4	23:34:01
1083	18	4	23:34:01
1029	18	4	23:34:01
970	18	4	23:34:01
940	18	4	23:34:01
738	18	4	23:34:01
649	18	4	23:34:01
636	18	4	23:34:01
622	18	4	23:34:01
660	18	4	23:34:01
1059	18	4	23:34:01
1169	18	4	23:34:01
1137	18	4	23:34:01
1088	18	4	23:34:01
1008	18	4	23:34:01
905	18	4	23:34:01
722	18	4	23:34:01
633	18	4	23:34:01
676	18	4	23:34:01
544	18	4	23:34:01
641	18	4	23:34:01
741	18	4	23:34:01
1175	18	4	23:34:01
1129	18	4	23:34:01
1070	18	4	23:34:01
1102	18	4	23:34:01
1056	18	4	23:34:01
999	18	4	23:34:01
970	18	4	23:34:01
760	18	4	23:34:01
681	18	4	23:34:01
646	18	4	23:34:01
636	18	4	23:34:01
700	18	4	23:34:01
1118	18	4	23:34:01
1140	18	4	23:34:01
1113	18	4	23:34:01
1040	18	4	23:34:01
999	18	4	23:34:01
956	18	4	23:34:01
954	18	4	23:34:01
749	18	4	23:34:01
660	18	4	23:34:01
630	18	4	23:34:01
649	18	4	23:34:01
708	18	4	23:34:01
1193	18	4	23:34:01
1145	18	4	23:34:01
1129	18	4	23:34:01
1059	18	4	23:34:01
1037	18	4	23:34:01
997	18	4	23:34:01
803	18	4	23:34:01
681	18	4	23:34:01
638	18	4	23:34:01
625	18	4	23:34:01
665	18	4	23:34:01
816	18	4	23:34:01
1088	18	4	23:34:01
1110	18	4	23:34:01
1067	18	4	23:34:01
1005	18	4	23:34:01
948	18	4	23:34:01
908	18	4	23:34:01
754	18	4	23:34:01
633	18	4	23:34:01
646	18	4	23:34:01
617	18	4	23:34:01
636	18	4	23:34:01
951	18	4	23:34:01
1156	18	4	23:34:01
1132	18	4	23:34:01
1078	18	4	23:34:01
1040	18	4	23:34:01
989	18	4	23:34:01
956	18	4	23:34:01
827	18	4	23:34:01
692	18	4	23:34:01
644	18	4	23:34:01
622	18	4	23:34:01
657	18	4	23:34:01
770	18	4	23:34:01
1110	18	4	23:34:01
1067	18	4	23:34:01
1064	18	4	23:34:01
1016	18	4	23:34:01
983	18	4	23:34:01
964	18	4	23:34:01
800	18	4	23:34:01
660	18	4	23:34:01
644	18	4	23:34:01
636	18	4	23:34:01
614	18	4	23:34:01
733	18	4	23:34:01
1053	18	4	23:34:01
1094	18	4	23:34:01
1118	18	4	23:34:01
1040	18	4	23:34:01
978	18	4	23:34:01
943	18	4	23:34:01
859	18	4	23:34:01
695	18	4	23:34:01
638	18	4	23:34:01
614	18	4	23:34:01
646	18	4	23:34:01
730	18	4	23:34:01
983	18	4	23:34:01
1129	18	4	23:34:01
1078	18	4	23:34:01
1080	18	4	23:34:01
1018	18	4	23:34:01
951	18	4	23:34:01
937	18	4	23:34:01
717	18	4	23:34:01
646	18	4	23:34:01
657	18	4	23:34:01
617	18	4	23:34:01
690	18	4	23:34:01
889	18	4	23:34:01
1137	18	4	23:34:01
1070	18	4	23:34:01
1040	18	4	23:34:01
1013	18	4	23:34:01
921	18	4	23:34:01
867	18	4	23:34:01
690	18	4	23:34:01
630	18	4	23:34:01
644	18	4	23:34:01
622	18	4	23:34:01
695	18	4	23:34:01
1132	18	4	23:34:01
1064	18	4	23:34:01
1102	18	4	23:34:01
1078	18	4	23:34:01
1010	18	4	23:34:01
940	18	4	23:34:01
919	18	4	23:34:01
754	18	4	23:34:01
665	18	4	23:34:01
636	18	4	23:34:01
636	18	4	23:34:01
671	18	4	23:34:01
840	18	4	23:34:01
1086	18	4	23:34:01
1086	18	4	23:34:01
1051	18	4	23:34:01
981	18	4	23:34:01
948	18	4	23:34:01
929	18	4	23:34:01
752	18	4	23:34:01
652	18	4	23:34:01
655	18	4	23:34:01
636	18	4	23:34:01
652	18	4	23:34:01
787	18	4	23:34:01
1018	18	4	23:34:01
1091	18	4	23:34:01
1110	18	4	23:34:01
1026	18	4	23:34:01
973	18	4	23:34:01
919	18	4	23:34:01
824	18	4	23:34:01
698	18	4	23:34:01
633	18	4	23:34:01
628	18	4	23:34:01
655	18	4	23:34:01
676	18	4	23:34:01
800	18	4	23:34:01
1040	18	4	23:34:01
1051	18	4	23:34:01
1043	18	4	23:34:01
991	18	4	23:34:01
913	18	4	23:34:01
881	18	4	23:34:01
746	18	4	23:34:01
630	18	4	23:34:01
609	18	4	23:34:01
617	18	4	23:34:01
620	18	4	23:34:01
711	18	4	23:34:01
1018	18	4	23:34:01
970	18	4	23:34:01
1056	18	4	23:34:01
1034	18	4	23:34:01
991	18	4	23:34:01
937	18	4	23:34:01
905	18	4	23:34:01
741	18	4	23:34:01
649	18	4	23:34:01
630	18	4	23:34:01
625	18	4	23:34:01
633	18	4	23:34:01
687	18	4	23:34:01
781	18	4	23:34:01
1045	18	4	23:34:01
1045	18	4	23:34:01
994	18	4	23:34:01
919	18	4	23:34:01
902	18	4	23:34:01
876	18	4	23:34:01
690	18	4	23:34:01
649	18	4	23:34:01
638	18	4	23:34:01
601	18	4	23:34:01
671	18	4	23:34:01
886	18	4	23:34:01
967	18	4	23:34:01
1024	18	4	23:34:01
1056	18	4	23:34:01
959	18	4	23:34:01
908	18	4	23:34:01
911	18	4	23:34:01
795	18	4	23:34:01
668	18	4	23:34:01
660	18	4	23:34:01
614	18	4	23:34:01
638	18	4	23:34:01
700	18	4	23:34:01
905	18	4	23:34:01
1091	18	4	23:34:01
1053	18	4	23:34:01
1002	18	4	23:34:01
951	18	4	23:34:01
921	18	4	23:34:01
862	18	4	23:34:01
700	18	4	23:34:01
657	18	4	23:34:01
630	18	4	23:34:01
620	18	4	23:34:01
708	18	4	23:34:01
951	18	4	23:34:01
1118	18	4	23:34:01
1083	18	4	23:34:01
1013	18	4	23:34:01
973	18	4	23:34:01
921	18	4	23:34:01
873	18	4	23:34:01
730	18	4	23:34:01
638	18	4	23:34:01
649	18	4	23:34:01
630	18	4	23:34:01
649	18	4	23:34:01
835	18	4	23:34:01
1107	18	4	23:34:01
1099	18	4	23:34:01
1064	18	4	23:34:01
997	18	4	23:34:01
919	18	4	23:34:01
897	18	4	23:34:01
792	18	4	23:34:01
652	18	4	23:34:01
628	18	4	23:34:01
638	18	4	23:34:01
625	18	4	23:34:01
719	18	4	23:34:01
1048	18	4	23:34:01
1083	18	4	23:34:01
1034	18	4	23:34:01
1040	18	4	23:34:01
978	18	4	23:34:01
921	18	4	23:34:01
835	18	4	23:34:01
722	18	4	23:34:01
649	18	4	23:34:01
630	18	4	23:34:01
641	18	4	23:34:01
646	18	4	23:34:01
735	18	4	23:34:01
1040	18	4	23:34:01
1059	18	4	23:34:01
1048	18	4	23:34:01
962	18	4	23:34:01
900	18	4	23:34:01
830	18	4	23:34:01
735	18	4	23:34:01
628	18	4	23:34:01
617	18	4	23:34:01
630	18	4	23:34:01
603	18	4	23:34:01
665	18	4	23:34:01
708	18	4	23:34:01
876	18	4	23:34:01
1048	18	4	23:34:01
1010	18	4	23:34:01
964	18	4	23:34:01
800	18	4	23:34:01
665	18	4	23:34:01
679	18	4	23:34:01
622	18	4	23:34:01
606	18	4	23:34:01
603	18	4	23:34:01
601	18	4	23:34:01
636	18	4	23:34:01
738	18	4	23:34:01
822	18	4	23:34:01
1021	18	4	23:34:01
991	18	4	23:34:01
951	18	4	23:34:01
905	18	4	23:34:01
894	18	4	23:34:01
873	18	4	23:34:01
849	18	4	23:34:01
722	18	4	23:34:01
636	18	4	23:34:01
630	18	4	23:34:01
614	18	4	23:34:01
641	18	4	23:34:01
784	18	4	23:34:01
919	18	4	23:34:01
991	18	4	23:34:01
1008	18	4	23:34:01
981	18	4	23:34:01
919	18	4	23:34:01
881	18	4	23:34:01
832	18	4	23:34:01
671	18	4	23:34:01
644	18	4	23:34:01
625	18	4	23:34:01
590	18	4	23:34:01
660	18	4	23:34:01
757	18	4	23:34:01
908	18	4	23:34:01
991	18	4	23:34:01
1061	18	4	23:34:01
997	18	4	23:34:01
927	18	4	23:34:01
865	18	4	23:34:01
784	18	4	23:34:01
700	18	4	23:34:01
636	18	4	23:34:01
606	18	4	23:34:01
628	18	4	23:34:01
628	18	4	23:34:01
711	18	4	23:34:01
795	18	4	23:34:01
1037	18	4	23:34:01
1005	18	4	23:34:01
919	18	4	23:34:01
870	18	4	23:34:01
816	18	4	23:34:01
762	18	4	23:34:01
676	18	4	23:34:01
625	18	4	23:34:01
595	18	4	23:34:01
614	18	4	23:34:01
617	18	4	23:34:01
698	18	4	23:34:01
811	18	4	23:34:01
843	18	4	23:34:01
1043	18	4	23:34:01
1024	18	4	23:34:01
951	18	4	23:34:01
894	18	4	23:34:01
857	18	4	23:34:01
768	18	4	23:34:01
655	18	4	23:34:01
646	18	4	23:34:01
622	18	4	23:34:01
617	18	4	23:34:01
611	18	4	23:34:01
676	18	4	23:34:01
727	18	4	23:34:01
989	18	4	23:34:01
970	18	4	23:34:01
964	18	4	23:34:01
908	18	4	23:34:01
886	18	4	23:34:01
849	18	4	23:34:01
687	18	4	23:34:01
644	18	4	23:34:01
622	18	4	23:34:01
598	18	4	23:34:01
630	18	4	23:34:01
684	18	4	23:34:01
746	18	4	23:34:01
1018	18	4	23:34:01
1032	18	4	23:34:01
1018	18	4	23:34:01
865	18	4	23:34:01
846	18	4	23:34:01
779	18	4	23:34:01
692	18	4	23:34:01
636	18	4	23:34:01
641	18	4	23:34:01
628	18	4	23:34:01
617	18	4	23:34:01
692	18	4	23:34:01
876	18	4	23:34:01
1061	18	4	23:34:01
1061	18	4	23:34:01
1032	18	4	23:34:01
946	18	4	23:34:01
951	18	4	23:34:01
927	18	4	23:34:01
776	18	4	23:34:01
668	18	4	23:34:01
655	18	4	23:34:01
620	18	4	23:34:01
630	18	4	23:34:01
735	18	4	23:34:01
937	18	4	23:34:01
1026	18	4	23:34:01
1016	18	4	23:34:01
946	18	4	23:34:01
881	18	4	23:34:01
857	18	4	23:34:01
832	18	4	23:34:01
695	18	4	23:34:01
663	18	4	23:34:01
630	18	4	23:34:01
646	18	4	23:34:01
655	18	4	23:34:01
789	18	4	23:34:01
1094	18	4	23:34:01
1053	18	4	23:34:01
1034	18	4	23:34:01
1002	18	4	23:34:01
956	18	4	23:34:01
927	18	4	23:34:01
851	18	4	23:34:01
676	18	4	23:34:01
663	18	4	23:34:01
644	18	4	23:34:01
636	18	4	23:34:01
743	18	4	23:34:01
943	18	4	23:34:01
1043	18	4	23:34:01
1056	18	4	23:34:01
1005	18	4	23:34:01
970	18	4	23:34:01
951	18	4	23:34:01
897	18	4	23:34:01
738	18	4	23:34:01
641	18	4	23:34:01
657	18	4	23:34:01
628	18	4	23:34:01
690	18	4	23:34:01
867	18	4	23:34:01
1043	18	4	23:34:01
1032	18	4	23:34:01
1080	18	4	23:34:01
964	18	4	23:34:01
940	18	4	23:34:01
951	18	4	23:34:01
779	18	4	23:34:01
644	18	4	23:34:01
638	18	4	23:34:01
655	18	4	23:34:01
668	18	4	23:34:01
784	18	4	23:34:01
1134	18	4	23:34:01
1088	18	4	23:34:01
1037	18	4	23:34:01
946	18	4	23:34:01
916	18	4	23:34:01
916	18	4	23:34:01
757	18	4	23:34:01
676	18	4	23:34:01
638	18	4	23:34:01
633	18	4	23:34:01
668	18	4	23:34:01
733	18	4	23:34:01
948	18	4	23:34:01
1105	18	4	23:34:01
1083	18	4	23:34:01
1002	18	4	23:34:01
905	18	4	23:34:01
897	18	4	23:34:01
846	18	4	23:34:01
725	18	4	23:34:01
665	18	4	23:34:01
638	18	4	23:34:01
660	18	4	23:34:01
725	18	4	23:34:01
921	18	4	23:34:01
1013	18	4	23:34:01
1067	18	4	23:34:01
1024	18	4	23:34:01
991	18	4	23:34:01
921	18	4	23:34:01
897	18	4	23:34:01
717	18	4	23:34:01
660	18	4	23:34:01
636	18	4	23:34:01
622	18	4	23:34:01
668	18	4	23:34:01
708	18	4	23:34:01
851	18	4	23:34:01
935	18	4	23:34:01
1059	18	4	23:34:01
1040	18	4	23:34:01
973	18	4	23:34:01
881	18	4	23:34:01
859	18	4	23:34:01
741	18	4	23:34:01
644	18	4	23:34:01
614	18	4	23:34:01
625	18	4	23:34:01
614	18	4	23:34:01
676	18	4	23:34:01
857	18	4	23:34:01
997	18	4	23:34:01
994	18	4	23:34:01
997	18	4	23:34:01
932	18	4	23:34:01
900	18	4	23:34:01
873	18	4	23:34:01
722	18	4	23:34:01
622	18	4	23:34:01
655	18	4	23:34:01
603	18	4	23:34:01
655	18	4	23:34:01
706	18	4	23:34:01
768	18	4	23:34:01
1013	18	4	23:34:01
1005	18	4	23:34:01
997	18	4	23:34:01
937	18	4	23:34:01
892	18	4	23:34:01
857	18	4	23:34:01
770	18	4	23:34:01
671	18	4	23:34:01
633	18	4	23:34:01
628	18	4	23:34:01
628	18	4	23:34:01
735	18	4	23:34:01
746	18	4	23:34:01
900	18	4	23:34:01
1048	18	4	23:34:01
964	18	4	23:34:01
908	18	4	23:34:01
827	18	4	23:34:01
717	18	4	23:34:01
671	18	4	23:34:01
633	18	4	23:34:01
620	18	4	23:34:01
617	18	4	23:34:01
620	18	4	23:34:01
630	18	4	23:34:01
730	18	4	23:34:01
768	18	4	23:34:01
1018	18	4	23:34:01
1010	18	4	23:34:01
964	18	4	23:34:01
892	18	4	23:34:01
878	18	4	23:34:01
854	18	4	23:34:01
719	18	4	23:34:01
655	18	4	23:34:01
622	18	4	23:34:01
601	18	4	23:34:01
646	18	4	23:34:01
722	18	4	23:34:01
867	18	4	23:34:01
1034	18	4	23:34:01
1024	18	4	23:34:01
997	18	4	23:34:01
900	18	4	23:34:01
878	18	4	23:34:01
832	18	4	23:34:01
725	18	4	23:34:01
638	18	4	23:34:01
633	18	4	23:34:01
628	18	4	23:34:01
617	18	4	23:34:01
700	18	4	23:34:01
849	18	4	23:34:01
1010	18	4	23:34:01
1016	18	4	23:34:01
978	18	4	23:34:01
921	18	4	23:34:01
830	18	4	23:34:01
797	18	4	23:34:01
698	18	4	23:34:01
655	18	4	23:34:01
620	18	4	23:34:01
614	18	4	23:34:01
603	18	4	23:34:01
652	18	4	23:34:01
800	18	4	23:34:01
1016	18	4	23:34:01
1026	18	4	23:34:01
999	18	4	23:34:01
967	18	4	23:34:01
892	18	4	23:34:01
805	18	4	23:34:01
708	18	4	23:34:01
628	18	4	23:34:01
622	18	4	23:34:01
609	18	4	23:34:01
601	18	4	23:34:01
652	18	4	23:34:01
725	18	4	23:34:01
822	18	4	23:34:01
1021	18	4	23:34:01
1070	18	4	23:34:01
1034	18	4	23:34:01
948	18	4	23:34:01
867	18	4	23:34:01
830	18	4	23:34:01
687	18	4	23:34:01
625	18	4	23:34:01
620	18	4	23:34:01
603	18	4	23:34:01
628	18	4	23:34:01
679	18	4	23:34:01
738	18	4	23:34:01
1070	18	4	23:34:01
1045	18	4	23:34:01
986	18	4	23:34:01
973	18	4	23:34:01
876	18	4	23:34:01
811	18	4	23:34:01
692	18	4	23:34:01
652	18	4	23:34:01
617	18	4	23:34:01
622	18	4	23:34:01
630	18	4	23:34:01
668	18	4	23:34:01
725	18	4	23:34:01
1018	18	4	23:34:01
994	18	4	23:34:01
1008	18	4	23:34:01
921	18	4	23:34:01
867	18	4	23:34:01
822	18	4	23:34:01
733	18	4	23:34:01
641	18	4	23:34:01
638	18	4	23:34:01
603	18	4	23:34:01
614	18	4	23:34:01
657	18	4	23:34:01
719	18	4	23:34:01
940	18	4	23:34:01
1048	18	4	23:34:01
1045	18	4	23:34:01
975	18	4	23:34:01
919	18	4	23:34:01
862	18	4	23:34:01
808	18	4	23:34:01
671	18	4	23:34:01
628	18	4	23:34:01
625	18	4	23:34:01
603	18	4	23:34:01
633	18	4	23:34:01
773	18	4	23:34:01
1070	18	4	23:34:01
1051	18	4	23:34:01
1018	18	4	23:34:01
940	18	4	23:34:01
894	18	4	23:34:01
873	18	4	23:34:01
725	18	4	23:34:01
638	18	4	23:34:01
636	18	4	23:34:01
603	18	4	23:34:01
617	18	4	23:34:01
676	18	4	23:34:01
881	18	4	23:34:01
1102	18	4	23:34:01
1040	18	4	23:34:01
1045	18	4	23:34:01
975	18	4	23:34:01
916	18	4	23:34:01
894	18	4	23:34:01
727	18	4	23:34:01
638	18	4	23:34:01
636	18	4	23:34:01
603	18	4	23:34:01
663	18	4	23:34:01
762	18	4	23:34:01
808	18	4	23:34:01
1059	18	4	23:34:01
1018	18	4	23:34:01
991	18	4	23:34:01
894	18	4	23:34:01
894	18	4	23:34:01
843	18	4	23:34:01
754	18	4	23:34:01
671	18	4	23:34:01
611	18	4	23:34:01
630	18	4	23:34:01
617	18	4	23:34:01
679	18	4	23:34:01
1067	18	4	23:34:01
1048	18	4	23:34:01
1061	18	4	23:34:01
1048	18	4	23:34:01
940	18	4	23:34:01
892	18	4	23:34:01
776	18	4	23:34:01
687	18	4	23:34:01
628	18	4	23:34:01
614	18	4	23:34:01
636	18	4	23:34:01
700	18	4	23:34:01
967	18	4	23:34:01
1161	18	4	23:34:01
1096	18	4	23:34:01
1043	18	4	23:34:01
956	18	4	23:34:01
905	18	4	23:34:01
811	18	4	23:34:01
673	18	4	23:34:01
646	18	4	23:34:01
620	18	4	23:34:01
622	18	4	23:34:01
687	18	4	23:34:01
779	18	4	23:34:01
967	18	4	23:34:01
1145	18	4	23:34:01
1056	18	4	23:34:01
1016	18	4	23:34:01
881	18	4	23:34:01
827	18	4	23:34:01
762	18	4	23:34:01
708	18	4	23:34:01
655	18	4	23:34:01
622	18	4	23:34:01
646	18	4	23:34:01
620	18	4	23:34:01
714	18	4	23:34:01
908	18	4	23:34:01
1008	18	4	23:34:01
1008	18	4	23:34:01
991	18	4	23:34:01
935	18	4	23:34:01
884	18	4	23:34:01
830	18	4	23:34:01
663	18	4	23:34:01
628	18	4	23:34:01
633	18	4	23:34:01
617	18	4	23:34:01
679	18	4	23:34:01
846	18	4	23:34:01
978	18	4	23:34:01
1072	18	4	23:34:01
1040	18	4	23:34:01
989	18	4	23:34:01
948	18	4	23:34:01
886	18	4	23:34:01
808	18	4	23:34:01
652	18	4	23:34:01
636	18	4	23:34:01
614	18	4	23:34:01
598	18	4	23:34:01
673	18	4	23:34:01
830	18	4	23:34:01
943	18	4	23:34:01
1024	18	4	23:34:01
1018	18	4	23:34:01
970	18	4	23:34:01
892	18	4	23:34:01
892	18	4	23:34:01
779	18	4	23:34:01
663	18	4	23:34:01
617	18	4	23:34:01
603	18	4	23:34:01
638	18	4	23:34:01
725	18	4	23:34:01
811	18	4	23:34:01
948	18	4	23:34:01
1018	18	4	23:34:01
983	18	4	23:34:01
913	18	4	23:34:01
846	18	4	23:34:01
830	18	4	23:34:01
700	18	4	23:34:01
625	18	4	23:34:01
625	18	4	23:34:01
601	18	4	23:34:01
587	18	4	23:34:01
676	18	4	23:34:01
746	18	4	23:34:01
902	18	4	23:34:01
916	18	4	23:34:01
1096	18	4	23:34:01
1067	18	4	23:34:01
962	18	4	23:34:01
913	18	4	23:34:01
846	18	4	23:34:01
698	18	4	23:34:01
636	18	4	23:34:01
625	18	4	23:34:01
628	18	4	23:34:01
652	18	4	23:34:01
797	18	4	23:34:01
1078	18	4	23:34:01
1072	18	4	23:34:01
1034	18	4	23:34:01
999	18	4	23:34:01
921	18	4	23:34:01
900	18	4	23:34:01
859	18	4	23:34:01
719	18	4	23:34:01
636	18	4	23:34:01
611	18	4	23:34:01
622	18	4	23:34:01
638	18	4	23:34:01
814	18	4	23:34:01
964	18	4	23:34:01
1091	18	4	23:34:01
1018	18	4	23:34:01
916	18	4	23:34:01
865	18	4	23:34:01
832	18	4	23:34:01
681	18	4	23:34:01
625	18	4	23:34:01
633	18	4	23:34:01
609	18	4	23:34:01
636	18	4	23:34:01
727	18	4	23:34:01
784	18	4	23:34:01
940	18	4	23:34:01
1075	18	4	23:34:01
1005	18	4	23:34:01
940	18	4	23:34:01
892	18	4	23:34:01
832	18	4	23:34:01
703	18	4	23:34:01
646	18	4	23:34:01
633	18	4	23:34:01
595	18	4	23:34:01
633	18	4	23:34:01
671	18	4	23:34:01
776	18	4	23:34:01
940	18	4	23:34:01
1016	18	4	23:34:01
1013	18	4	23:34:01
913	18	4	23:34:01
859	18	4	23:34:01
803	18	4	23:34:01
730	18	4	23:34:01
641	18	4	23:34:01
646	18	4	23:34:01
620	18	4	23:34:01
609	18	4	23:34:01
641	18	4	23:34:01
703	18	4	23:34:01
735	18	4	23:34:01
886	18	4	23:34:01
986	18	4	23:34:01
1032	18	4	23:34:01
967	18	4	23:34:01
911	18	4	23:34:01
822	18	4	23:34:01
722	18	4	23:34:01
625	18	4	23:34:01
628	18	4	23:34:01
611	18	4	23:34:01
630	18	4	23:34:01
687	18	4	23:34:01
784	18	4	23:34:01
924	18	4	23:34:01
1053	18	4	23:34:01
1037	18	4	23:34:01
978	18	4	23:34:01
886	18	4	23:34:01
722	18	4	23:34:01
655	18	4	23:34:01
595	18	4	23:34:01
598	18	4	23:34:01
609	18	4	23:34:01
593	18	4	23:34:01
717	18	4	23:34:01
770	18	4	23:34:01
822	18	4	23:34:01
1002	18	4	23:34:01
1037	18	4	23:34:01
1013	18	4	23:34:01
948	18	4	23:34:01
902	18	4	23:34:01
800	18	4	23:34:01
695	18	4	23:34:01
636	18	4	23:34:01
617	18	4	23:34:01
620	18	4	23:34:01
633	18	4	23:34:01
708	18	4	23:34:01
824	18	4	23:34:01
1018	18	4	23:34:01
1029	18	4	23:34:01
981	18	4	23:34:01
900	18	4	23:34:01
881	18	4	23:34:01
851	18	4	23:34:01
703	18	4	23:34:01
603	18	4	23:34:01
633	18	4	23:34:01
606	18	4	23:34:01
655	18	4	23:34:01
746	18	4	23:34:01
881	18	4	23:34:01
1002	18	4	23:34:01
1021	18	4	23:34:01
1053	18	4	23:34:01
964	18	4	23:34:01
911	18	4	23:34:01
865	18	4	23:34:01
725	18	4	23:34:01
655	18	4	23:34:01
628	18	4	23:34:01
606	18	4	23:34:01
671	18	4	23:34:01
743	18	4	23:34:01
854	18	4	23:34:01
1008	18	4	23:34:01
1024	18	4	23:34:01
970	18	4	23:34:01
902	18	4	23:34:01
827	18	4	23:34:01
779	18	4	23:34:01
673	18	4	23:34:01
633	18	4	23:34:01
628	18	4	23:34:01
606	18	4	23:34:01
622	18	4	23:34:01
719	18	4	23:34:01
787	18	4	23:34:01
1040	18	4	23:34:01
1013	18	4	23:34:01
1029	18	4	23:34:01
956	18	4	23:34:01
913	18	4	23:34:01
876	18	4	23:34:01
717	18	4	23:34:01
652	18	4	23:34:01
614	18	4	23:34:01
609	18	4	23:34:01
649	18	4	23:34:01
673	18	4	23:34:01
814	18	4	23:34:01
889	18	4	23:34:01
921	18	4	23:34:01
967	18	4	23:34:01
940	18	4	23:34:01
857	18	4	23:34:01
835	18	4	23:34:01
749	18	4	23:34:01
641	18	4	23:34:01
641	18	4	23:34:01
620	18	4	23:34:01
630	18	4	23:34:01
644	18	4	23:34:01
673	18	4	23:34:01
730	18	4	23:34:01
913	18	4	23:34:01
954	18	4	23:34:01
999	18	4	23:34:01
919	18	4	23:34:01
865	18	4	23:34:01
830	18	4	23:34:01
700	18	4	23:34:01
641	18	4	23:34:01
617	18	4	23:34:01
614	18	4	23:34:01
644	18	4	23:34:01
676	18	4	23:34:01
695	18	4	23:34:01
859	18	4	23:34:01
1010	18	4	23:34:01
973	18	4	23:34:01
940	18	4	23:34:01
878	18	4	23:34:01
827	18	4	23:34:01
779	18	4	23:34:01
641	18	4	23:34:01
630	18	4	23:34:01
601	18	4	23:34:01
603	18	4	23:34:01
628	18	4	23:34:01
665	18	4	23:34:01
741	18	4	23:34:01
948	18	4	23:34:01
937	18	4	23:34:01
994	18	4	23:34:01
937	18	4	23:34:01
878	18	4	23:34:01
832	18	4	23:34:01
787	18	4	23:34:01
676	18	4	23:34:01
641	18	4	23:34:01
620	18	4	23:34:01
617	18	4	23:34:01
609	18	4	23:34:01
671	18	4	23:34:01
776	18	4	23:34:01
964	18	4	23:34:01
1021	18	4	23:34:01
999	18	4	23:34:01
935	18	4	23:34:01
867	18	4	23:34:01
824	18	4	23:34:01
665	18	4	23:34:01
636	18	4	23:34:01
617	18	4	23:34:01
595	18	4	23:34:01
633	18	4	23:34:01
679	18	4	23:34:01
859	18	4	23:34:01
983	18	4	23:34:01
1016	18	4	23:34:01
999	18	4	23:34:01
943	18	4	23:34:01
881	18	4	23:34:01
849	18	4	23:34:01
733	18	4	23:34:01
633	18	4	23:34:01
598	18	4	23:34:01
617	18	4	23:34:01
622	18	4	23:34:01
690	18	4	23:34:01
700	18	4	23:34:01
816	18	4	23:34:01
973	18	4	23:34:01
983	18	4	23:34:01
946	18	4	23:34:01
865	18	4	23:34:01
822	18	4	23:34:01
781	18	4	23:34:01
657	18	4	23:34:01
625	18	4	23:34:01
620	18	4	23:34:01
598	18	4	23:34:01
617	18	4	23:34:01
719	18	4	23:34:01
873	18	4	23:34:01
897	18	4	23:34:01
1005	18	4	23:34:01
1024	18	4	23:34:01
921	18	4	23:34:01
865	18	4	23:34:01
787	18	4	23:34:01
741	18	4	23:34:01
646	18	4	23:34:01
625	18	4	23:34:01
633	18	4	23:34:01
601	18	4	23:34:01
630	18	4	23:34:01
700	18	4	23:34:01
776	18	4	23:34:01
943	18	4	23:34:01
983	18	4	23:34:01
954	18	4	23:34:01
929	18	4	23:34:01
897	18	4	23:34:01
835	18	4	23:34:01
690	18	4	23:34:01
628	18	4	23:34:01
625	18	4	23:34:01
636	18	4	23:34:01
636	18	4	23:34:01
690	18	4	23:34:01
792	18	4	23:34:01
964	18	4	23:34:01
986	18	4	23:34:01
978	18	4	23:34:01
913	18	4	23:34:01
857	18	4	23:34:01
811	18	4	23:34:01
733	18	4	23:34:01
655	18	4	23:34:01
617	18	4	23:34:01
595	18	4	23:34:01
625	18	4	23:34:01
652	18	4	23:34:01
695	18	4	23:34:01
886	18	4	23:34:01
1005	18	4	23:34:01
1032	18	4	23:34:01
997	18	4	23:34:01
946	18	4	23:34:01
897	18	4	23:34:01
800	18	4	23:34:01
668	18	4	23:34:01
638	18	4	23:34:01
636	18	4	23:34:01
606	18	4	23:34:01
679	18	4	23:34:01
735	18	4	23:34:01
857	18	4	23:34:01
975	18	4	23:34:01
1032	18	4	23:34:01
981	18	4	23:34:01
913	18	4	23:34:01
857	18	4	23:34:01
738	18	4	23:34:01
673	18	4	23:34:01
636	18	4	23:34:01
622	18	4	23:34:01
638	18	4	23:34:01
644	18	4	23:34:01
725	18	4	23:34:01
768	18	4	23:34:01
962	18	4	23:34:01
981	18	4	23:34:01
989	18	4	23:34:01
946	18	4	23:34:01
894	18	4	23:34:01
857	18	4	23:34:01
708	18	4	23:34:01
652	18	4	23:34:01
614	18	4	23:34:01
601	18	4	23:34:01
630	18	4	23:34:01
636	18	4	23:34:01
703	18	4	23:34:01
792	18	4	23:34:01
948	18	4	23:34:01
1005	18	4	23:34:01
967	18	4	23:34:01
902	18	4	23:34:01
876	18	4	23:34:01
800	18	4	23:34:01
698	18	4	23:34:01
652	18	4	23:34:01
620	18	4	23:34:01
620	18	4	23:34:01
649	18	4	23:34:01
730	18	4	23:34:01
808	18	4	23:34:01
1005	18	4	23:34:01
1010	18	4	23:34:01
983	18	4	23:34:01
924	18	4	23:34:01
876	18	4	23:34:01
843	18	4	23:34:01
706	18	4	23:34:01
652	18	4	23:34:01
566	18	4	23:34:01
606	18	4	23:34:01
620	18	4	23:34:01
708	18	4	23:34:01
843	18	4	23:34:01
1059	18	4	23:34:01
1070	18	4	23:34:01
1032	18	4	23:34:01
967	18	4	23:34:01
900	18	4	23:34:01
865	18	4	23:34:01
703	18	4	23:34:01
649	18	4	23:34:01
630	18	4	23:34:01
611	18	4	23:34:01
652	18	4	23:34:01
676	18	4	23:34:01
757	18	4	23:34:01
1064	18	4	23:34:01
1034	18	4	23:34:01
967	18	4	23:34:01
905	18	4	23:34:01
900	18	4	23:34:01
846	18	4	23:34:01
725	18	4	23:34:01
620	18	4	23:34:01
611	18	4	23:34:01
593	18	4	23:34:01
590	18	4	23:34:01
690	18	4	23:34:01
787	18	4	23:34:01
1002	18	4	23:34:01
997	18	4	23:34:01
994	18	4	23:34:01
937	18	4	23:34:01
932	18	4	23:34:01
908	18	4	23:34:01
746	18	4	23:34:01
660	18	4	23:34:01
622	18	4	23:34:01
603	18	4	23:34:01
628	18	4	23:34:01
665	18	4	23:34:01
803	18	4	23:34:01
1008	18	4	23:34:01
989	18	4	23:34:01
1026	18	4	23:34:01
975	18	4	23:34:01
897	18	4	23:34:01
867	18	4	23:34:01
797	18	4	23:34:01
665	18	4	23:34:01
611	18	4	23:34:01
628	18	4	23:34:01
595	18	4	23:34:01
649	18	4	23:34:01
684	18	4	23:34:01
768	18	4	23:34:01
983	18	4	23:34:01
997	18	4	23:34:01
951	18	4	23:34:01
878	18	4	23:34:01
835	18	4	23:34:01
827	18	4	23:34:01
684	18	4	23:34:01
628	18	4	23:34:01
628	18	4	23:34:01
614	18	4	23:34:01
601	18	4	23:34:01
657	18	4	23:34:01
741	18	4	23:34:01
849	18	4	23:34:01
981	18	4	23:34:01
962	18	4	23:34:01
916	18	4	23:34:01
843	18	4	23:34:01
822	18	4	23:34:01
789	18	4	23:34:01
671	18	4	23:34:01
614	18	4	23:34:01
628	18	4	23:34:01
587	18	4	23:34:01
625	18	4	23:34:01
687	18	4	23:34:01
735	18	4	23:34:01
854	18	4	23:34:01
1056	18	4	23:34:01
1048	18	4	23:34:01
959	18	4	23:34:01
889	18	4	23:34:01
867	18	4	23:34:01
795	18	4	23:34:01
641	18	4	23:34:01
614	18	4	23:34:01
628	18	4	23:34:01
590	18	4	23:34:01
657	18	4	23:34:01
711	18	4	23:34:01
873	18	4	23:34:01
1067	18	4	23:34:01
1059	18	4	23:34:01
973	18	4	23:34:01
913	18	4	23:34:01
854	18	4	23:34:01
787	18	4	23:34:01
706	18	4	23:34:01
644	18	4	23:34:01
614	18	4	23:34:01
628	18	4	23:34:01
620	18	4	23:34:01
636	18	4	23:34:01
717	18	4	23:34:01
978	18	4	23:34:01
959	18	4	23:34:01
935	18	4	23:34:01
884	18	4	23:34:01
838	18	4	23:34:01
805	18	4	23:34:01
719	18	4	23:34:01
636	18	4	23:34:01
609	18	4	23:34:01
611	18	4	23:34:01
595	18	4	23:34:01
630	18	4	23:34:01
741	18	4	23:34:01
954	18	4	23:34:01
981	18	4	23:34:01
991	18	4	23:34:01
964	18	4	23:34:01
892	18	4	23:34:01
865	18	4	23:34:01
816	18	4	23:34:01
681	18	4	23:34:01
641	18	4	23:34:01
617	18	4	23:34:01
606	18	4	23:34:01
614	18	4	23:34:01
628	18	4	23:34:01
832	18	4	23:34:01
927	18	4	23:34:01
1005	18	4	23:34:01
994	18	4	23:34:01
946	18	4	23:34:01
876	18	4	23:34:01
867	18	4	23:34:01
800	18	4	23:34:01
652	18	4	23:34:01
644	18	4	23:34:01
620	18	4	23:34:01
595	18	4	23:34:01
614	18	4	23:34:01
776	18	4	23:34:01
835	18	4	23:34:01
1053	18	4	23:34:01
1051	18	4	23:34:01
986	18	4	23:34:01
924	18	4	23:34:01
916	18	4	23:34:01
814	18	4	23:34:01
690	18	4	23:34:01
630	18	4	23:34:01
611	18	4	23:34:01
646	18	4	23:34:01
660	18	4	23:34:01
700	18	4	23:34:01
951	18	4	23:34:01
1048	18	4	23:34:01
1048	18	4	23:34:01
994	18	4	23:34:01
921	18	4	23:34:01
897	18	4	23:34:01
816	18	4	23:34:01
706	18	4	23:34:01
630	18	4	23:34:01
644	18	4	23:34:01
611	18	4	23:34:01
641	18	4	23:34:01
717	18	4	23:34:01
727	18	4	23:34:01
797	18	4	23:34:01
1013	18	4	23:34:01
1040	18	4	23:34:01
935	18	4	23:34:01
892	18	4	23:34:01
873	18	4	23:34:01
752	18	4	23:34:01
646	18	4	23:34:01
617	18	4	23:34:01
636	18	4	23:34:01
609	18	4	23:34:01
644	18	4	23:34:01
690	18	4	23:34:01
964	18	4	23:34:01
1010	18	4	23:34:01
989	18	4	23:34:01
943	18	4	23:34:01
905	18	4	23:34:01
876	18	4	23:34:01
776	18	4	23:34:01
663	18	4	23:34:01
617	18	4	23:34:01
606	18	4	23:34:01
636	18	4	23:34:01
625	18	4	23:34:01
733	18	4	23:34:01
816	18	4	23:34:01
1051	18	4	23:34:01
1053	18	4	23:34:01
1005	18	4	23:34:01
943	18	4	23:34:01
878	18	4	23:34:01
859	18	4	23:34:01
714	18	4	23:34:01
630	18	4	23:34:01
638	18	4	23:34:01
609	18	4	23:34:01
641	18	4	23:34:01
741	18	4	23:34:01
900	18	4	23:34:01
1072	18	4	23:34:01
1070	18	4	23:34:01
989	18	4	23:34:01
913	18	4	23:34:01
884	18	4	23:34:01
741	18	4	23:34:01
644	18	4	23:34:01
636	18	4	23:34:01
603	18	4	23:34:01
614	18	4	23:34:01
628	18	4	23:34:01
636	18	4	23:34:01
797	18	4	23:34:01
978	18	4	23:34:01
1094	18	4	23:34:01
1008	18	4	23:34:01
962	18	4	23:34:01
905	18	4	23:34:01
873	18	4	23:34:01
757	18	4	23:34:01
628	18	4	23:34:01
630	18	4	23:34:01
601	18	4	23:34:01
617	18	4	23:34:01
679	18	4	23:34:01
719	18	4	23:34:01
962	18	4	23:34:01
973	18	4	23:34:01
959	18	4	23:34:01
908	18	4	23:34:01
881	18	4	23:34:01
889	18	4	23:34:01
859	18	4	23:34:01
687	18	4	23:34:01
622	18	4	23:34:01
636	18	4	23:34:01
622	18	4	23:34:01
620	18	4	23:34:01
692	18	4	23:34:01
698	18	4	23:34:01
902	18	4	23:34:01
991	18	4	23:34:01
956	18	4	23:34:01
908	18	4	23:34:01
892	18	4	23:34:01
881	18	4	23:34:01
757	18	4	23:34:01
628	18	4	23:34:01
611	18	4	23:34:01
633	18	4	23:34:01
617	18	4	23:34:01
671	18	4	23:34:01
784	18	4	23:34:01
916	18	4	23:34:01
1040	18	4	23:34:01
1029	18	4	23:34:01
967	18	4	23:34:01
924	18	4	23:34:01
892	18	4	23:34:01
741	18	4	23:34:01
644	18	4	23:34:01
652	18	4	23:34:01
620	18	4	23:34:01
625	18	4	23:34:01
638	18	4	23:34:01
676	18	4	23:34:01
797	18	4	23:34:01
911	18	4	23:34:01
999	18	4	23:34:01
983	18	4	23:34:01
962	18	4	23:34:01
900	18	4	23:34:01
857	18	4	23:34:01
692	18	4	23:34:01
630	18	4	23:34:01
646	18	4	23:34:01
606	18	4	23:34:01
633	18	4	23:34:01
663	18	4	23:34:01
719	18	4	23:34:01
970	18	4	23:34:01
999	18	4	23:34:01
983	18	4	23:34:01
905	18	4	23:34:01
857	18	4	23:34:01
857	18	4	23:34:01
749	18	4	23:34:01
652	18	4	23:34:01
614	18	4	23:34:01
628	18	4	23:34:01
606	18	4	23:34:01
668	18	4	23:34:01
746	18	4	23:34:01
954	18	4	23:34:01
1032	18	4	23:34:01
1034	18	4	23:34:01
962	18	4	23:34:01
900	18	4	23:34:01
894	18	4	23:34:01
797	18	4	23:34:01
671	18	4	23:34:01
630	18	4	23:34:01
609	18	4	23:34:01
622	18	4	23:34:01
652	18	4	23:34:01
671	18	4	23:34:01
865	18	4	23:34:01
1002	18	4	23:34:01
1037	18	4	23:34:01
973	18	4	23:34:01
927	18	4	23:34:01
911	18	4	23:34:01
749	18	4	23:34:01
641	18	4	23:34:01
641	18	4	23:34:01
617	18	4	23:34:01
609	18	4	23:34:01
628	18	4	23:34:01
681	18	4	23:34:01
803	18	4	23:34:01
986	18	4	23:34:01
1032	18	4	23:34:01
986	18	4	23:34:01
916	18	4	23:34:01
867	18	4	23:34:01
859	18	4	23:34:01
719	18	4	23:34:01
630	18	4	23:34:01
630	18	4	23:34:01
614	18	4	23:34:01
601	18	4	23:34:01
676	18	4	23:34:01
746	18	4	23:34:01
919	18	4	23:34:01
948	18	4	23:34:01
978	18	4	23:34:01
894	18	4	23:34:01
870	18	4	23:34:01
827	18	4	23:34:01
770	18	4	23:34:01
636	18	4	23:34:01
622	18	4	23:34:01
636	18	4	23:34:01
620	18	4	23:34:01
646	18	4	23:34:01
719	18	4	23:34:01
741	18	4	23:34:01
946	18	4	23:34:01
1034	18	4	23:34:01
981	18	4	23:34:01
878	18	4	23:34:01
725	18	4	23:34:01
687	18	4	23:34:01
687	18	4	23:34:01
611	18	4	23:34:01
633	18	4	23:34:01
603	18	4	23:34:01
617	18	4	23:34:01
657	18	4	23:34:01
816	18	4	23:34:01
1121	18	4	23:34:01
1083	18	4	23:34:01
1043	18	4	23:34:01
1002	18	4	23:34:01
954	18	4	23:34:01
916	18	4	23:34:01
749	18	4	23:34:01
655	18	4	23:34:01
649	18	4	23:34:01
606	18	4	23:34:01
630	18	4	23:34:01
717	18	4	23:34:01
881	18	4	23:34:01
1021	18	4	23:34:01
1043	18	4	23:34:01
991	18	4	23:34:01
919	18	4	23:34:01
878	18	4	23:34:01
846	18	4	23:34:01
735	18	4	23:34:01
665	18	4	23:34:01
620	18	4	23:34:01
628	18	4	23:34:01
606	18	4	23:34:01
620	18	4	23:34:01
695	18	4	23:34:01
867	18	4	23:34:01
970	18	4	23:34:01
983	18	4	23:34:01
986	18	4	23:34:01
894	18	4	23:34:01
857	18	4	23:34:01
805	18	4	23:34:01
698	18	4	23:34:01
641	18	4	23:34:01
622	18	4	23:34:01
628	18	4	23:34:01
622	18	4	23:34:01
633	18	4	23:34:01
711	18	4	23:34:01
795	18	4	23:34:01
978	18	4	23:34:01
1013	18	4	23:34:01
959	18	4	23:34:01
886	18	4	23:34:01
838	18	4	23:34:01
822	18	4	23:34:01
746	18	4	23:34:01
641	18	4	23:34:01
609	18	4	23:34:01
622	18	4	23:34:01
611	18	4	23:34:01
636	18	4	23:34:01
808	18	4	23:34:01
1051	18	4	23:34:01
1064	18	4	23:34:01
1016	18	4	23:34:01
954	18	4	23:34:01
919	18	4	23:34:01
867	18	4	23:34:01
730	18	4	23:34:01
630	18	4	23:34:01
633	18	4	23:34:01
609	18	4	23:34:01
601	18	4	23:34:01
628	18	4	23:34:01
698	18	4	23:34:01
967	18	4	23:34:01
1013	18	4	23:34:01
1034	18	4	23:34:01
946	18	4	23:34:01
892	18	4	23:34:01
857	18	4	23:34:01
781	18	4	23:34:01
665	18	4	23:34:01
620	18	4	23:34:01
628	18	4	23:34:01
606	18	4	23:34:01
587	18	4	23:34:01
722	18	4	23:34:01
830	18	4	23:34:01
959	18	4	23:34:01
1059	18	4	23:34:01
1021	18	4	23:34:01
954	18	4	23:34:01
884	18	4	23:34:01
840	18	4	23:34:01
690	18	4	23:34:01
660	18	4	23:34:01
609	18	4	23:34:01
622	18	4	23:34:01
609	18	4	23:34:01
657	18	4	23:34:01
805	18	4	23:34:01
1061	18	4	23:34:01
1045	18	4	23:34:01
1010	18	4	23:34:01
946	18	4	23:34:01
881	18	4	23:34:01
819	18	4	23:34:01
692	18	4	23:34:01
628	18	4	23:34:01
636	18	4	23:34:01
598	18	4	23:34:01
587	18	4	23:34:01
665	18	4	23:34:01
762	18	4	23:34:01
962	18	4	23:34:01
1099	18	4	23:34:01
1024	18	4	23:34:01
1048	18	4	23:34:01
935	18	4	23:34:01
908	18	4	23:34:01
743	18	4	23:34:01
657	18	4	23:34:01
625	18	4	23:34:01
595	18	4	23:34:01
622	18	4	23:34:01
646	18	4	23:34:01
706	18	4	23:34:01
921	18	4	23:34:01
986	18	4	23:34:01
1067	18	4	23:34:01
997	18	4	23:34:01
962	18	4	23:34:01
916	18	4	23:34:01
784	18	4	23:34:01
668	18	4	23:34:01
622	18	4	23:34:01
620	18	4	23:34:01
606	18	4	23:34:01
622	18	4	23:34:01
636	18	4	23:34:01
690	18	4	23:34:01
940	18	4	23:34:01
973	18	4	23:34:01
962	18	4	23:34:01
916	18	4	23:34:01
857	18	4	23:34:01
735	18	4	23:34:01
714	18	4	23:34:01
649	18	4	23:34:01
641	18	4	23:34:01
601	18	4	23:34:01
611	18	4	23:34:01
601	18	4	23:34:01
644	18	4	23:34:01
719	18	4	23:34:01
913	18	4	23:34:01
1010	18	4	23:34:01
1005	18	4	23:34:01
932	18	4	23:34:01
894	18	4	23:34:01
851	18	4	23:34:01
725	18	4	23:34:01
673	18	4	23:34:01
625	18	4	23:34:01
603	18	4	23:34:01
622	18	4	23:34:01
611	18	4	23:34:01
679	18	4	23:34:01
733	18	4	23:34:01
970	18	4	23:34:01
1043	18	4	23:34:01
1043	18	4	23:34:01
964	18	4	23:34:01
905	18	4	23:34:01
870	18	4	23:34:01
733	18	4	23:34:01
638	18	4	23:34:01
625	18	4	23:34:01
609	18	4	23:34:01
630	18	4	23:34:01
690	18	4	23:34:01
832	18	4	23:34:01
997	18	4	23:34:01
1043	18	4	23:34:01
1026	18	4	23:34:01
951	18	4	23:34:01
878	18	4	23:34:01
878	18	4	23:34:01
779	18	4	23:34:01
644	18	4	23:34:01
609	18	4	23:34:01
620	18	4	23:34:01
601	18	4	23:34:01
636	18	4	23:34:01
789	18	4	23:34:01
781	18	4	23:34:01
994	18	4	23:34:01
994	18	4	23:34:01
940	18	4	23:34:01
908	18	4	23:34:01
843	18	4	23:34:01
805	18	4	23:34:01
684	18	4	23:34:01
628	18	4	23:34:01
617	18	4	23:34:01
628	18	4	23:34:01
652	18	4	23:34:01
703	18	4	23:34:01
884	18	4	23:34:01
946	18	4	23:34:01
1072	18	4	23:34:01
1032	18	4	23:34:01
962	18	4	23:34:01
908	18	4	23:34:01
878	18	4	23:34:01
711	18	4	23:34:01
644	18	4	23:34:01
630	18	4	23:34:01
609	18	4	23:34:01
603	18	4	23:34:01
660	18	4	23:34:01
722	18	4	23:34:01
876	18	4	23:34:01
1008	18	4	23:34:01
991	18	4	23:34:01
954	18	4	23:34:01
862	18	4	23:34:01
795	18	4	23:34:01
719	18	4	23:34:01
622	18	4	23:34:01
603	18	4	23:34:01
628	18	4	23:34:01
587	18	4	23:34:01
625	18	4	23:34:01
673	18	4	23:34:01
708	18	4	23:34:01
932	18	4	23:34:01
1026	18	4	23:34:01
999	18	4	23:34:01
911	18	4	23:34:01
835	18	4	23:34:01
816	18	4	23:34:01
673	18	4	23:34:01
611	18	4	23:34:01
622	18	4	23:34:01
601	18	4	23:34:01
603	18	4	23:34:01
622	18	4	23:34:01
644	18	4	23:34:01
714	18	4	23:34:01
797	18	4	23:34:01
956	18	4	23:34:01
951	18	4	23:34:01
862	18	4	23:34:01
824	18	4	23:34:01
779	18	4	23:34:01
727	18	4	23:34:01
630	18	4	23:34:01
603	18	4	23:34:01
617	18	4	23:34:01
598	18	4	23:34:01
603	18	4	23:34:01
673	18	4	23:34:01
714	18	4	23:34:01
797	18	4	23:34:01
1029	18	4	23:34:01
1005	18	4	23:34:01
908	18	4	23:34:01
870	18	4	23:34:01
862	18	4	23:34:01
746	18	4	23:34:01
644	18	4	23:34:01
628	18	4	23:34:01
601	18	4	23:34:01
595	18	4	23:34:01
644	18	4	23:34:01
690	18	4	23:34:01
956	18	4	23:34:01
1113	18	4	23:34:01
1086	18	4	23:34:01
1010	18	4	23:34:01
932	18	4	23:34:01
894	18	4	23:34:01
765	18	4	23:34:01
668	18	4	23:34:01
644	18	4	23:34:01
620	18	4	23:34:01
636	18	4	23:34:01
630	18	4	23:34:01
692	18	4	23:34:01
937	19	4	14:32:08
886	19	4	14:32:08
830	19	4	14:32:08
824	19	4	14:32:08
797	19	4	14:32:08
846	19	4	14:32:08
784	19	4	14:32:08
679	19	4	14:32:08
628	19	4	14:32:08
590	19	4	14:32:08
620	19	4	14:32:08
733	19	4	14:32:08
808	19	4	14:32:08
913	19	4	14:32:08
962	19	4	14:32:08
970	19	4	14:32:08
959	19	4	14:32:08
905	19	4	14:32:08
867	19	4	14:32:08
827	19	4	14:32:08
762	19	4	14:32:08
657	19	4	14:32:08
625	19	4	14:32:08
590	19	4	14:32:08
595	19	4	14:32:08
738	19	4	14:32:08
878	19	4	14:32:08
867	19	4	14:32:08
921	19	4	14:32:08
894	19	4	14:32:08
846	19	4	14:32:08
824	19	4	14:32:08
808	19	4	14:32:08
781	19	4	14:32:08
698	19	4	14:32:08
649	19	4	14:32:08
601	19	4	14:32:08
584	19	4	14:32:08
614	19	4	14:32:08
714	19	4	14:32:08
781	19	4	14:32:08
876	19	4	14:32:08
932	19	4	14:32:08
929	19	4	14:32:08
843	19	4	14:32:08
832	19	4	14:32:08
811	19	4	14:32:08
803	19	4	14:32:08
714	19	4	14:32:08
630	19	4	14:32:08
593	19	4	14:32:08
611	19	4	14:32:08
752	19	4	14:32:08
940	19	4	14:32:08
921	19	4	14:32:08
927	19	4	14:32:08
954	19	4	14:32:08
959	19	4	14:32:08
919	19	4	14:32:08
862	19	4	14:32:08
857	19	4	14:32:08
746	19	4	14:32:08
630	19	4	14:32:08
628	19	4	14:32:08
601	19	4	14:32:08
620	19	4	14:32:08
749	19	4	14:32:08
765	19	4	14:32:08
981	19	4	14:32:08
927	19	4	14:32:08
911	19	4	14:32:08
878	19	4	14:32:08
843	19	4	14:32:08
862	19	4	14:32:08
822	19	4	14:32:08
690	19	4	14:32:08
609	19	4	14:32:08
622	19	4	14:32:08
590	19	4	14:32:08
700	19	4	14:32:08
824	19	4	14:32:08
935	19	4	14:32:08
940	19	4	14:32:08
873	19	4	14:32:08
878	19	4	14:32:08
886	19	4	14:32:08
840	19	4	14:32:08
822	19	4	14:32:08
743	19	4	14:32:08
636	19	4	14:32:08
620	19	4	14:32:08
595	19	4	14:32:08
614	19	4	14:32:08
760	19	4	14:32:08
814	19	4	14:32:08
994	19	4	14:32:08
932	19	4	14:32:08
905	19	4	14:32:08
857	19	4	14:32:08
832	19	4	14:32:08
827	19	4	14:32:08
762	19	4	14:32:08
655	19	4	14:32:08
611	19	4	14:32:08
620	19	4	14:32:08
598	19	4	14:32:08
663	19	4	14:32:08
752	19	4	14:32:08
760	19	4	14:32:08
916	19	4	14:32:08
889	19	4	14:32:08
929	19	4	14:32:08
943	19	4	14:32:08
929	19	4	14:32:08
924	19	4	14:32:08
840	19	4	14:32:08
725	19	4	14:32:08
673	19	4	14:32:08
649	19	4	14:32:08
628	19	4	14:32:08
628	19	4	14:32:08
684	19	4	14:32:08
690	19	4	14:32:08
908	19	4	14:32:08
878	19	4	14:32:08
811	19	4	14:32:08
867	19	4	14:32:08
811	19	4	14:32:08
765	19	4	14:32:08
752	19	4	14:32:08
770	19	4	14:32:08
776	19	4	14:32:08
735	19	4	14:32:08
722	19	4	14:32:08
733	19	4	14:32:08
655	19	4	14:32:08
708	19	4	14:32:08
851	19	4	14:32:08
905	19	4	14:32:08
819	19	4	14:32:08
735	19	4	14:32:08
687	19	4	14:32:08
628	19	4	14:32:08
609	19	4	14:32:08
590	19	4	14:32:08
601	19	4	14:32:08
571	19	4	14:32:08
603	19	4	14:32:08
641	19	4	14:32:08
665	19	4	14:32:08
738	19	4	14:32:08
830	19	4	14:32:08
867	19	4	14:32:08
876	19	4	14:32:08
902	19	4	14:32:08
881	19	4	14:32:08
865	19	4	14:32:08
865	19	4	14:32:08
743	19	4	14:32:08
660	19	4	14:32:08
628	19	4	14:32:08
620	19	4	14:32:08
614	19	4	14:32:08
735	19	4	14:32:08
870	19	4	14:32:08
970	19	4	14:32:08
962	19	4	14:32:08
927	19	4	14:32:08
913	19	4	14:32:08
881	19	4	14:32:08
851	19	4	14:32:08
746	19	4	14:32:08
671	19	4	14:32:08
614	19	4	14:32:08
620	19	4	14:32:08
611	19	4	14:32:08
663	19	4	14:32:08
776	19	4	14:32:08
900	19	4	14:32:08
908	19	4	14:32:08
913	19	4	14:32:08
876	19	4	14:32:08
892	19	4	14:32:08
851	19	4	14:32:08
859	19	4	14:32:08
768	19	4	14:32:08
668	19	4	14:32:08
622	19	4	14:32:08
628	19	4	14:32:08
620	19	4	14:32:08
671	19	4	14:32:08
768	19	4	14:32:08
889	19	4	14:32:08
881	19	4	14:32:08
870	19	4	14:32:08
840	19	4	14:32:08
827	19	4	14:32:08
832	19	4	14:32:08
773	19	4	14:32:08
690	19	4	14:32:08
636	19	4	14:32:08
636	19	4	14:32:08
611	19	4	14:32:08
692	19	4	14:32:08
730	19	4	14:32:08
913	19	4	14:32:08
924	19	4	14:32:08
919	19	4	14:32:08
905	19	4	14:32:08
889	19	4	14:32:08
824	19	4	14:32:08
805	19	4	14:32:08
733	19	4	14:32:08
660	19	4	14:32:08
638	19	4	14:32:08
614	19	4	14:32:08
603	19	4	14:32:08
700	19	4	14:32:08
746	19	4	14:32:08
908	19	4	14:32:08
902	19	4	14:32:08
916	19	4	14:32:08
857	19	4	14:32:08
867	19	4	14:32:08
822	19	4	14:32:08
800	19	4	14:32:08
706	19	4	14:32:08
657	19	4	14:32:08
620	19	4	14:32:08
587	19	4	14:32:08
622	19	4	14:32:08
665	19	4	14:32:08
719	19	4	14:32:08
808	19	4	14:32:08
889	19	4	14:32:08
884	19	4	14:32:08
846	19	4	14:32:08
792	19	4	14:32:08
757	19	4	14:32:08
770	19	4	14:32:08
708	19	4	14:32:08
614	19	4	14:32:08
617	19	4	14:32:08
584	19	4	14:32:08
601	19	4	14:32:08
649	19	4	14:32:08
698	19	4	14:32:08
787	19	4	14:32:08
919	19	4	14:32:08
889	19	4	14:32:08
905	19	4	14:32:08
854	19	4	14:32:08
846	19	4	14:32:08
805	19	4	14:32:08
773	19	4	14:32:08
690	19	4	14:32:08
611	19	4	14:32:08
617	19	4	14:32:08
598	19	4	14:32:08
641	19	4	14:32:08
711	19	4	14:32:08
746	19	4	14:32:08
843	19	4	14:32:08
894	19	4	14:32:08
943	19	4	14:32:08
921	19	4	14:32:08
911	19	4	14:32:08
840	19	4	14:32:08
770	19	4	14:32:08
690	19	4	14:32:08
636	19	4	14:32:08
606	19	4	14:32:08
590	19	4	14:32:08
649	19	4	14:32:08
692	19	4	14:32:08
746	19	4	14:32:08
897	19	4	14:32:08
962	19	4	14:32:08
962	19	4	14:32:08
932	19	4	14:32:08
884	19	4	14:32:08
835	19	4	14:32:08
725	19	4	14:32:08
646	19	4	14:32:08
644	19	4	14:32:08
595	19	4	14:32:08
628	19	4	14:32:08
692	19	4	14:32:08
738	19	4	14:32:08
800	19	4	14:32:08
959	19	4	14:32:08
986	19	4	14:32:08
940	19	4	14:32:08
862	19	4	14:32:08
803	19	4	14:32:08
773	19	4	14:32:08
700	19	4	14:32:08
665	19	4	14:32:08
611	19	4	14:32:08
620	19	4	14:32:08
628	19	4	14:32:08
663	19	4	14:32:08
725	19	4	14:32:08
784	19	4	14:32:08
946	19	4	14:32:08
962	19	4	14:32:08
905	19	4	14:32:08
832	19	4	14:32:08
792	19	4	14:32:08
779	19	4	14:32:08
717	19	4	14:32:08
644	19	4	14:32:08
625	19	4	14:32:08
595	19	4	14:32:08
601	19	4	14:32:08
695	19	4	14:32:08
730	19	4	14:32:08
811	19	4	14:32:08
956	19	4	14:32:08
940	19	4	14:32:08
889	19	4	14:32:08
862	19	4	14:32:08
811	19	4	14:32:08
779	19	4	14:32:08
692	19	4	14:32:08
655	19	4	14:32:08
601	19	4	14:32:08
590	19	4	14:32:08
606	19	4	14:32:08
646	19	4	14:32:08
765	19	4	14:32:08
991	19	4	14:32:08
975	19	4	14:32:08
964	19	4	14:32:08
908	19	4	14:32:08
830	19	4	14:32:08
816	19	4	14:32:08
776	19	4	14:32:08
746	19	4	14:32:08
663	19	4	14:32:08
606	19	4	14:32:08
620	19	4	14:32:08
617	19	4	14:32:08
668	19	4	14:32:08
765	19	4	14:32:08
865	19	4	14:32:08
929	19	4	14:32:08
924	19	4	14:32:08
908	19	4	14:32:08
873	19	4	14:32:08
857	19	4	14:32:08
776	19	4	14:32:08
655	19	4	14:32:08
598	19	4	14:32:08
614	19	4	14:32:08
595	19	4	14:32:08
633	19	4	14:32:08
754	19	4	14:32:08
808	19	4	14:32:08
956	19	4	14:32:08
967	19	4	14:32:08
900	19	4	14:32:08
827	19	4	14:32:08
808	19	4	14:32:08
805	19	4	14:32:08
730	19	4	14:32:08
657	19	4	14:32:08
630	19	4	14:32:08
603	19	4	14:32:08
614	19	4	14:32:08
708	19	4	14:32:08
746	19	4	14:32:08
959	19	4	14:32:08
986	19	4	14:32:08
975	19	4	14:32:08
900	19	4	14:32:08
846	19	4	14:32:08
819	19	4	14:32:08
792	19	4	14:32:08
695	19	4	14:32:08
652	19	4	14:32:08
633	19	4	14:32:08
598	19	4	14:32:08
663	19	4	14:32:08
733	19	4	14:32:08
768	19	4	14:32:08
932	19	4	14:32:08
956	19	4	14:32:08
919	19	4	14:32:08
884	19	4	14:32:08
865	19	4	14:32:08
773	19	4	14:32:08
681	19	4	14:32:08
625	19	4	14:32:08
606	19	4	14:32:08
584	19	4	14:32:08
601	19	4	14:32:08
630	19	4	14:32:08
711	19	4	14:32:08
881	19	4	14:32:08
997	19	4	14:32:08
975	19	4	14:32:08
959	19	4	14:32:08
948	19	4	14:32:08
908	19	4	14:32:08
854	19	4	14:32:08
779	19	4	14:32:08
706	19	4	14:32:08
663	19	4	14:32:08
617	19	4	14:32:08
622	19	4	14:32:08
706	19	4	14:32:08
832	19	4	14:32:08
999	19	4	14:32:08
1010	19	4	14:32:08
951	19	4	14:32:08
889	19	4	14:32:08
851	19	4	14:32:08
846	19	4	14:32:08
738	19	4	14:32:08
679	19	4	14:32:08
657	19	4	14:32:08
625	19	4	14:32:08
636	19	4	14:32:08
727	19	4	14:32:08
752	19	4	14:32:08
865	19	4	14:32:08
959	19	4	14:32:08
970	19	4	14:32:08
886	19	4	14:32:08
854	19	4	14:32:08
824	19	4	14:32:08
781	19	4	14:32:08
754	19	4	14:32:08
673	19	4	14:32:08
657	19	4	14:32:08
609	19	4	14:32:08
590	19	4	14:32:08
649	19	4	14:32:08
708	19	4	14:32:08
811	19	4	14:32:08
932	19	4	14:32:08
956	19	4	14:32:08
951	19	4	14:32:08
822	19	4	14:32:08
765	19	4	14:32:08
752	19	4	14:32:08
700	19	4	14:32:08
644	19	4	14:32:08
593	19	4	14:32:08
614	19	4	14:32:08
606	19	4	14:32:08
630	19	4	14:32:08
727	19	4	14:32:08
741	19	4	14:32:08
911	19	4	14:32:08
951	19	4	14:32:08
897	19	4	14:32:08
832	19	4	14:32:08
797	19	4	14:32:08
760	19	4	14:32:08
708	19	4	14:32:08
652	19	4	14:32:08
620	19	4	14:32:08
584	19	4	14:32:08
617	19	4	14:32:08
641	19	4	14:32:08
698	19	4	14:32:08
746	19	4	14:32:08
816	19	4	14:32:08
924	19	4	14:32:08
932	19	4	14:32:08
902	19	4	14:32:08
832	19	4	14:32:08
792	19	4	14:32:08
749	19	4	14:32:08
665	19	4	14:32:08
620	19	4	14:32:08
609	19	4	14:32:08
582	19	4	14:32:08
638	19	4	14:32:08
719	19	4	14:32:08
776	19	4	14:32:08
865	19	4	14:32:08
964	19	4	14:32:08
973	19	4	14:32:08
929	19	4	14:32:08
867	19	4	14:32:08
816	19	4	14:32:08
776	19	4	14:32:08
698	19	4	14:32:08
649	19	4	14:32:08
606	19	4	14:32:08
617	19	4	14:32:08
657	19	4	14:32:08
725	19	4	14:32:08
765	19	4	14:32:08
889	19	4	14:32:08
1002	19	4	14:32:08
981	19	4	14:32:08
905	19	4	14:32:08
824	19	4	14:32:08
768	19	4	14:32:08
692	19	4	14:32:08
641	19	4	14:32:08
601	19	4	14:32:08
606	19	4	14:32:08
593	19	4	14:32:08
614	19	4	14:32:08
692	19	4	14:32:08
714	19	4	14:32:08
776	19	4	14:32:08
929	19	4	14:32:08
919	19	4	14:32:08
900	19	4	14:32:08
827	19	4	14:32:08
792	19	4	14:32:08
762	19	4	14:32:08
695	19	4	14:32:08
652	19	4	14:32:08
598	19	4	14:32:08
614	19	4	14:32:08
638	19	4	14:32:08
684	19	4	14:32:08
754	19	4	14:32:08
854	19	4	14:32:08
997	19	4	14:32:08
948	19	4	14:32:08
867	19	4	14:32:08
805	19	4	14:32:08
779	19	4	14:32:08
792	19	4	14:32:08
711	19	4	14:32:08
673	19	4	14:32:08
628	19	4	14:32:08
611	19	4	14:32:08
622	19	4	14:32:08
676	19	4	14:32:08
733	19	4	14:32:08
792	19	4	14:32:08
1018	19	4	14:32:08
999	19	4	14:32:08
913	19	4	14:32:08
824	19	4	14:32:08
800	19	4	14:32:08
754	19	4	14:32:08
673	19	4	14:32:08
630	19	4	14:32:08
609	19	4	14:32:08
606	19	4	14:32:08
657	19	4	14:32:08
735	19	4	14:32:08
738	19	4	14:32:08
795	19	4	14:32:08
835	19	4	14:32:08
999	19	4	14:32:08
970	19	4	14:32:08
886	19	4	14:32:08
811	19	4	14:32:08
719	19	4	14:32:08
692	19	4	14:32:08
622	19	4	14:32:08
603	19	4	14:32:08
655	19	4	14:32:08
655	19	4	14:32:08
741	19	4	14:32:08
768	19	4	14:32:08
897	19	4	14:32:08
1043	19	4	14:32:08
1010	19	4	14:32:08
932	19	4	14:32:08
908	19	4	14:32:08
827	19	4	14:32:08
738	19	4	14:32:08
708	19	4	14:32:08
620	19	4	14:32:08
595	19	4	14:32:08
644	19	4	14:32:08
679	19	4	14:32:08
719	19	4	14:32:08
773	19	4	14:32:08
927	19	4	14:32:08
975	19	4	14:32:08
937	19	4	14:32:08
897	19	4	14:32:08
843	19	4	14:32:08
779	19	4	14:32:08
730	19	4	14:32:08
652	19	4	14:32:08
601	19	4	14:32:08
614	19	4	14:32:08
598	19	4	14:32:08
668	19	4	14:32:08
711	19	4	14:32:08
727	19	4	14:32:08
905	19	4	14:32:08
1005	19	4	14:32:08
959	19	4	14:32:08
867	19	4	14:32:08
819	19	4	14:32:08
765	19	4	14:32:08
717	19	4	14:32:08
646	19	4	14:32:08
633	19	4	14:32:08
587	19	4	14:32:08
611	19	4	14:32:08
652	19	4	14:32:08
711	19	4	14:32:08
859	19	4	14:32:08
1013	19	4	14:32:08
981	19	4	14:32:08
913	19	4	14:32:08
854	19	4	14:32:08
827	19	4	14:32:08
754	19	4	14:32:08
692	19	4	14:32:08
614	19	4	14:32:08
590	19	4	14:32:08
622	19	4	14:32:08
671	19	4	14:32:08
832	19	4	14:32:08
892	19	4	14:32:08
1008	19	4	14:32:08
1010	19	4	14:32:08
951	19	4	14:32:08
911	19	4	14:32:08
862	19	4	14:32:08
808	19	4	14:32:08
703	19	4	14:32:08
633	19	4	14:32:08
603	19	4	14:32:08
584	19	4	14:32:08
657	19	4	14:32:08
698	19	4	14:32:08
900	19	4	14:32:08
948	19	4	14:32:08
1056	19	4	14:32:08
1008	19	4	14:32:08
927	19	4	14:32:08
913	19	4	14:32:08
857	19	4	14:32:08
735	19	4	14:32:08
630	19	4	14:32:08
620	19	4	14:32:08
603	19	4	14:32:08
622	19	4	14:32:08
762	19	4	14:32:08
754	19	4	14:32:08
865	19	4	14:32:08
1032	19	4	14:32:08
1008	19	4	14:32:08
908	19	4	14:32:08
876	19	4	14:32:08
808	19	4	14:32:08
770	19	4	14:32:08
665	19	4	14:32:08
603	19	4	14:32:08
622	19	4	14:32:08
601	19	4	14:32:08
676	19	4	14:32:08
725	19	4	14:32:08
795	19	4	14:32:08
913	19	4	14:32:08
1021	19	4	14:32:08
983	19	4	14:32:08
870	19	4	14:32:08
800	19	4	14:32:08
698	19	4	14:32:08
622	19	4	14:32:08
593	19	4	14:32:08
587	19	4	14:32:08
576	19	4	14:32:08
603	19	4	14:32:08
665	19	4	14:32:08
757	19	4	14:32:08
762	19	4	14:32:08
892	19	4	14:32:08
1018	19	4	14:32:08
975	19	4	14:32:08
902	19	4	14:32:08
870	19	4	14:32:08
854	19	4	14:32:08
795	19	4	14:32:08
708	19	4	14:32:08
617	19	4	14:32:08
595	19	4	14:32:08
614	19	4	14:32:08
644	19	4	14:32:08
781	19	4	14:32:08
800	19	4	14:32:08
1005	19	4	14:32:08
1034	19	4	14:32:08
983	19	4	14:32:08
886	19	4	14:32:08
867	19	4	14:32:08
822	19	4	14:32:08
706	19	4	14:32:08
660	19	4	14:32:08
598	19	4	14:32:08
611	19	4	14:32:08
625	19	4	14:32:08
717	19	4	14:32:08
765	19	4	14:32:08
997	19	4	14:32:08
1078	19	4	14:32:08
1005	19	4	14:32:08
940	19	4	14:32:08
873	19	4	14:32:08
849	19	4	14:32:08
765	19	4	14:32:08
657	19	4	14:32:08
641	19	4	14:32:08
595	19	4	14:32:08
633	19	4	14:32:08
663	19	4	14:32:08
733	19	4	14:32:08
989	19	4	14:32:08
1086	19	4	14:32:08
1008	19	4	14:32:08
937	19	4	14:32:08
881	19	4	14:32:08
862	19	4	14:32:08
840	19	4	14:32:08
722	19	4	14:32:08
646	19	4	14:32:08
633	19	4	14:32:08
611	19	4	14:32:08
636	19	4	14:32:08
714	19	4	14:32:08
754	19	4	14:32:08
862	19	4	14:32:08
986	19	4	14:32:08
986	19	4	14:32:08
908	19	4	14:32:08
851	19	4	14:32:08
873	19	4	14:32:08
768	19	4	14:32:08
687	19	4	14:32:08
644	19	4	14:32:08
611	19	4	14:32:08
593	19	4	14:32:08
673	19	4	14:32:08
719	19	4	14:32:08
776	19	4	14:32:08
956	19	4	14:32:08
989	19	4	14:32:08
959	19	4	14:32:08
878	19	4	14:32:08
843	19	4	14:32:08
832	19	4	14:32:08
735	19	4	14:32:08
671	19	4	14:32:08
646	19	4	14:32:08
609	19	4	14:32:08
633	19	4	14:32:08
703	19	4	14:32:08
762	19	4	14:32:08
1016	19	4	14:32:08
1040	19	4	14:32:08
997	19	4	14:32:08
940	19	4	14:32:08
865	19	4	14:32:08
854	19	4	14:32:08
805	19	4	14:32:08
698	19	4	14:32:08
617	19	4	14:32:08
628	19	4	14:32:08
593	19	4	14:32:08
655	19	4	14:32:08
730	19	4	14:32:08
902	19	4	14:32:08
1083	19	4	14:32:08
1024	19	4	14:32:08
921	19	4	14:32:08
867	19	4	14:32:08
838	19	4	14:32:08
784	19	4	14:32:08
727	19	4	14:32:08
633	19	4	14:32:08
606	19	4	14:32:08
636	19	4	14:32:08
630	19	4	14:32:08
708	19	4	14:32:08
795	19	4	14:32:08
924	19	4	14:32:08
994	19	4	14:32:08
989	19	4	14:32:08
873	19	4	14:32:08
819	19	4	14:32:08
805	19	4	14:32:08
762	19	4	14:32:08
649	19	4	14:32:08
601	19	4	14:32:08
617	19	4	14:32:08
590	19	4	14:32:08
652	19	4	14:32:08
754	19	4	14:32:08
770	19	4	14:32:08
929	19	4	14:32:08
986	19	4	14:32:08
981	19	4	14:32:08
935	19	4	14:32:08
870	19	4	14:32:08
884	19	4	14:32:08
762	19	4	14:32:08
646	19	4	14:32:08
628	19	4	14:32:08
595	19	4	14:32:08
593	19	4	14:32:08
652	19	4	14:32:08
714	19	4	14:32:08
735	19	4	14:32:08
886	19	4	14:32:08
964	19	4	14:32:08
962	19	4	14:32:08
902	19	4	14:32:08
857	19	4	14:32:08
803	19	4	14:32:08
719	19	4	14:32:08
660	19	4	14:32:08
603	19	4	14:32:08
587	19	4	14:32:08
625	19	4	14:32:08
644	19	4	14:32:08
714	19	4	14:32:08
787	19	4	14:32:08
964	19	4	14:32:08
975	19	4	14:32:08
911	19	4	14:32:08
846	19	4	14:32:08
805	19	4	14:32:08
832	19	4	14:32:08
795	19	4	14:32:08
708	19	4	14:32:08
625	19	4	14:32:08
630	19	4	14:32:08
609	19	4	14:32:08
649	19	4	14:32:08
727	19	4	14:32:08
851	19	4	14:32:08
973	19	4	14:32:08
981	19	4	14:32:08
908	19	4	14:32:08
814	19	4	14:32:08
797	19	4	14:32:08
822	19	4	14:32:08
714	19	4	14:32:08
633	19	4	14:32:08
633	19	4	14:32:08
593	19	4	14:32:08
617	19	4	14:32:08
614	19	4	14:32:08
673	19	4	14:32:08
800	19	4	14:32:08
991	19	4	14:32:08
1051	19	4	14:32:08
964	19	4	14:32:08
913	19	4	14:32:08
911	19	4	14:32:08
865	19	4	14:32:08
708	19	4	14:32:08
641	19	4	14:32:08
636	19	4	14:32:08
593	19	4	14:32:08
630	19	4	14:32:08
687	19	4	14:32:08
967	19	4	14:32:08
943	19	4	14:32:08
954	19	4	14:32:08
929	19	4	14:32:08
921	19	4	14:32:08
913	19	4	14:32:08
881	19	4	14:32:08
776	19	4	14:32:08
665	19	4	14:32:08
644	19	4	14:32:08
628	19	4	14:32:08
601	19	4	14:32:08
649	19	4	14:32:08
652	19	4	14:32:08
754	19	4	14:32:08
843	19	4	14:32:08
983	19	4	14:32:08
989	19	4	14:32:08
913	19	4	14:32:08
870	19	4	14:32:08
846	19	4	14:32:08
749	19	4	14:32:08
673	19	4	14:32:08
649	19	4	14:32:08
598	19	4	14:32:08
628	19	4	14:32:08
644	19	4	14:32:08
684	19	4	14:32:08
803	19	4	14:32:08
975	19	4	14:32:08
999	19	4	14:32:08
940	19	4	14:32:08
889	19	4	14:32:08
854	19	4	14:32:08
824	19	4	14:32:08
746	19	4	14:32:08
706	19	4	14:32:08
630	19	4	14:32:08
603	19	4	14:32:08
638	19	4	14:32:08
646	19	4	14:32:08
690	19	4	14:32:08
808	19	4	14:32:08
954	19	4	14:32:08
1002	19	4	14:32:08
973	19	4	14:32:08
905	19	4	14:32:08
849	19	4	14:32:08
840	19	4	14:32:08
743	19	4	14:32:08
644	19	4	14:32:08
611	19	4	14:32:08
628	19	4	14:32:08
633	19	4	14:32:08
687	19	4	14:32:08
878	19	4	14:32:08
991	19	4	14:32:08
1016	19	4	14:32:08
959	19	4	14:32:08
881	19	4	14:32:08
854	19	4	14:32:08
830	19	4	14:32:08
749	19	4	14:32:08
703	19	4	14:32:08
630	19	4	14:32:08
603	19	4	14:32:08
630	19	4	14:32:08
625	19	4	14:32:08
671	19	4	14:32:08
835	19	4	14:32:08
986	19	4	14:32:08
986	19	4	14:32:08
921	19	4	14:32:08
862	19	4	14:32:08
854	19	4	14:32:08
814	19	4	14:32:08
754	19	4	14:32:08
679	19	4	14:32:08
614	19	4	14:32:08
625	19	4	14:32:08
614	19	4	14:32:08
676	19	4	14:32:08
824	19	4	14:32:08
911	19	4	14:32:08
937	19	4	14:32:08
913	19	4	14:32:08
849	19	4	14:32:08
816	19	4	14:32:08
822	19	4	14:32:08
800	19	4	14:32:08
698	19	4	14:32:08
622	19	4	14:32:08
622	19	4	14:32:08
587	19	4	14:32:08
628	19	4	14:32:08
681	19	4	14:32:08
978	19	4	14:32:08
1075	19	4	14:32:08
954	19	4	14:32:08
911	19	4	14:32:08
870	19	4	14:32:08
827	19	4	14:32:08
808	19	4	14:32:08
711	19	4	14:32:08
630	19	4	14:32:08
638	19	4	14:32:08
571	19	4	14:32:08
584	19	4	14:32:08
698	19	4	14:32:08
978	19	4	14:32:08
1051	19	4	14:32:08
919	19	4	14:32:08
827	19	4	14:32:08
746	19	4	14:32:08
708	19	4	14:32:08
614	19	4	14:32:08
690	19	4	14:32:08
719	19	4	14:32:08
652	19	4	14:32:08
609	19	4	14:32:08
628	19	4	14:32:08
622	19	4	14:32:08
630	19	4	14:32:08
676	19	4	14:32:08
722	19	4	14:32:08
876	19	4	14:32:08
881	19	4	14:32:08
894	19	4	14:32:08
876	19	4	14:32:08
849	19	4	14:32:08
805	19	4	14:32:08
768	19	4	14:32:08
711	19	4	14:32:08
641	19	4	14:32:08
601	19	4	14:32:08
620	19	4	14:32:08
603	19	4	14:32:08
630	19	4	14:32:08
703	19	4	14:32:08
749	19	4	14:32:08
824	19	4	14:32:08
935	19	4	14:32:08
862	19	4	14:32:08
849	19	4	14:32:08
779	19	4	14:32:08
768	19	4	14:32:08
733	19	4	14:32:08
692	19	4	14:32:08
625	19	4	14:32:08
603	19	4	14:32:08
628	19	4	14:32:08
620	19	4	14:32:08
719	19	4	14:32:08
827	19	4	14:32:08
816	19	4	14:32:08
776	19	4	14:32:08
773	19	4	14:32:08
779	19	4	14:32:08
741	19	4	14:32:08
703	19	4	14:32:08
695	19	4	14:32:08
679	19	4	14:32:08
628	19	4	14:32:08
636	19	4	14:32:08
617	19	4	14:32:08
603	19	4	14:32:08
657	19	4	14:32:08
684	19	4	14:32:08
757	19	4	14:32:08
921	19	4	14:32:08
951	19	4	14:32:08
886	19	4	14:32:08
870	19	4	14:32:08
781	19	4	14:32:08
765	19	4	14:32:08
733	19	4	14:32:08
679	19	4	14:32:08
617	19	4	14:32:08
620	19	4	14:32:08
593	19	4	14:32:08
598	19	4	14:32:08
714	19	4	14:32:08
746	19	4	14:32:08
876	19	4	14:32:08
929	19	4	14:32:08
913	19	4	14:32:08
814	19	4	14:32:08
800	19	4	14:32:08
770	19	4	14:32:08
776	19	4	14:32:08
722	19	4	14:32:08
684	19	4	14:32:08
617	19	4	14:32:08
603	19	4	14:32:08
646	19	4	14:32:08
690	19	4	14:32:08
784	19	4	14:32:08
916	19	4	14:32:08
967	19	4	14:32:08
943	19	4	14:32:08
905	19	4	14:32:08
822	19	4	14:32:08
797	19	4	14:32:08
757	19	4	14:32:08
671	19	4	14:32:08
638	19	4	14:32:08
606	19	4	14:32:08
603	19	4	14:32:08
614	19	4	14:32:08
668	19	4	14:32:08
722	19	4	14:32:08
781	19	4	14:32:08
870	19	4	14:32:08
902	19	4	14:32:08
878	19	4	14:32:08
811	19	4	14:32:08
811	19	4	14:32:08
773	19	4	14:32:08
730	19	4	14:32:08
638	19	4	14:32:08
628	19	4	14:32:08
595	19	4	14:32:08
606	19	4	14:32:08
657	19	4	14:32:08
711	19	4	14:32:08
814	19	4	14:32:08
994	19	4	14:32:08
978	19	4	14:32:08
932	19	4	14:32:08
870	19	4	14:32:08
846	19	4	14:32:08
814	19	4	14:32:08
695	19	4	14:32:08
644	19	4	14:32:08
609	19	4	14:32:08
587	19	4	14:32:08
641	19	4	14:32:08
733	19	4	14:32:08
886	19	4	14:32:08
989	19	4	14:32:08
1002	19	4	14:32:08
956	19	4	14:32:08
884	19	4	14:32:08
838	19	4	14:32:08
838	19	4	14:32:08
770	19	4	14:32:08
665	19	4	14:32:08
633	19	4	14:32:08
601	19	4	14:32:08
601	19	4	14:32:08
657	19	4	14:32:08
749	19	4	14:32:08
902	19	4	14:32:08
970	19	4	14:32:08
991	19	4	14:32:08
935	19	4	14:32:08
886	19	4	14:32:08
873	19	4	14:32:08
822	19	4	14:32:08
714	19	4	14:32:08
636	19	4	14:32:08
630	19	4	14:32:08
606	19	4	14:32:08
633	19	4	14:32:08
741	19	4	14:32:08
822	19	4	14:32:08
981	19	4	14:32:08
1005	19	4	14:32:08
951	19	4	14:32:08
881	19	4	14:32:08
819	19	4	14:32:08
808	19	4	14:32:08
722	19	4	14:32:08
625	19	4	14:32:08
601	19	4	14:32:08
628	19	4	14:32:08
636	19	4	14:32:08
725	19	4	14:32:08
765	19	4	14:32:08
876	19	4	14:32:08
951	19	4	14:32:08
973	19	4	14:32:08
892	19	4	14:32:08
830	19	4	14:32:08
808	19	4	14:32:08
795	19	4	14:32:08
676	19	4	14:32:08
620	19	4	14:32:08
622	19	4	14:32:08
601	19	4	14:32:08
617	19	4	14:32:08
738	19	4	14:32:08
824	19	4	14:32:08
962	19	4	14:32:08
1016	19	4	14:32:08
967	19	4	14:32:08
913	19	4	14:32:08
857	19	4	14:32:08
835	19	4	14:32:08
768	19	4	14:32:08
695	19	4	14:32:08
633	19	4	14:32:08
628	19	4	14:32:08
617	19	4	14:32:08
633	19	4	14:32:08
727	19	4	14:32:08
805	19	4	14:32:08
1024	19	4	14:32:08
956	19	4	14:32:08
894	19	4	14:32:08
884	19	4	14:32:08
851	19	4	14:32:08
808	19	4	14:32:08
714	19	4	14:32:08
630	19	4	14:32:08
595	19	4	14:32:08
633	19	4	14:32:08
652	19	4	14:32:08
692	19	4	14:32:08
816	19	4	14:32:08
867	19	4	14:32:08
999	19	4	14:32:08
989	19	4	14:32:08
908	19	4	14:32:08
894	19	4	14:32:08
865	19	4	14:32:08
800	19	4	14:32:08
714	19	4	14:32:08
649	19	4	14:32:08
617	19	4	14:32:08
657	19	4	14:32:08
652	19	4	14:32:08
717	19	4	14:32:08
814	19	4	14:32:08
913	19	4	14:32:08
1008	19	4	14:32:08
983	19	4	14:32:08
905	19	4	14:32:08
854	19	4	14:32:08
797	19	4	14:32:08
708	19	4	14:32:08
660	19	4	14:32:08
609	19	4	14:32:08
614	19	4	14:32:08
684	19	4	14:32:08
727	19	4	14:32:08
814	19	4	14:32:08
908	19	4	14:32:08
943	19	4	14:32:08
927	19	4	14:32:08
897	19	4	14:32:08
865	19	4	14:32:08
822	19	4	14:32:08
762	19	4	14:32:08
690	19	4	14:32:08
644	19	4	14:32:08
614	19	4	14:32:08
625	19	4	14:32:08
644	19	4	14:32:08
757	19	4	14:32:08
830	19	4	14:32:08
1056	19	4	14:32:08
1026	19	4	14:32:08
962	19	4	14:32:08
897	19	4	14:32:08
876	19	4	14:32:08
822	19	4	14:32:08
684	19	4	14:32:08
622	19	4	14:32:08
625	19	4	14:32:08
644	19	4	14:32:08
714	19	4	14:32:08
832	19	4	14:32:08
951	19	4	14:32:08
1024	19	4	14:32:08
994	19	4	14:32:08
935	19	4	14:32:08
924	19	4	14:32:08
867	19	4	14:32:08
787	19	4	14:32:08
673	19	4	14:32:08
652	19	4	14:32:08
622	19	4	14:32:08
622	19	4	14:32:08
676	19	4	14:32:08
894	19	4	14:32:08
932	19	4	14:32:08
1064	19	4	14:32:08
981	19	4	14:32:08
892	19	4	14:32:08
881	19	4	14:32:08
876	19	4	14:32:08
765	19	4	14:32:08
681	19	4	14:32:08
614	19	4	14:32:08
617	19	4	14:32:08
638	19	4	14:32:08
754	19	4	14:32:08
857	19	4	14:32:08
1115	19	4	14:32:08
1083	19	4	14:32:08
927	19	4	14:32:08
692	19	4	14:32:08
668	19	4	14:32:08
633	19	4	14:32:08
700	19	4	14:32:08
668	19	4	14:32:08
598	19	4	14:32:08
614	19	4	14:32:08
601	19	4	14:32:08
622	19	4	14:32:08
765	19	4	14:32:08
937	19	4	14:32:08
911	19	4	14:32:08
1059	19	4	14:32:08
1018	19	4	14:32:08
943	19	4	14:32:08
913	19	4	14:32:08
876	19	4	14:32:08
725	19	4	14:32:08
657	19	4	14:32:08
617	19	4	14:32:08
595	19	4	14:32:08
641	19	4	14:32:08
681	19	4	14:32:08
800	19	4	14:32:08
962	19	4	14:32:08
1032	19	4	14:32:08
991	19	4	14:32:08
911	19	4	14:32:08
876	19	4	14:32:08
843	19	4	14:32:08
765	19	4	14:32:08
679	19	4	14:32:08
633	19	4	14:32:08
622	19	4	14:32:08
609	19	4	14:32:08
692	19	4	14:32:08
741	19	4	14:32:08
862	19	4	14:32:08
970	19	4	14:32:08
994	19	4	14:32:08
951	19	4	14:32:08
884	19	4	14:32:08
849	19	4	14:32:08
808	19	4	14:32:08
700	19	4	14:32:08
638	19	4	14:32:08
628	19	4	14:32:08
617	19	4	14:32:08
625	19	4	14:32:08
727	19	4	14:32:08
789	19	4	14:32:08
932	19	4	14:32:08
967	19	4	14:32:08
975	19	4	14:32:08
913	19	4	14:32:08
865	19	4	14:32:08
819	19	4	14:32:08
781	19	4	14:32:08
695	19	4	14:32:08
617	19	4	14:32:08
625	19	4	14:32:08
636	19	4	14:32:08
655	19	4	14:32:08
749	19	4	14:32:08
762	19	4	14:32:08
948	19	4	14:32:08
1016	19	4	14:32:08
956	19	4	14:32:08
924	19	4	14:32:08
867	19	4	14:32:08
789	19	4	14:32:08
719	19	4	14:32:08
630	19	4	14:32:08
601	19	4	14:32:08
630	19	4	14:32:08
652	19	4	14:32:08
719	19	4	14:32:08
892	19	4	14:32:08
989	19	4	14:32:08
973	19	4	14:32:08
951	19	4	14:32:08
892	19	4	14:32:08
835	19	4	14:32:08
792	19	4	14:32:08
690	19	4	14:32:08
660	19	4	14:32:08
625	19	4	14:32:08
603	19	4	14:32:08
749	19	4	14:32:08
768	19	4	14:32:08
924	19	4	14:32:08
924	19	4	14:32:08
1094	19	4	14:32:08
946	19	4	14:32:08
905	19	4	14:32:08
840	19	4	14:32:08
832	19	4	14:32:08
787	19	4	14:32:08
692	19	4	14:32:08
625	19	4	14:32:08
628	19	4	14:32:08
628	19	4	14:32:08
695	19	4	14:32:08
886	19	4	14:32:08
970	19	4	14:32:08
1043	19	4	14:32:08
967	19	4	14:32:08
932	19	4	14:32:08
897	19	4	14:32:08
854	19	4	14:32:08
743	19	4	14:32:08
663	19	4	14:32:08
649	19	4	14:32:08
622	19	4	14:32:08
630	19	4	14:32:08
708	19	4	14:32:08
849	19	4	14:32:08
959	19	4	14:32:08
1061	19	4	14:32:08
989	19	4	14:32:08
932	19	4	14:32:08
892	19	4	14:32:08
876	19	4	14:32:08
787	19	4	14:32:08
703	19	4	14:32:08
636	19	4	14:32:08
625	19	4	14:32:08
638	19	4	14:32:08
671	19	4	14:32:08
781	19	4	14:32:08
943	19	4	14:32:08
932	19	4	14:32:08
1040	19	4	14:32:08
940	19	4	14:32:08
878	19	4	14:32:08
827	19	4	14:32:08
797	19	4	14:32:08
733	19	4	14:32:08
663	19	4	14:32:08
620	19	4	14:32:08
603	19	4	14:32:08
665	19	4	14:32:08
760	19	4	14:32:08
819	19	4	14:32:08
959	19	4	14:32:08
1018	19	4	14:32:08
956	19	4	14:32:08
870	19	4	14:32:08
846	19	4	14:32:08
805	19	4	14:32:08
700	19	4	14:32:08
638	19	4	14:32:08
641	19	4	14:32:08
611	19	4	14:32:08
625	19	4	14:32:08
641	19	4	14:32:08
644	19	4	14:32:08
908	19	4	14:32:08
908	19	4	14:32:08
892	19	4	14:32:08
846	19	4	14:32:08
808	19	4	14:32:08
849	19	4	14:32:08
843	19	4	14:32:08
770	19	4	14:32:08
714	19	4	14:32:08
649	19	4	14:32:08
636	19	4	14:32:08
695	19	4	14:32:08
722	19	4	14:32:08
738	19	4	14:32:08
967	19	4	14:32:08
935	19	4	14:32:08
921	19	4	14:32:08
935	19	4	14:32:08
878	19	4	14:32:08
800	19	4	14:32:08
690	19	4	14:32:08
630	19	4	14:32:08
630	19	4	14:32:08
601	19	4	14:32:08
665	19	4	14:32:08
800	19	4	14:32:08
894	19	4	14:32:08
946	19	4	14:32:08
986	19	4	14:32:08
927	19	4	14:32:08
897	19	4	14:32:08
857	19	4	14:32:08
827	19	4	14:32:08
787	19	4	14:32:08
708	19	4	14:32:08
638	19	4	14:32:08
638	19	4	14:32:08
638	19	4	14:32:08
698	19	4	14:32:08
749	19	4	14:32:08
768	19	4	14:32:08
959	19	4	14:32:08
954	19	4	14:32:08
921	19	4	14:32:08
862	19	4	14:32:08
814	19	4	14:32:08
770	19	4	14:32:08
673	19	4	14:32:08
622	19	4	14:32:08
630	19	4	14:32:08
611	19	4	14:32:08
636	19	4	14:32:08
746	19	4	14:32:08
816	19	4	14:32:08
964	19	4	14:32:08
986	19	4	14:32:08
927	19	4	14:32:08
846	19	4	14:32:08
789	19	4	14:32:08
787	19	4	14:32:08
762	19	4	14:32:08
673	19	4	14:32:08
620	19	4	14:32:08
633	19	4	14:32:08
598	19	4	14:32:08
630	19	4	14:32:08
671	19	4	14:32:08
711	19	4	14:32:08
832	19	4	14:32:08
997	19	4	14:32:08
954	19	4	14:32:08
916	19	4	14:32:08
876	19	4	14:32:08
862	19	4	14:32:08
749	19	4	14:32:08
655	19	4	14:32:08
630	19	4	14:32:08
609	19	4	14:32:08
620	19	4	14:32:08
676	19	4	14:32:08
679	19	4	14:32:08
749	19	4	14:32:08
886	19	4	14:32:08
973	19	4	14:32:08
943	19	4	14:32:08
876	19	4	14:32:08
827	19	4	14:32:08
808	19	4	14:32:08
725	19	4	14:32:08
692	19	4	14:32:08
625	19	4	14:32:08
603	19	4	14:32:08
633	19	4	14:32:08
638	19	4	14:32:08
665	19	4	14:32:08
725	19	4	14:32:08
902	19	4	14:32:08
946	19	4	14:32:08
919	19	4	14:32:08
849	19	4	14:32:08
832	19	4	14:32:08
803	19	4	14:32:08
789	19	4	14:32:08
706	19	4	14:32:08
628	19	4	14:32:08
633	19	4	14:32:08
609	19	4	14:32:08
633	19	4	14:32:08
695	19	4	14:32:08
706	19	4	14:32:08
948	19	4	14:32:08
994	19	4	14:32:08
994	19	4	14:32:08
911	19	4	14:32:08
870	19	4	14:32:08
857	19	4	14:32:08
784	19	4	14:32:08
700	19	4	14:32:08
644	19	4	14:32:08
646	19	4	14:32:08
622	19	4	14:32:08
644	19	4	14:32:08
727	19	4	14:32:08
867	19	4	14:32:08
981	19	4	14:32:08
948	19	4	14:32:08
862	19	4	14:32:08
773	19	4	14:32:08
684	19	4	14:32:08
630	19	4	14:32:08
601	19	4	14:32:08
611	19	4	14:32:08
587	19	4	14:32:08
609	19	4	14:32:08
641	19	4	14:32:08
792	19	4	14:32:08
838	19	4	14:32:08
932	19	4	14:32:08
954	19	4	14:32:08
927	19	4	14:32:08
908	19	4	14:32:08
892	19	4	14:32:08
851	19	4	14:32:08
743	19	4	14:32:08
636	19	4	14:32:08
641	19	4	14:32:08
622	19	4	14:32:08
652	19	4	14:32:08
725	19	4	14:32:08
846	19	4	14:32:08
989	19	4	14:32:08
1032	19	4	14:32:08
991	19	4	14:32:08
943	19	4	14:32:08
929	19	4	14:32:08
881	19	4	14:32:08
752	19	4	14:32:08
690	19	4	14:32:08
628	19	4	14:32:08
611	19	4	14:32:08
649	19	4	14:32:08
668	19	4	14:32:08
708	19	4	14:32:08
956	19	4	14:32:08
1026	19	4	14:32:08
1002	19	4	14:32:08
916	19	4	14:32:08
873	19	4	14:32:08
884	19	4	14:32:08
822	19	4	14:32:08
714	19	4	14:32:08
671	19	4	14:32:08
625	19	4	14:32:08
606	19	4	14:32:08
676	19	4	14:32:08
725	19	4	14:32:08
811	19	4	14:32:08
991	19	4	14:32:08
981	19	4	14:32:08
913	19	4	14:32:08
843	19	4	14:32:08
846	19	4	14:32:08
835	19	4	14:32:08
738	19	4	14:32:08
676	19	4	14:32:08
663	19	4	14:32:08
633	19	4	14:32:08
636	19	4	14:32:08
698	19	4	14:32:08
749	19	4	14:32:08
902	19	4	14:32:08
981	19	4	14:32:08
978	19	4	14:32:08
900	19	4	14:32:08
854	19	4	14:32:08
814	19	4	14:32:08
762	19	4	14:32:08
681	19	4	14:32:08
625	19	4	14:32:08
628	19	4	14:32:08
617	19	4	14:32:08
638	19	4	14:32:08
797	19	4	14:32:08
884	19	4	14:32:08
1040	19	4	14:32:08
999	19	4	14:32:08
929	19	4	14:32:08
889	19	4	14:32:08
873	19	4	14:32:08
797	19	4	14:32:08
722	19	4	14:32:08
663	19	4	14:32:08
625	19	4	14:32:08
638	19	4	14:32:08
644	19	4	14:32:08
684	19	4	14:32:08
776	19	4	14:32:08
973	19	4	14:32:08
1067	19	4	14:32:08
970	19	4	14:32:08
894	19	4	14:32:08
838	19	4	14:32:08
824	19	4	14:32:08
727	19	4	14:32:08
679	19	4	14:32:08
622	19	4	14:32:08
595	19	4	14:32:08
636	19	4	14:32:08
638	19	4	14:32:08
690	19	4	14:32:08
854	19	4	14:32:08
981	19	4	14:32:08
962	19	4	14:32:08
892	19	4	14:32:08
876	19	4	14:32:08
832	19	4	14:32:08
770	19	4	14:32:08
695	19	4	14:32:08
676	19	4	14:32:08
625	19	4	14:32:08
641	19	4	14:32:08
633	19	4	14:32:08
663	19	4	14:32:08
738	19	4	14:32:08
1013	19	4	14:32:08
1024	19	4	14:32:08
946	19	4	14:32:08
873	19	4	14:32:08
870	19	4	14:32:08
851	19	4	14:32:08
757	19	4	14:32:08
700	19	4	14:32:08
671	19	4	14:32:08
617	19	4	14:32:08
630	19	4	14:32:08
633	19	4	14:32:08
655	19	4	14:32:08
943	19	4	14:32:08
1083	19	4	14:32:08
962	19	4	14:32:08
873	19	4	14:32:08
846	19	4	14:32:08
827	19	4	14:32:08
784	19	4	14:32:08
700	19	4	14:32:08
676	19	4	14:32:08
630	19	4	14:32:08
606	19	4	14:32:08
638	19	4	14:32:08
646	19	4	14:32:08
795	19	4	14:32:08
876	19	4	14:32:08
997	19	4	14:32:08
983	19	4	14:32:08
913	19	4	14:32:08
884	19	4	14:32:08
876	19	4	14:32:08
811	19	4	14:32:08
695	19	4	14:32:08
646	19	4	14:32:08
614	19	4	14:32:08
587	19	4	14:32:08
633	19	4	14:32:08
657	19	4	14:32:08
886	19	4	14:32:08
970	19	4	14:32:08
1013	19	4	14:32:08
948	19	4	14:32:08
867	19	4	14:32:08
822	19	4	14:32:08
827	19	4	14:32:08
725	19	4	14:32:08
644	19	4	14:32:08
630	19	4	14:32:08
601	19	4	14:32:08
622	19	4	14:32:08
668	19	4	14:32:08
830	19	4	14:32:08
975	19	4	14:32:08
1026	19	4	14:32:08
981	19	4	14:32:08
889	19	4	14:32:08
884	19	4	14:32:08
892	19	4	14:32:08
762	19	4	14:32:08
668	19	4	14:32:08
630	19	4	14:32:08
622	19	4	14:32:08
614	19	4	14:32:08
646	19	4	14:32:08
733	19	4	14:32:08
948	19	4	14:32:08
1032	19	4	14:32:08
997	19	4	14:32:08
892	19	4	14:32:08
873	19	4	14:32:08
816	19	4	14:32:08
760	19	4	14:32:08
719	19	4	14:32:08
641	19	4	14:32:08
606	19	4	14:32:08
630	19	4	14:32:08
641	19	4	14:32:08
714	19	4	14:32:08
870	19	4	14:32:08
959	19	4	14:32:08
973	19	4	14:32:08
951	19	4	14:32:08
886	19	4	14:32:08
878	19	4	14:32:08
849	19	4	14:32:08
757	19	4	14:32:08
717	19	4	14:32:08
655	19	4	14:32:08
609	19	4	14:32:08
630	19	4	14:32:08
638	19	4	14:32:08
663	19	4	14:32:08
921	19	4	14:32:08
999	19	4	14:32:08
986	19	4	14:32:08
916	19	4	14:32:08
900	19	4	14:32:08
867	19	4	14:32:08
795	19	4	14:32:08
700	19	4	14:32:08
660	19	4	14:32:08
620	19	4	14:32:08
617	19	4	14:32:08
657	19	4	14:32:08
717	19	4	14:32:08
924	19	4	14:32:08
900	19	4	14:32:08
1059	19	4	14:32:08
986	19	4	14:32:08
889	19	4	14:32:08
876	19	4	14:32:08
814	19	4	14:32:08
730	19	4	14:32:08
646	19	4	14:32:08
622	19	4	14:32:08
630	19	4	14:32:08
611	19	4	14:32:08
711	19	4	14:32:08
773	19	4	14:32:08
989	19	4	14:32:08
991	19	4	14:32:08
964	19	4	14:32:08
900	19	4	14:32:08
843	19	4	14:32:08
873	19	4	14:32:08
760	19	4	14:32:08
695	19	4	14:32:08
644	19	4	14:32:08
622	19	4	14:32:08
630	19	4	14:32:08
625	19	4	14:32:08
735	19	4	14:32:08
886	19	4	14:32:08
999	19	4	14:32:08
1016	19	4	14:32:08
951	19	4	14:32:08
900	19	4	14:32:08
873	19	4	14:32:08
795	19	4	14:32:08
708	19	4	14:32:08
660	19	4	14:32:08
633	19	4	14:32:08
611	19	4	14:32:08
665	19	4	14:32:08
857	19	4	14:32:08
940	19	4	14:32:08
1013	19	4	14:32:08
999	19	4	14:32:08
916	19	4	14:32:08
873	19	4	14:32:08
865	19	4	14:32:08
795	19	4	14:32:08
717	19	4	14:32:08
644	19	4	14:32:08
625	19	4	14:32:08
625	19	4	14:32:08
660	19	4	14:32:08
808	19	4	14:32:08
970	19	4	14:32:08
1118	19	4	14:32:08
997	19	4	14:32:08
970	19	4	14:32:08
905	19	4	14:32:08
929	19	4	14:32:08
768	19	4	14:32:08
692	19	4	14:32:08
628	19	4	14:32:08
633	19	4	14:32:08
620	19	4	14:32:08
698	19	4	14:32:08
894	19	4	14:32:08
964	19	4	14:32:08
956	19	4	14:32:08
1051	19	4	14:32:08
951	19	4	14:32:08
927	19	4	14:32:08
878	19	4	14:32:08
779	19	4	14:32:08
698	19	4	14:32:08
652	19	4	14:32:08
611	19	4	14:32:08
620	19	4	14:32:08
655	19	4	14:32:08
714	19	4	14:32:08
921	19	4	14:32:08
940	19	4	14:32:08
1059	19	4	14:32:08
946	19	4	14:32:08
886	19	4	14:32:08
878	19	4	14:32:08
843	19	4	14:32:08
730	19	4	14:32:08
638	19	4	14:32:08
636	19	4	14:32:08
601	19	4	14:32:08
598	19	4	14:32:08
717	19	4	14:32:08
749	19	4	14:32:08
932	19	4	14:32:08
929	19	4	14:32:08
1002	19	4	14:32:08
929	19	4	14:32:08
878	19	4	14:32:08
830	19	4	14:32:08
773	19	4	14:32:08
690	19	4	14:32:08
622	19	4	14:32:08
628	19	4	14:32:08
614	19	4	14:32:08
641	19	4	14:32:08
700	19	4	14:32:08
962	19	4	14:32:08
1051	19	4	14:32:08
1002	19	4	14:32:08
889	19	4	14:32:08
840	19	4	14:32:08
797	19	4	14:32:08
738	19	4	14:32:08
644	19	4	14:32:08
611	19	4	14:32:08
625	19	4	14:32:08
598	19	4	14:32:08
622	19	4	14:32:08
738	19	4	14:32:08
805	19	4	14:32:08
943	19	4	14:32:08
916	19	4	14:32:08
1013	19	4	14:32:08
905	19	4	14:32:08
870	19	4	14:32:08
846	19	4	14:32:08
768	19	4	14:32:08
684	19	4	14:32:08
630	19	4	14:32:08
633	19	4	14:32:08
641	19	4	14:32:08
679	19	4	14:32:08
819	19	4	14:32:08
978	19	4	14:32:08
1021	19	4	14:32:08
994	19	4	14:32:08
951	19	4	14:32:08
897	19	4	14:32:08
870	19	4	14:32:08
811	19	4	14:32:08
700	19	4	14:32:08
676	19	4	14:32:08
622	19	4	14:32:08
601	19	4	14:32:08
646	19	4	14:32:08
695	19	4	14:32:08
781	19	4	14:32:08
808	19	4	14:32:08
800	19	4	14:32:08
902	19	4	14:32:08
886	19	4	14:32:08
800	19	4	14:32:08
784	19	4	14:32:08
738	19	4	14:32:08
679	19	4	14:32:08
622	19	4	14:32:08
628	19	4	14:32:08
617	19	4	14:32:08
636	19	4	14:32:08
797	19	4	14:32:08
994	19	4	14:32:08
951	19	4	14:32:08
886	19	4	14:32:08
854	19	4	14:32:08
827	19	4	14:32:08
822	19	4	14:32:08
787	19	4	14:32:08
738	19	4	14:32:08
655	19	4	14:32:08
633	19	4	14:32:08
1563	19	4	21:07:05
1689	19	4	21:07:05
1654	19	4	21:07:05
552	19	4	21:07:05
590	19	4	21:07:05
593	19	4	21:07:05
603	19	4	21:07:05
603	19	4	21:07:05
657	19	4	21:07:05
886	19	4	21:07:05
897	19	4	21:07:05
989	19	4	21:07:05
962	19	4	21:07:05
886	19	4	21:07:05
808	19	4	21:07:05
752	19	4	21:07:05
671	19	4	21:07:05
633	19	4	21:07:05
590	19	4	21:07:05
614	19	4	21:07:05
571	19	4	21:07:05
582	19	4	21:07:05
584	19	4	21:07:05
611	19	4	21:07:05
741	19	4	21:07:05
822	19	4	21:07:05
1053	19	4	21:07:05
975	19	4	21:07:05
911	19	4	21:07:05
773	19	4	21:07:05
676	19	4	21:07:05
663	19	4	21:07:05
614	19	4	21:07:05
620	19	4	21:07:05
576	19	4	21:07:05
574	19	4	21:07:05
598	19	4	21:07:05
566	19	4	21:07:05
614	19	4	21:07:05
730	19	4	21:07:05
1099	19	4	21:07:05
956	19	4	21:07:05
921	19	4	21:07:05
876	19	4	21:07:05
814	19	4	21:07:05
792	19	4	21:07:05
757	19	4	21:07:05
636	19	4	21:07:05
595	19	4	21:07:05
620	19	4	21:07:05
590	19	4	21:07:05
617	19	4	21:07:05
652	19	4	21:07:05
714	19	4	21:07:05
997	19	4	21:07:05
927	19	4	21:07:05
1008	19	4	21:07:05
948	19	4	21:07:05
867	19	4	21:07:05
787	19	4	21:07:05
725	19	4	21:07:05
614	19	4	21:07:05
620	19	4	21:07:05
593	19	4	21:07:05
595	19	4	21:07:05
625	19	4	21:07:05
660	19	4	21:07:05
851	19	4	21:07:05
1110	19	4	21:07:05
1040	19	4	21:07:05
1037	19	4	21:07:05
951	19	4	21:07:05
929	19	4	21:07:05
886	19	4	21:07:05
733	19	4	21:07:05
625	19	4	21:07:05
617	19	4	21:07:05
598	19	4	21:07:05
584	19	4	21:07:05
657	19	4	21:07:05
698	19	4	21:07:05
1091	19	4	21:07:05
1045	19	4	21:07:05
994	19	4	21:07:05
919	19	4	21:07:05
894	19	4	21:07:05
824	19	4	21:07:05
733	19	4	21:07:05
649	19	4	21:07:05
614	19	4	21:07:05
620	19	4	21:07:05
598	19	4	21:07:05
622	19	4	21:07:05
824	19	4	21:07:05
1099	19	4	21:07:05
1024	19	4	21:07:05
989	19	4	21:07:05
970	19	4	21:07:05
916	19	4	21:07:05
876	19	4	21:07:05
746	19	4	21:07:05
644	19	4	21:07:05
636	19	4	21:07:05
601	19	4	21:07:05
595	19	4	21:07:05
679	19	4	21:07:05
797	19	4	21:07:05
1118	19	4	21:07:05
1053	19	4	21:07:05
978	19	4	21:07:05
932	19	4	21:07:05
884	19	4	21:07:05
843	19	4	21:07:05
717	19	4	21:07:05
649	19	4	21:07:05
601	19	4	21:07:05
601	19	4	21:07:05
614	19	4	21:07:05
625	19	4	21:07:05
722	19	4	21:07:05
999	19	4	21:07:05
1045	19	4	21:07:05
1010	19	4	21:07:05
935	19	4	21:07:05
886	19	4	21:07:05
870	19	4	21:07:05
776	19	4	21:07:05
657	19	4	21:07:05
633	19	4	21:07:05
590	19	4	21:07:05
598	19	4	21:07:05
625	19	4	21:07:05
722	19	4	21:07:05
1067	19	4	21:07:05
1056	19	4	21:07:05
1013	19	4	21:07:05
943	19	4	21:07:05
876	19	4	21:07:05
878	19	4	21:07:05
795	19	4	21:07:05
649	19	4	21:07:05
601	19	4	21:07:05
617	19	4	21:07:05
587	19	4	21:07:05
617	19	4	21:07:05
646	19	4	21:07:05
703	19	4	21:07:05
1096	19	4	21:07:05
1048	19	4	21:07:05
975	19	4	21:07:05
905	19	4	21:07:05
816	19	4	21:07:05
814	19	4	21:07:05
717	19	4	21:07:05
617	19	4	21:07:05
609	19	4	21:07:05
582	19	4	21:07:05
574	19	4	21:07:05
641	19	4	21:07:05
690	19	4	21:07:05
1096	19	4	21:07:05
1088	19	4	21:07:05
978	19	4	21:07:05
948	19	4	21:07:05
902	19	4	21:07:05
878	19	4	21:07:05
781	19	4	21:07:05
679	19	4	21:07:05
611	19	4	21:07:05
617	19	4	21:07:05
590	19	4	21:07:05
595	19	4	21:07:05
657	19	4	21:07:05
698	19	4	21:07:05
1086	19	4	21:07:05
1032	19	4	21:07:05
983	19	4	21:07:05
921	19	4	21:07:05
892	19	4	21:07:05
867	19	4	21:07:05
733	19	4	21:07:05
646	19	4	21:07:05
590	19	4	21:07:05
606	19	4	21:07:05
590	19	4	21:07:05
644	19	4	21:07:05
768	19	4	21:07:05
1064	19	4	21:07:05
991	19	4	21:07:05
959	19	4	21:07:05
905	19	4	21:07:05
886	19	4	21:07:05
851	19	4	21:07:05
727	19	4	21:07:05
652	19	4	21:07:05
601	19	4	21:07:05
584	19	4	21:07:05
614	19	4	21:07:05
628	19	4	21:07:05
668	19	4	21:07:05
1075	19	4	21:07:05
1008	19	4	21:07:05
997	19	4	21:07:05
900	19	4	21:07:05
784	19	4	21:07:05
673	19	4	21:07:05
617	19	4	21:07:05
601	19	4	21:07:05
576	19	4	21:07:05
601	19	4	21:07:05
595	19	4	21:07:05
609	19	4	21:07:05
687	19	4	21:07:05
808	19	4	21:07:05
1072	19	4	21:07:05
1013	19	4	21:07:05
991	19	4	21:07:05
913	19	4	21:07:05
873	19	4	21:07:05
859	19	4	21:07:05
754	19	4	21:07:05
684	19	4	21:07:05
606	19	4	21:07:05
609	19	4	21:07:05
593	19	4	21:07:05
582	19	4	21:07:05
676	19	4	21:07:05
1045	19	4	21:07:05
975	19	4	21:07:05
1005	19	4	21:07:05
951	19	4	21:07:05
881	19	4	21:07:05
857	19	4	21:07:05
822	19	4	21:07:05
706	19	4	21:07:05
638	19	4	21:07:05
587	19	4	21:07:05
598	19	4	21:07:05
590	19	4	21:07:05
622	19	4	21:07:05
708	19	4	21:07:05
951	19	4	21:07:05
943	19	4	21:07:05
962	19	4	21:07:05
908	19	4	21:07:05
854	19	4	21:07:05
805	19	4	21:07:05
768	19	4	21:07:05
646	19	4	21:07:05
593	19	4	21:07:05
603	19	4	21:07:05
582	19	4	21:07:05
620	19	4	21:07:05
663	19	4	21:07:05
746	19	4	21:07:05
1091	19	4	21:07:05
1018	19	4	21:07:05
935	19	4	21:07:05
862	19	4	21:07:05
849	19	4	21:07:05
779	19	4	21:07:05
690	19	4	21:07:05
617	19	4	21:07:05
633	19	4	21:07:05
587	19	4	21:07:05
574	19	4	21:07:05
617	19	4	21:07:05
665	19	4	21:07:05
832	19	4	21:07:05
1034	19	4	21:07:05
973	19	4	21:07:05
927	19	4	21:07:05
892	19	4	21:07:05
851	19	4	21:07:05
781	19	4	21:07:05
660	19	4	21:07:05
633	19	4	21:07:05
601	19	4	21:07:05
579	19	4	21:07:05
606	19	4	21:07:05
606	19	4	21:07:05
671	19	4	21:07:05
1026	19	4	21:07:05
962	19	4	21:07:05
897	19	4	21:07:05
843	19	4	21:07:05
749	19	4	21:07:05
665	19	4	21:07:05
638	19	4	21:07:05
584	19	4	21:07:05
579	19	4	21:07:05
595	19	4	21:07:05
558	19	4	21:07:05
579	19	4	21:07:05
568	19	4	21:07:05
638	19	4	21:07:05
717	19	4	21:07:05
981	19	4	21:07:05
935	19	4	21:07:05
905	19	4	21:07:05
865	19	4	21:07:05
827	19	4	21:07:05
811	19	4	21:07:05
746	19	4	21:07:05
638	19	4	21:07:05
617	19	4	21:07:05
598	19	4	21:07:05
566	19	4	21:07:05
587	19	4	21:07:05
609	19	4	21:07:05
660	19	4	21:07:05
762	19	4	21:07:05
884	19	4	21:07:05
956	19	4	21:07:05
870	19	4	21:07:05
832	19	4	21:07:05
803	19	4	21:07:05
814	19	4	21:07:05
695	19	4	21:07:05
609	19	4	21:07:05
603	19	4	21:07:05
560	19	4	21:07:05
574	19	4	21:07:05
593	19	4	21:07:05
598	19	4	21:07:05
657	19	4	21:07:05
832	19	4	21:07:05
1018	19	4	21:07:05
937	19	4	21:07:05
808	19	4	21:07:05
706	19	4	21:07:05
665	19	4	21:07:05
617	19	4	21:07:05
587	19	4	21:07:05
587	19	4	21:07:05
558	19	4	21:07:05
574	19	4	21:07:05
539	19	4	21:07:05
560	19	4	21:07:05
571	19	4	21:07:05
598	19	4	21:07:05
681	19	4	21:07:05
929	19	4	21:07:05
835	19	4	21:07:05
816	19	4	21:07:05
770	19	4	21:07:05
749	19	4	21:07:05
668	19	4	21:07:05
646	19	4	21:07:05
655	19	4	21:07:05
590	19	4	21:07:05
598	19	4	21:07:05
563	19	4	21:07:05
549	19	4	21:07:05
590	19	4	21:07:05
574	19	4	21:07:05
625	19	4	21:07:05
779	19	4	21:07:05
792	19	4	21:07:05
805	19	4	21:07:05
800	19	4	21:07:05
749	19	4	21:07:05
673	19	4	21:07:05
614	19	4	21:07:05
620	19	4	21:07:05
558	19	4	21:07:05
582	19	4	21:07:05
555	19	4	21:07:05
563	19	4	21:07:05
560	19	4	21:07:05
558	19	4	21:07:05
617	19	4	21:07:05
644	19	4	21:07:05
754	19	4	21:07:05
870	19	4	21:07:05
838	19	4	21:07:05
822	19	4	21:07:05
787	19	4	21:07:05
725	19	4	21:07:05
695	19	4	21:07:05
638	19	4	21:07:05
595	19	4	21:07:05
617	19	4	21:07:05
566	19	4	21:07:05
582	19	4	21:07:05
555	19	4	21:07:05
574	19	4	21:07:05
595	19	4	21:07:05
611	19	4	21:07:05
762	19	4	21:07:05
838	19	4	21:07:05
838	19	4	21:07:05
781	19	4	21:07:05
733	19	4	21:07:05
708	19	4	21:07:05
663	19	4	21:07:05
620	19	4	21:07:05
625	19	4	21:07:05
603	19	4	21:07:05
574	19	4	21:07:05
584	19	4	21:07:05
541	19	4	21:07:05
593	19	4	21:07:05
598	19	4	21:07:05
1099	19	4	21:07:05
956	19	4	21:07:05
835	19	4	21:07:05
808	19	4	21:07:05
719	19	4	21:07:05
628	19	4	21:07:05
630	19	4	21:07:05
576	19	4	21:07:05
571	19	4	21:07:05
587	19	4	21:07:05
555	19	4	21:07:05
576	19	4	21:07:05
576	19	4	21:07:05
625	19	4	21:07:05
706	19	4	21:07:05
932	19	4	21:07:05
795	19	4	21:07:05
789	19	4	21:07:05
773	19	4	21:07:05
738	19	4	21:07:05
679	19	4	21:07:05
636	19	4	21:07:05
652	19	4	21:07:05
587	19	4	21:07:05
603	19	4	21:07:05
590	19	4	21:07:05
552	19	4	21:07:05
584	19	4	21:07:05
539	19	4	21:07:05
620	19	4	21:07:05
558	19	4	21:07:05
638	19	4	21:07:05
706	19	4	21:07:05
760	19	4	21:07:05
741	19	4	21:07:05
773	19	4	21:07:05
708	19	4	21:07:05
671	19	4	21:07:05
649	19	4	21:07:05
636	19	4	21:07:05
593	19	4	21:07:05
603	19	4	21:07:05
576	19	4	21:07:05
574	19	4	21:07:05
595	19	4	21:07:05
579	19	4	21:07:05
614	19	4	21:07:05
614	19	4	21:07:05
644	19	4	21:07:05
703	19	4	21:07:05
668	19	4	21:07:05
630	19	4	21:07:05
652	19	4	21:07:05
603	19	4	21:07:05
606	19	4	21:07:05
576	19	4	21:07:05
555	19	4	21:07:05
587	19	4	21:07:05
552	19	4	21:07:05
584	19	4	21:07:05
549	19	4	21:07:05
649	19	4	21:07:05
679	19	4	21:07:05
811	19	4	21:07:05
781	19	4	21:07:05
822	19	4	21:07:05
814	19	4	21:07:05
781	19	4	21:07:05
781	19	4	21:07:05
773	19	4	21:07:05
784	19	4	21:07:05
733	19	4	21:07:05
625	19	4	21:07:05
628	19	4	21:07:05
584	19	4	21:07:05
549	19	4	21:07:05
566	19	4	21:07:05
555	19	4	21:07:05
593	19	4	21:07:05
595	19	4	21:07:05
641	19	4	21:07:05
655	19	4	21:07:05
681	19	4	21:07:05
776	19	4	21:07:05
735	19	4	21:07:05
703	19	4	21:07:05
638	19	4	21:07:05
655	19	4	21:07:05
598	19	4	21:07:05
590	19	4	21:07:05
609	19	4	21:07:05
563	19	4	21:07:05
590	19	4	21:07:05
582	19	4	21:07:05
620	19	4	21:07:05
703	19	4	21:07:05
1024	19	4	21:07:05
981	19	4	21:07:05
876	19	4	21:07:05
787	19	4	21:07:05
695	19	4	21:07:05
660	19	4	21:07:05
614	19	4	21:07:05
582	19	4	21:07:05
609	19	4	21:07:05
560	19	4	21:07:05
579	19	4	21:07:05
558	19	4	21:07:05
617	19	4	21:07:05
668	19	4	21:07:05
886	19	4	21:07:05
1067	19	4	21:07:05
997	19	4	21:07:05
884	19	4	21:07:05
827	19	4	21:07:05
765	19	4	21:07:05
765	19	4	21:07:05
668	19	4	21:07:05
603	19	4	21:07:05
620	19	4	21:07:05
571	19	4	21:07:05
593	19	4	21:07:05
601	19	4	21:07:05
636	19	4	21:07:05
870	19	4	21:07:05
967	19	4	21:07:05
959	19	4	21:07:05
886	19	4	21:07:05
797	19	4	21:07:05
703	19	4	21:07:05
665	19	4	21:07:05
671	19	4	21:07:05
603	19	4	21:07:05
620	19	4	21:07:05
584	19	4	21:07:05
558	19	4	21:07:05
590	19	4	21:07:05
579	19	4	21:07:05
614	19	4	21:07:05
660	19	4	21:07:05
1059	19	4	21:07:05
948	19	4	21:07:05
892	19	4	21:07:05
803	19	4	21:07:05
762	19	4	21:07:05
743	19	4	21:07:05
655	19	4	21:07:05
617	19	4	21:07:05
611	19	4	21:07:05
568	19	4	21:07:05
582	19	4	21:07:05
574	19	4	21:07:05
614	19	4	21:07:05
663	19	4	21:07:05
1064	19	4	21:07:05
943	19	4	21:07:05
889	19	4	21:07:05
803	19	4	21:07:05
738	19	4	21:07:05
655	19	4	21:07:05
593	19	4	21:07:05
582	19	4	21:07:05
574	19	4	21:07:05
541	19	4	21:07:05
563	19	4	21:07:05
533	19	4	21:07:05
593	19	4	21:07:05
571	19	4	21:07:05
655	19	4	21:07:05
779	19	4	21:07:05
973	19	4	21:07:05
978	19	4	21:07:05
924	19	4	21:07:05
851	19	4	21:07:05
803	19	4	21:07:05
762	19	4	21:07:05
676	19	4	21:07:05
609	19	4	21:07:05
614	19	4	21:07:05
576	19	4	21:07:05
563	19	4	21:07:05
606	19	4	21:07:05
584	19	4	21:07:05
638	19	4	21:07:05
948	19	4	21:07:05
919	19	4	21:07:05
962	19	4	21:07:05
919	19	4	21:07:05
851	19	4	21:07:05
757	19	4	21:07:05
681	19	4	21:07:05
598	19	4	21:07:05
576	19	4	21:07:05
584	19	4	21:07:05
549	19	4	21:07:05
579	19	4	21:07:05
587	19	4	21:07:05
655	19	4	21:07:05
951	19	4	21:07:05
929	19	4	21:07:05
964	19	4	21:07:05
913	19	4	21:07:05
867	19	4	21:07:05
830	19	4	21:07:05
776	19	4	21:07:05
673	19	4	21:07:05
622	19	4	21:07:05
571	19	4	21:07:05
584	19	4	21:07:05
563	19	4	21:07:05
606	19	4	21:07:05
622	19	4	21:07:05
708	19	4	21:07:05
1043	19	4	21:07:05
991	19	4	21:07:05
916	19	4	21:07:05
840	19	4	21:07:05
835	19	4	21:07:05
757	19	4	21:07:05
641	19	4	21:07:05
620	19	4	21:07:05
593	19	4	21:07:05
568	19	4	21:07:05
598	19	4	21:07:05
595	19	4	21:07:05
638	19	4	21:07:05
714	19	4	21:07:05
1026	19	4	21:07:05
1016	19	4	21:07:05
986	19	4	21:07:05
886	19	4	21:07:05
824	19	4	21:07:05
760	19	4	21:07:05
676	19	4	21:07:05
620	19	4	21:07:05
582	19	4	21:07:05
590	19	4	21:07:05
568	19	4	21:07:05
620	19	4	21:07:05
620	19	4	21:07:05
652	19	4	21:07:05
1045	19	4	21:07:05
989	19	4	21:07:05
978	19	4	21:07:05
892	19	4	21:07:05
816	19	4	21:07:05
803	19	4	21:07:05
698	19	4	21:07:05
630	19	4	21:07:05
603	19	4	21:07:05
571	19	4	21:07:05
595	19	4	21:07:05
603	19	4	21:07:05
657	19	4	21:07:05
1094	19	4	21:07:05
994	19	4	21:07:05
997	19	4	21:07:05
981	19	4	21:07:05
940	19	4	21:07:05
902	19	4	21:07:05
749	19	4	21:07:05
622	19	4	21:07:05
622	19	4	21:07:05
582	19	4	21:07:05
576	19	4	21:07:05
638	19	4	21:07:05
660	19	4	21:07:05
956	19	4	21:07:05
978	19	4	21:07:05
1043	19	4	21:07:05
975	19	4	21:07:05
886	19	4	21:07:05
849	19	4	21:07:05
797	19	4	21:07:05
649	19	4	21:07:05
595	19	4	21:07:05
614	19	4	21:07:05
584	19	4	21:07:05
617	19	4	21:07:05
614	19	4	21:07:05
719	19	4	21:07:05
1148	19	4	21:07:05
1026	19	4	21:07:05
964	19	4	21:07:05
876	19	4	21:07:05
832	19	4	21:07:05
819	19	4	21:07:05
711	19	4	21:07:05
620	19	4	21:07:05
614	19	4	21:07:05
598	19	4	21:07:05
598	19	4	21:07:05
679	19	4	21:07:05
757	19	4	21:07:05
630	19	4	21:07:05
1078	19	4	21:07:05
964	19	4	21:07:05
1113	19	4	21:07:05
832	19	4	21:07:05
741	19	4	21:07:05
733	19	4	21:07:05
603	19	4	21:07:05
633	19	4	21:07:05
595	19	4	21:07:05
568	19	4	21:07:05
628	19	4	21:07:05
655	19	4	21:07:05
765	19	4	21:07:05
1037	19	4	21:07:05
989	19	4	21:07:05
986	19	4	21:07:05
978	19	4	21:07:05
924	19	4	21:07:05
894	19	4	21:07:05
795	19	4	21:07:05
673	19	4	21:07:05
609	19	4	21:07:05
617	19	4	21:07:05
566	19	4	21:07:05
609	19	4	21:07:05
668	19	4	21:07:05
776	19	4	21:07:05
1078	19	4	21:07:05
1018	19	4	21:07:05
981	19	4	21:07:05
924	19	4	21:07:05
873	19	4	21:07:05
795	19	4	21:07:05
706	19	4	21:07:05
609	19	4	21:07:05
625	19	4	21:07:05
576	19	4	21:07:05
614	19	4	21:07:05
743	19	4	21:07:05
1148	19	4	21:07:05
1034	19	4	21:07:05
1053	19	4	21:07:05
1008	19	4	21:07:05
919	19	4	21:07:05
867	19	4	21:07:05
746	19	4	21:07:05
628	19	4	21:07:05
622	19	4	21:07:05
603	19	4	21:07:05
609	19	4	21:07:05
673	19	4	21:07:05
781	19	4	21:07:05
886	19	4	21:07:05
1061	19	4	21:07:05
1064	19	4	21:07:05
1024	19	4	21:07:05
954	19	4	21:07:05
884	19	4	21:07:05
752	19	4	21:07:05
663	19	4	21:07:05
614	19	4	21:07:05
593	19	4	21:07:05
609	19	4	21:07:05
620	19	4	21:07:05
676	19	4	21:07:05
902	19	4	21:07:05
1064	19	4	21:07:05
1048	19	4	21:07:05
1043	19	4	21:07:05
943	19	4	21:07:05
851	19	4	21:07:05
719	19	4	21:07:05
611	19	4	21:07:05
622	19	4	21:07:05
582	19	4	21:07:05
590	19	4	21:07:05
620	19	4	21:07:05
638	19	4	21:07:05
711	19	4	21:07:05
1075	19	4	21:07:05
1032	19	4	21:07:05
1021	19	4	21:07:05
948	19	4	21:07:05
921	19	4	21:07:05
897	19	4	21:07:05
749	19	4	21:07:05
636	19	4	21:07:05
638	19	4	21:07:05
593	19	4	21:07:05
609	19	4	21:07:05
717	19	4	21:07:05
994	19	4	21:07:05
1029	19	4	21:07:05
1045	19	4	21:07:05
989	19	4	21:07:05
946	19	4	21:07:05
929	19	4	21:07:05
824	19	4	21:07:05
738	19	4	21:07:05
587	19	4	21:07:05
649	19	4	21:07:05
582	19	4	21:07:05
690	19	4	21:07:05
765	19	4	21:07:05
509	19	4	21:07:05
1021	19	4	21:07:05
1072	19	4	21:07:05
1026	19	4	21:07:05
983	19	4	21:07:05
932	19	4	21:07:05
803	19	4	21:07:05
687	19	4	21:07:05
638	19	4	21:07:05
633	19	4	21:07:05
611	19	4	21:07:05
628	19	4	21:07:05
703	19	4	21:07:05
765	19	4	21:07:05
1083	19	4	21:07:05
994	19	4	21:07:05
973	19	4	21:07:05
886	19	4	21:07:05
854	19	4	21:07:05
862	19	4	21:07:05
722	19	4	21:07:05
665	19	4	21:07:05
614	19	4	21:07:05
611	19	4	21:07:05
644	19	4	21:07:05
649	19	4	21:07:05
754	19	4	21:07:05
892	19	4	21:07:05
1080	19	4	21:07:05
1032	19	4	21:07:05
946	19	4	21:07:05
921	19	4	21:07:05
897	19	4	21:07:05
735	19	4	21:07:05
622	19	4	21:07:05
628	19	4	21:07:05
606	19	4	21:07:05
641	19	4	21:07:05
695	19	4	21:07:05
981	19	4	21:07:05
1029	19	4	21:07:05
1070	19	4	21:07:05
991	19	4	21:07:05
951	19	4	21:07:05
884	19	4	21:07:05
849	19	4	21:07:05
725	19	4	21:07:05
657	19	4	21:07:05
622	19	4	21:07:05
598	19	4	21:07:05
638	19	4	21:07:05
695	19	4	21:07:05
1005	19	4	21:07:05
956	19	4	21:07:05
1008	19	4	21:07:05
951	19	4	21:07:05
916	19	4	21:07:05
884	19	4	21:07:05
849	19	4	21:07:05
760	19	4	21:07:05
649	19	4	21:07:05
603	19	4	21:07:05
628	19	4	21:07:05
633	19	4	21:07:05
665	19	4	21:07:05
827	19	4	21:07:05
1053	19	4	21:07:05
1037	19	4	21:07:05
986	19	4	21:07:05
935	19	4	21:07:05
911	19	4	21:07:05
865	19	4	21:07:05
719	19	4	21:07:05
638	19	4	21:07:05
630	19	4	21:07:05
606	19	4	21:07:05
646	19	4	21:07:05
698	19	4	21:07:05
811	19	4	21:07:05
1086	19	4	21:07:05
1032	19	4	21:07:05
986	19	4	21:07:05
970	19	4	21:07:05
911	19	4	21:07:05
843	19	4	21:07:05
727	19	4	21:07:05
660	19	4	21:07:05
620	19	4	21:07:05
611	19	4	21:07:05
633	19	4	21:07:05
681	19	4	21:07:05
897	19	4	21:07:05
1040	19	4	21:07:05
1016	19	4	21:07:05
956	19	4	21:07:05
911	19	4	21:07:05
892	19	4	21:07:05
811	19	4	21:07:05
684	19	4	21:07:05
630	19	4	21:07:05
641	19	4	21:07:05
593	19	4	21:07:05
644	19	4	21:07:05
792	19	4	21:07:05
994	19	4	21:07:05
975	19	4	21:07:05
1010	19	4	21:07:05
981	19	4	21:07:05
924	19	4	21:07:05
916	19	4	21:07:05
830	19	4	21:07:05
714	19	4	21:07:05
657	19	4	21:07:05
628	19	4	21:07:05
595	19	4	21:07:05
641	19	4	21:07:05
684	19	4	21:07:05
902	19	4	21:07:05
1016	19	4	21:07:05
1029	19	4	21:07:05
991	19	4	21:07:05
937	19	4	21:07:05
911	19	4	21:07:05
824	19	4	21:07:05
687	19	4	21:07:05
620	19	4	21:07:05
636	19	4	21:07:05
601	19	4	21:07:05
652	19	4	21:07:05
719	19	4	21:07:05
991	19	4	21:07:05
1005	19	4	21:07:05
975	19	4	21:07:05
921	19	4	21:07:05
905	19	4	21:07:05
878	19	4	21:07:05
835	19	4	21:07:05
717	19	4	21:07:05
660	19	4	21:07:05
611	19	4	21:07:05
620	19	4	21:07:05
636	19	4	21:07:05
641	19	4	21:07:05
703	19	4	21:07:05
932	19	4	21:07:05
1008	19	4	21:07:05
959	19	4	21:07:05
913	19	4	21:07:05
900	19	4	21:07:05
827	19	4	21:07:05
741	19	4	21:07:05
660	19	4	21:07:05
614	19	4	21:07:05
601	19	4	21:07:05
644	19	4	21:07:05
660	19	4	21:07:05
684	19	4	21:07:05
760	19	4	21:07:05
1043	19	4	21:07:05
989	19	4	21:07:05
964	19	4	21:07:05
876	19	4	21:07:05
867	19	4	21:07:05
838	19	4	21:07:05
743	19	4	21:07:05
681	19	4	21:07:05
636	19	4	21:07:05
587	19	4	21:07:05
633	19	4	21:07:05
644	19	4	21:07:05
706	19	4	21:07:05
1072	19	4	21:07:05
1013	19	4	21:07:05
921	19	4	21:07:05
902	19	4	21:07:05
902	19	4	21:07:05
822	19	4	21:07:05
717	19	4	21:07:05
622	19	4	21:07:05
628	19	4	21:07:05
584	19	4	21:07:05
620	19	4	21:07:05
652	19	4	21:07:05
668	19	4	21:07:05
676	19	4	21:07:05
746	19	4	21:07:05
1040	19	4	21:07:05
889	19	4	21:07:05
827	19	4	21:07:05
830	19	4	21:07:05
808	19	4	21:07:05
725	19	4	21:07:05
638	19	4	21:07:05
617	19	4	21:07:05
628	19	4	21:07:05
584	19	4	21:07:05
646	19	4	21:07:05
676	19	4	21:07:05
779	19	4	21:07:05
1002	19	4	21:07:05
975	19	4	21:07:05
948	19	4	21:07:05
862	19	4	21:07:05
876	19	4	21:07:05
819	19	4	21:07:05
781	19	4	21:07:05
628	19	4	21:07:05
644	19	4	21:07:05
603	19	4	21:07:05
603	19	4	21:07:05
660	19	4	21:07:05
700	19	4	21:07:05
994	19	4	21:07:05
994	19	4	21:07:05
981	19	4	21:07:05
970	19	4	21:07:05
919	19	4	21:07:05
881	19	4	21:07:05
733	19	4	21:07:05
649	19	4	21:07:05
606	19	4	21:07:05
646	19	4	21:07:05
641	19	4	21:07:05
695	19	4	21:07:05
749	19	4	21:07:05
1024	19	4	21:07:05
1018	19	4	21:07:05
981	19	4	21:07:05
927	19	4	21:07:05
913	19	4	21:07:05
932	19	4	21:07:05
760	19	4	21:07:05
657	19	4	21:07:05
646	19	4	21:07:05
633	19	4	21:07:05
630	19	4	21:07:05
698	19	4	21:07:05
711	19	4	21:07:05
1037	19	4	21:07:05
994	19	4	21:07:05
994	19	4	21:07:05
948	19	4	21:07:05
935	19	4	21:07:05
900	19	4	21:07:05
746	19	4	21:07:05
668	19	4	21:07:05
622	19	4	21:07:05
625	19	4	21:07:05
646	19	4	21:07:05
681	19	4	21:07:05
733	19	4	21:07:05
1024	19	4	21:07:05
983	19	4	21:07:05
989	19	4	21:07:05
951	19	4	21:07:05
854	19	4	21:07:05
870	19	4	21:07:05
741	19	4	21:07:05
646	19	4	21:07:05
649	19	4	21:07:05
603	19	4	21:07:05
620	19	4	21:07:05
673	19	4	21:07:05
800	19	4	21:07:05
908	19	4	21:07:05
983	19	4	21:07:05
956	19	4	21:07:05
873	19	4	21:07:05
865	19	4	21:07:05
884	19	4	21:07:05
757	19	4	21:07:05
657	19	4	21:07:05
609	19	4	21:07:05
644	19	4	21:07:05
620	19	4	21:07:05
681	19	4	21:07:05
708	19	4	21:07:05
814	19	4	21:07:05
1034	19	4	21:07:05
997	19	4	21:07:05
951	19	4	21:07:05
905	19	4	21:07:05
892	19	4	21:07:05
843	19	4	21:07:05
762	19	4	21:07:05
644	19	4	21:07:05
622	19	4	21:07:05
622	19	4	21:07:05
636	19	4	21:07:05
641	19	4	21:07:05
695	19	4	21:07:05
970	19	4	21:07:05
962	19	4	21:07:05
927	19	4	21:07:05
905	19	4	21:07:05
902	19	4	21:07:05
867	19	4	21:07:05
765	19	4	21:07:05
711	19	4	21:07:05
628	19	4	21:07:05
641	19	4	21:07:05
657	19	4	21:07:05
657	19	4	21:07:05
641	19	4	21:07:05
698	19	4	21:07:05
940	19	4	21:07:05
940	19	4	21:07:05
870	19	4	21:07:05
830	19	4	21:07:05
824	19	4	21:07:05
779	19	4	21:07:05
695	19	4	21:07:05
633	19	4	21:07:05
622	19	4	21:07:05
606	19	4	21:07:05
611	19	4	21:07:05
684	19	4	21:07:05
698	19	4	21:07:05
743	19	4	21:07:05
991	19	4	21:07:05
897	19	4	21:07:05
919	19	4	21:07:05
905	19	4	21:07:05
876	19	4	21:07:05
822	19	4	21:07:05
690	19	4	21:07:05
633	19	4	21:07:05
652	19	4	21:07:05
620	19	4	21:07:05
644	19	4	21:07:05
706	19	4	21:07:05
722	19	4	21:07:05
943	19	4	21:07:05
935	19	4	21:07:05
924	19	4	21:07:05
886	19	4	21:07:05
897	19	4	21:07:05
881	19	4	21:07:05
746	19	4	21:07:05
633	19	4	21:07:05
630	19	4	21:07:05
603	19	4	21:07:05
611	19	4	21:07:05
698	19	4	21:07:05
805	19	4	21:07:05
970	19	4	21:07:05
940	19	4	21:07:05
908	19	4	21:07:05
897	19	4	21:07:05
865	19	4	21:07:05
865	19	4	21:07:05
768	19	4	21:07:05
641	19	4	21:07:05
606	19	4	21:07:05
628	19	4	21:07:05
609	19	4	21:07:05
671	19	4	21:07:05
703	19	4	21:07:05
762	19	4	21:07:05
964	19	4	21:07:05
956	19	4	21:07:05
862	19	4	21:07:05
822	19	4	21:07:05
846	19	4	21:07:05
797	19	4	21:07:05
681	19	4	21:07:05
609	19	4	21:07:05
641	19	4	21:07:05
590	19	4	21:07:05
628	19	4	21:07:05
663	19	4	21:07:05
733	19	4	21:07:05
792	19	4	21:07:05
937	19	4	21:07:05
902	19	4	21:07:05
865	19	4	21:07:05
838	19	4	21:07:05
835	19	4	21:07:05
795	19	4	21:07:05
700	19	4	21:07:05
657	19	4	21:07:05
603	19	4	21:07:05
614	19	4	21:07:05
606	19	4	21:07:05
625	19	4	21:07:05
671	19	4	21:07:05
692	19	4	21:07:05
946	19	4	21:07:05
873	19	4	21:07:05
900	19	4	21:07:05
838	19	4	21:07:05
838	19	4	21:07:05
803	19	4	21:07:05
714	19	4	21:07:05
622	19	4	21:07:05
622	19	4	21:07:05
576	19	4	21:07:05
611	19	4	21:07:05
641	19	4	21:07:05
725	19	4	21:07:05
862	19	4	21:07:05
892	19	4	21:07:05
921	19	4	21:07:05
889	19	4	21:07:05
905	19	4	21:07:05
927	19	4	21:07:05
779	19	4	21:07:05
663	19	4	21:07:05
644	19	4	21:07:05
611	19	4	21:07:05
614	19	4	21:07:05
606	19	4	21:07:05
633	19	4	21:07:05
725	19	4	21:07:05
921	19	4	21:07:05
892	19	4	21:07:05
819	19	4	21:07:05
830	19	4	21:07:05
814	19	4	21:07:05
733	19	4	21:07:05
644	19	4	21:07:05
603	19	4	21:07:05
636	19	4	21:07:05
601	19	4	21:07:05
595	19	4	21:07:05
633	19	4	21:07:05
638	19	4	21:07:05
714	19	4	21:07:05
773	19	4	21:07:05
940	19	4	21:07:05
935	19	4	21:07:05
876	19	4	21:07:05
827	19	4	21:07:05
838	19	4	21:07:05
827	19	4	21:07:05
776	19	4	21:07:05
684	19	4	21:07:05
611	19	4	21:07:05
620	19	4	21:07:05
614	19	4	21:07:05
657	19	4	21:07:05
730	19	4	21:07:05
959	19	4	21:07:05
913	19	4	21:07:05
940	19	4	21:07:05
956	19	4	21:07:05
916	19	4	21:07:05
862	19	4	21:07:05
808	19	4	21:07:05
722	19	4	21:07:05
638	19	4	21:07:05
611	19	4	21:07:05
633	19	4	21:07:05
657	19	4	21:07:05
743	19	4	21:07:05
1185	19	4	21:07:05
1034	19	4	21:07:05
983	19	4	21:07:05
937	19	4	21:07:05
870	19	4	21:07:05
835	19	4	21:07:05
832	19	4	21:07:05
700	19	4	21:07:05
633	19	4	21:07:05
617	19	4	21:07:05
620	19	4	21:07:05
636	19	4	21:07:05
687	19	4	21:07:05
983	19	4	21:07:05
1032	19	4	21:07:05
994	19	4	21:07:05
937	19	4	21:07:05
884	19	4	21:07:05
862	19	4	21:07:05
765	19	4	21:07:05
671	19	4	21:07:05
628	19	4	21:07:05
601	19	4	21:07:05
633	19	4	21:07:05
708	19	4	21:07:05
698	19	4	21:07:05
773	19	4	21:07:05
1018	19	4	21:07:05
981	19	4	21:07:05
956	19	4	21:07:05
937	19	4	21:07:05
900	19	4	21:07:05
835	19	4	21:07:05
703	19	4	21:07:05
628	19	4	21:07:05
652	19	4	21:07:05
611	19	4	21:07:05
668	19	4	21:07:05
735	19	4	21:07:05
738	19	4	21:07:05
1096	19	4	21:07:05
927	19	4	21:07:05
870	19	4	21:07:05
768	19	4	21:07:05
792	19	4	21:07:05
760	19	4	21:07:05
668	19	4	21:07:05
614	19	4	21:07:05
636	19	4	21:07:05
590	19	4	21:07:05
601	19	4	21:07:05
587	19	4	21:07:05
606	19	4	21:07:05
681	19	4	21:07:05
1021	19	4	21:07:05
986	19	4	21:07:05
943	19	4	21:07:05
886	19	4	21:07:05
854	19	4	21:07:05
768	19	4	21:07:05
681	19	4	21:07:05
606	19	4	21:07:05
593	19	4	21:07:05
611	19	4	21:07:05
574	19	4	21:07:05
601	19	4	21:07:05
630	19	4	21:07:05
622	19	4	21:07:05
1034	19	4	21:07:05
1008	19	4	21:07:05
973	19	4	21:07:05
916	19	4	21:07:05
902	19	4	21:07:05
859	19	4	21:07:05
727	19	4	21:07:05
628	19	4	21:07:05
628	19	4	21:07:05
593	19	4	21:07:05
606	19	4	21:07:05
641	19	4	21:07:05
695	19	4	21:07:05
1142	19	4	21:07:05
1040	19	4	21:07:05
1013	19	4	21:07:05
927	19	4	21:07:05
884	19	4	21:07:05
881	19	4	21:07:05
781	19	4	21:07:05
706	19	4	21:07:05
617	19	4	21:07:05
614	19	4	21:07:05
609	19	4	21:07:05
606	19	4	21:07:05
649	19	4	21:07:05
695	19	4	21:07:05
1091	19	4	21:07:05
962	19	4	21:07:05
935	19	4	21:07:05
878	19	4	21:07:05
819	19	4	21:07:05
787	19	4	21:07:05
703	19	4	21:07:05
630	19	4	21:07:05
636	19	4	21:07:05
620	19	4	21:07:05
593	19	4	21:07:05
638	19	4	21:07:05
638	19	4	21:07:05
687	19	4	21:07:05
1064	19	4	21:07:05
1021	19	4	21:07:05
827	19	4	21:07:05
867	19	4	21:07:05
789	19	4	21:07:05
773	19	4	21:07:05
644	19	4	21:07:05
638	19	4	21:07:05
606	19	4	21:07:05
606	19	4	21:07:05
638	19	4	21:07:05
628	19	4	21:07:05
660	19	4	21:07:05
719	19	4	21:07:05
1008	19	4	21:07:05
1021	19	4	21:07:05
967	19	4	21:07:05
897	19	4	21:07:05
846	19	4	21:07:05
846	19	4	21:07:05
690	19	4	21:07:05
657	19	4	21:07:05
630	19	4	21:07:05
638	19	4	21:07:05
620	19	4	21:07:05
620	19	4	21:07:05
663	19	4	21:07:05
735	19	4	21:07:05
1099	19	4	21:07:05
986	19	4	21:07:05
908	19	4	21:07:05
840	19	4	21:07:05
781	19	4	21:07:05
752	19	4	21:07:05
638	19	4	21:07:05
636	19	4	21:07:05
606	19	4	21:07:05
603	19	4	21:07:05
603	19	4	21:07:05
625	19	4	21:07:05
665	19	4	21:07:05
1185	19	4	21:07:05
1075	19	4	21:07:05
1016	19	4	21:07:05
929	19	4	21:07:05
717	19	4	21:07:05
681	19	4	21:07:05
595	19	4	21:07:05
609	19	4	21:07:05
601	19	4	21:07:05
601	19	4	21:07:05
598	19	4	21:07:05
671	19	4	21:07:05
743	19	4	21:07:05
1083	19	4	21:07:05
1018	19	4	21:07:05
1026	19	4	21:07:05
943	19	4	21:07:05
924	19	4	21:07:05
884	19	4	21:07:05
741	19	4	21:07:05
652	19	4	21:07:05
606	19	4	21:07:05
603	19	4	21:07:05
641	19	4	21:07:05
633	19	4	21:07:05
692	19	4	21:07:05
835	19	4	21:07:05
1064	19	4	21:07:05
1034	19	4	21:07:05
1005	19	4	21:07:05
932	19	4	21:07:05
886	19	4	21:07:05
781	19	4	21:07:05
636	19	4	21:07:05
644	19	4	21:07:05
606	19	4	21:07:05
603	19	4	21:07:05
644	19	4	21:07:05
636	19	4	21:07:05
738	19	4	21:07:05
1053	19	4	21:07:05
997	19	4	21:07:05
954	19	4	21:07:05
897	19	4	21:07:05
859	19	4	21:07:05
814	19	4	21:07:05
703	19	4	21:07:05
622	19	4	21:07:05
628	19	4	21:07:05
595	19	4	21:07:05
611	19	4	21:07:05
646	19	4	21:07:05
681	19	4	21:07:05
1051	19	4	21:07:05
1040	19	4	21:07:05
1034	19	4	21:07:05
970	19	4	21:07:05
924	19	4	21:07:05
876	19	4	21:07:05
776	19	4	21:07:05
660	19	4	21:07:05
614	19	4	21:07:05
636	19	4	21:07:05
611	19	4	21:07:05
649	19	4	21:07:05
668	19	4	21:07:05
711	19	4	21:07:05
865	19	4	21:07:05
1064	19	4	21:07:05
959	19	4	21:07:05
937	19	4	21:07:05
900	19	4	21:07:05
867	19	4	21:07:05
711	19	4	21:07:05
633	19	4	21:07:05
638	19	4	21:07:05
620	19	4	21:07:05
568	19	4	21:07:05
620	19	4	21:07:05
636	19	4	21:07:05
749	19	4	21:07:05
981	19	4	21:07:05
900	19	4	21:07:05
851	19	4	21:07:05
757	19	4	21:07:05
655	19	4	21:07:05
625	19	4	21:07:05
609	19	4	21:07:05
587	19	4	21:07:05
590	19	4	21:07:05
601	19	4	21:07:05
620	19	4	21:07:05
671	19	4	21:07:05
679	19	4	21:07:05
776	19	4	21:07:05
1067	19	4	21:07:05
1048	19	4	21:07:05
962	19	4	21:07:05
881	19	4	21:07:05
878	19	4	21:07:05
808	19	4	21:07:05
708	19	4	21:07:05
622	19	4	21:07:05
630	19	4	21:07:05
593	19	4	21:07:05
617	19	4	21:07:05
633	19	4	21:07:05
668	19	4	21:07:05
781	19	4	21:07:05
1091	19	4	21:07:05
991	19	4	21:07:05
937	19	4	21:07:05
900	19	4	21:07:05
849	19	4	21:07:05
765	19	4	21:07:05
630	19	4	21:07:05
622	19	4	21:07:05
598	19	4	21:07:05
587	19	4	21:07:05
636	19	4	21:07:05
625	19	4	21:07:05
703	19	4	21:07:05
1067	19	4	21:07:05
1029	19	4	21:07:05
967	19	4	21:07:05
886	19	4	21:07:05
840	19	4	21:07:05
795	19	4	21:07:05
700	19	4	21:07:05
622	19	4	21:07:05
598	19	4	21:07:05
576	19	4	21:07:05
606	19	4	21:07:05
611	19	4	21:07:05
655	19	4	21:07:05
703	19	4	21:07:05
1053	19	4	21:07:05
997	19	4	21:07:05
981	19	4	21:07:05
919	19	4	21:07:05
851	19	4	21:07:05
803	19	4	21:07:05
681	19	4	21:07:05
606	19	4	21:07:05
598	19	4	21:07:05
593	19	4	21:07:05
584	19	4	21:07:05
606	19	4	21:07:05
657	19	4	21:07:05
708	19	4	21:07:05
1053	19	4	21:07:05
946	19	4	21:07:05
913	19	4	21:07:05
840	19	4	21:07:05
800	19	4	21:07:05
735	19	4	21:07:05
665	19	4	21:07:05
636	19	4	21:07:05
593	19	4	21:07:05
576	19	4	21:07:05
587	19	4	21:07:05
576	19	4	21:07:05
598	19	4	21:07:05
609	19	4	21:07:05
698	19	4	21:07:05
983	19	4	21:07:05
943	19	4	21:07:05
924	19	4	21:07:05
913	19	4	21:07:05
897	19	4	21:07:05
717	19	4	21:07:05
636	19	4	21:07:05
617	19	4	21:07:05
595	19	4	21:07:05
593	19	4	21:07:05
622	19	4	21:07:05
611	19	4	21:07:05
644	19	4	21:07:05
673	19	4	21:07:05
660	19	4	21:07:05
814	19	4	21:07:05
1026	19	4	21:07:05
919	19	4	21:07:05
865	19	4	21:07:05
811	19	4	21:07:05
770	19	4	21:07:05
668	19	4	21:07:05
638	19	4	21:07:05
590	19	4	21:07:05
582	19	4	21:07:05
614	19	4	21:07:05
601	19	4	21:07:05
641	19	4	21:07:05
921	19	4	21:07:05
846	19	4	21:07:05
803	19	4	21:07:05
787	19	4	21:07:05
754	19	4	21:07:05
752	19	4	21:07:05
679	19	4	21:07:05
622	19	4	21:07:05
636	19	4	21:07:05
587	19	4	21:07:05
603	19	4	21:07:05
590	19	4	21:07:05
606	19	4	21:07:05
673	19	4	21:07:05
902	19	4	21:07:05
981	19	4	21:07:05
973	19	4	21:07:05
943	19	4	21:07:05
921	19	4	21:07:05
889	19	4	21:07:05
770	19	4	21:07:05
681	19	4	21:07:05
625	19	4	21:07:05
595	19	4	21:07:05
620	19	4	21:07:05
593	19	4	21:07:05
646	19	4	21:07:05
722	19	4	21:07:05
981	19	4	21:07:05
954	19	4	21:07:05
921	19	4	21:07:05
873	19	4	21:07:05
859	19	4	21:07:05
803	19	4	21:07:05
722	19	4	21:07:05
617	19	4	21:07:05
595	19	4	21:07:05
611	19	4	21:07:05
576	19	4	21:07:05
628	19	4	21:07:05
652	19	4	21:07:05
733	19	4	21:07:05
1021	19	4	21:07:05
1013	19	4	21:07:05
924	19	4	21:07:05
849	19	4	21:07:05
840	19	4	21:07:05
797	19	4	21:07:05
703	19	4	21:07:05
617	19	4	21:07:05
641	19	4	21:07:05
584	19	4	21:07:05
611	19	4	21:07:05
620	19	4	21:07:05
628	19	4	21:07:05
762	19	4	21:07:05
1072	19	4	21:07:05
951	19	4	21:07:05
897	19	4	21:07:05
865	19	4	21:07:05
819	19	4	21:07:05
787	19	4	21:07:05
660	19	4	21:07:05
646	19	4	21:07:05
584	19	4	21:07:05
617	19	4	21:07:05
595	19	4	21:07:05
590	19	4	21:07:05
636	19	4	21:07:05
727	19	4	21:07:05
1029	19	4	21:07:05
943	19	4	21:07:05
894	19	4	21:07:05
846	19	4	21:07:05
840	19	4	21:07:05
830	19	4	21:07:05
722	19	4	21:07:05
636	19	4	21:07:05
614	19	4	21:07:05
595	19	4	21:07:05
603	19	4	21:07:05
625	19	4	21:07:05
633	19	4	21:07:05
676	19	4	21:07:05
994	19	4	21:07:05
962	19	4	21:07:05
919	19	4	21:07:05
867	19	4	21:07:05
835	19	4	21:07:05
814	19	4	21:07:05
717	19	4	21:07:05
676	19	4	21:07:05
601	19	4	21:07:05
609	19	4	21:07:05
614	19	4	21:07:05
611	19	4	21:07:05
649	19	4	21:07:05
719	19	4	21:07:05
964	19	4	21:07:05
937	19	4	21:07:05
867	19	4	21:07:05
816	19	4	21:07:05
822	19	4	21:07:05
792	19	4	21:07:05
695	19	4	21:07:05
614	19	4	21:07:05
620	19	4	21:07:05
582	19	4	21:07:05
606	19	4	21:07:05
620	19	4	21:07:05
649	19	4	21:07:05
787	19	4	21:07:05
1032	19	4	21:07:05
962	19	4	21:07:05
911	19	4	21:07:05
854	19	4	21:07:05
811	19	4	21:07:05
765	19	4	21:07:05
687	19	4	21:07:05
646	19	4	21:07:05
584	19	4	21:07:05
601	19	4	21:07:05
584	19	4	21:07:05
593	19	4	21:07:05
665	19	4	21:07:05
690	19	4	21:07:05
1029	19	4	21:07:05
973	19	4	21:07:05
919	19	4	21:07:05
867	19	4	21:07:05
827	19	4	21:07:05
800	19	4	21:07:05
665	19	4	21:07:05
622	19	4	21:07:05
611	19	4	21:07:05
582	19	4	21:07:05
598	19	4	21:07:05
620	19	4	21:07:05
606	19	4	21:07:05
684	19	4	21:07:05
981	19	4	21:07:05
870	19	4	21:07:05
889	19	4	21:07:05
795	19	4	21:07:05
781	19	4	21:07:05
770	19	4	21:07:05
703	19	4	21:07:05
614	19	4	21:07:05
611	19	4	21:07:05
590	19	4	21:07:05
566	19	4	21:07:05
601	19	4	21:07:05
593	19	4	21:07:05
620	19	4	21:07:05
665	19	4	21:07:05
843	19	4	21:07:05
849	19	4	21:07:05
814	19	4	21:07:05
811	19	4	21:07:05
773	19	4	21:07:05
749	19	4	21:07:05
711	19	4	21:07:05
665	19	4	21:07:05
587	19	4	21:07:05
601	19	4	21:07:05
601	19	4	21:07:05
563	19	4	21:07:05
598	19	4	21:07:05
614	19	4	21:07:05
646	19	4	21:07:05
1037	19	4	21:07:05
916	19	4	21:07:05
927	19	4	21:07:05
916	19	4	21:07:05
897	19	4	21:07:05
857	19	4	21:07:05
717	19	4	21:07:05
652	19	4	21:07:05
611	19	4	21:07:05
587	19	4	21:07:05
611	19	4	21:07:05
593	19	4	21:07:05
630	19	4	21:07:05
687	19	4	21:07:05
1040	19	4	21:07:05
959	19	4	21:07:05
932	19	4	21:07:05
865	19	4	21:07:05
803	19	4	21:07:05
738	19	4	21:07:05
684	19	4	21:07:05
628	19	4	21:07:05
620	19	4	21:07:05
598	19	4	21:07:05
601	19	4	21:07:05
633	19	4	21:07:05
638	19	4	21:07:05
752	19	4	21:07:05
1043	19	4	21:07:05
997	19	4	21:07:05
937	19	4	21:07:05
929	19	4	21:07:05
902	19	4	21:07:05
808	19	4	21:07:05
665	19	4	21:07:05
609	19	4	21:07:05
636	19	4	21:07:05
590	19	4	21:07:05
617	19	4	21:07:05
622	19	4	21:07:05
649	19	4	21:07:05
1018	19	4	21:07:05
886	19	4	21:07:05
956	19	4	21:07:05
902	19	4	21:07:05
894	19	4	21:07:05
830	19	4	21:07:05
741	19	4	21:07:05
625	19	4	21:07:05
644	19	4	21:07:05
593	19	4	21:07:05
614	19	4	21:07:05
625	19	4	21:07:05
611	19	4	21:07:05
700	19	4	21:07:05
1040	19	4	21:07:05
959	19	4	21:07:05
951	19	4	21:07:05
916	19	4	21:07:05
884	19	4	21:07:05
838	19	4	21:07:05
714	19	4	21:07:05
641	19	4	21:07:05
611	19	4	21:07:05
584	19	4	21:07:05
614	19	4	21:07:05
620	19	4	21:07:05
698	19	4	21:07:05
795	19	4	21:07:05
1064	19	4	21:07:05
999	19	4	21:07:05
946	19	4	21:07:05
919	19	4	21:07:05
876	19	4	21:07:05
735	19	4	21:07:05
630	19	4	21:07:05
641	19	4	21:07:05
590	19	4	21:07:05
611	19	4	21:07:05
598	19	4	21:07:05
617	19	4	21:07:05
690	19	4	21:07:05
1053	19	4	21:07:05
997	19	4	21:07:05
959	19	4	21:07:05
867	19	4	21:07:05
784	19	4	21:07:05
663	19	4	21:07:05
625	19	4	21:07:05
584	19	4	21:07:05
603	19	4	21:07:05
587	19	4	21:07:05
568	19	4	21:07:05
614	19	4	21:07:05
601	19	4	21:07:05
684	19	4	21:07:05
894	19	4	21:07:05
959	19	4	21:07:05
970	19	4	21:07:05
921	19	4	21:07:05
846	19	4	21:07:05
867	19	4	21:07:05
808	19	4	21:07:05
687	19	4	21:07:05
614	19	4	21:07:05
595	19	4	21:07:05
620	19	4	21:07:05
579	19	4	21:07:05
628	19	4	21:07:05
681	19	4	21:07:05
822	19	4	21:07:05
1029	19	4	21:07:05
978	19	4	21:07:05
932	19	4	21:07:05
870	19	4	21:07:05
792	19	4	21:07:05
673	19	4	21:07:05
609	19	4	21:07:05
582	19	4	21:07:05
620	19	4	21:07:05
571	19	4	21:07:05
614	19	4	21:07:05
708	19	4	21:07:05
816	19	4	21:07:05
954	19	4	21:07:05
975	19	4	21:07:05
937	19	4	21:07:05
892	19	4	21:07:05
876	19	4	21:07:05
862	19	4	21:07:05
733	19	4	21:07:05
606	19	4	21:07:05
625	19	4	21:07:05
609	19	4	21:07:05
603	19	4	21:07:05
676	19	4	21:07:05
703	19	4	21:07:05
768	19	4	21:07:05
1016	19	4	21:07:05
981	19	4	21:07:05
937	19	4	21:07:05
916	19	4	21:07:05
924	19	4	21:07:05
830	19	4	21:07:05
673	19	4	21:07:05
630	19	4	21:07:05
646	19	4	21:07:05
609	19	4	21:07:05
630	19	4	21:07:05
687	19	4	21:07:05
746	19	4	21:07:05
1016	19	4	21:07:05
983	19	4	21:07:05
946	19	4	21:07:05
937	19	4	21:07:05
905	19	4	21:07:05
881	19	4	21:07:05
768	19	4	21:07:05
649	19	4	21:07:05
625	19	4	21:07:05
636	19	4	21:07:05
633	19	4	21:07:05
711	19	4	21:07:05
865	19	4	21:07:05
948	19	4	21:07:05
1010	19	4	21:07:05
943	19	4	21:07:05
919	19	4	21:07:05
892	19	4	21:07:05
870	19	4	21:07:05
714	19	4	21:07:05
638	19	4	21:07:05
646	19	4	21:07:05
601	19	4	21:07:05
676	19	4	21:07:05
754	19	4	21:07:05
908	19	4	21:07:05
978	19	4	21:07:05
1045	19	4	21:07:05
1002	19	4	21:07:05
940	19	4	21:07:05
924	19	4	21:07:05
827	19	4	21:07:05
684	19	4	21:07:05
657	19	4	21:07:05
622	19	4	21:07:05
620	19	4	21:07:05
665	19	4	21:07:05
708	19	4	21:07:05
770	19	4	21:07:05
975	19	4	21:07:05
1013	19	4	21:07:05
956	19	4	21:07:05
932	19	4	21:07:05
908	19	4	21:07:05
854	19	4	21:07:05
727	19	4	21:07:05
622	19	4	21:07:05
633	19	4	21:07:05
609	19	4	21:07:05
617	19	4	21:07:05
698	19	4	21:07:05
717	19	4	21:07:05
762	19	4	21:07:05
956	19	4	21:07:05
927	19	4	21:07:05
892	19	4	21:07:05
873	19	4	21:07:05
854	19	4	21:07:05
805	19	4	21:07:05
692	19	4	21:07:05
652	19	4	21:07:05
617	19	4	21:07:05
598	19	4	21:07:05
646	19	4	21:07:05
649	19	4	21:07:05
703	19	4	21:07:05
921	19	4	21:07:05
870	19	4	21:07:05
862	19	4	21:07:05
859	19	4	21:07:05
808	19	4	21:07:05
808	19	4	21:07:05
746	19	4	21:07:05
655	19	4	21:07:05
614	19	4	21:07:05
628	19	4	21:07:05
598	19	4	21:07:05
630	19	4	21:07:05
681	19	4	21:07:05
725	19	4	21:07:05
884	19	4	21:07:05
954	19	4	21:07:05
878	19	4	21:07:05
881	19	4	21:07:05
867	19	4	21:07:05
862	19	4	21:07:05
743	19	4	21:07:05
630	19	4	21:07:05
633	19	4	21:07:05
625	19	4	21:07:05
606	19	4	21:07:05
679	19	4	21:07:05
719	19	4	21:07:05
827	19	4	21:07:05
997	19	4	21:07:05
989	19	4	21:07:05
989	19	4	21:07:05
929	19	4	21:07:05
867	19	4	21:07:05
770	19	4	21:07:05
708	19	4	21:07:05
628	19	4	21:07:05
622	19	4	21:07:05
614	19	4	21:07:05
628	19	4	21:07:05
695	19	4	21:07:05
708	19	4	21:07:05
948	19	4	21:07:05
916	19	4	21:07:05
884	19	4	21:07:05
849	19	4	21:07:05
760	19	4	21:07:05
711	19	4	21:07:05
638	19	4	21:07:05
617	19	4	21:07:05
630	19	4	21:07:05
603	19	4	21:07:05
622	19	4	21:07:05
655	19	4	21:07:05
673	19	4	21:07:05
803	19	4	21:07:05
1013	19	4	21:07:05
913	19	4	21:07:05
900	19	4	21:07:05
811	19	4	21:07:05
757	19	4	21:07:05
719	19	4	21:07:05
770	19	4	21:07:05
655	19	4	21:07:05
628	19	4	21:07:05
644	19	4	21:07:05
630	19	4	21:07:05
644	19	4	21:07:05
700	19	4	21:07:05
762	19	4	21:07:05
927	19	4	21:07:05
946	19	4	21:07:05
943	19	4	21:07:05
908	19	4	21:07:05
857	19	4	21:07:05
843	19	4	21:07:05
757	19	4	21:07:05
657	19	4	21:07:05
614	19	4	21:07:05
630	19	4	21:07:05
614	19	4	21:07:05
663	19	4	21:07:05
719	19	4	21:07:05
770	19	4	21:07:05
902	19	4	21:07:05
902	19	4	21:07:05
951	19	4	21:07:05
905	19	4	21:07:05
851	19	4	21:07:05
857	19	4	21:07:05
746	19	4	21:07:05
636	19	4	21:07:05
644	19	4	21:07:05
617	19	4	21:07:05
620	19	4	21:07:05
671	19	4	21:07:05
692	19	4	21:07:05
730	19	4	21:07:05
946	19	4	21:07:05
962	19	4	21:07:05
876	19	4	21:07:05
927	19	4	21:07:05
878	19	4	21:07:05
819	19	4	21:07:05
660	19	4	21:07:05
620	19	4	21:07:05
641	19	4	21:07:05
595	19	4	21:07:05
687	19	4	21:07:05
711	19	4	21:07:05
846	19	4	21:07:05
913	19	4	21:07:05
962	19	4	21:07:05
940	19	4	21:07:05
894	19	4	21:07:05
838	19	4	21:07:05
838	19	4	21:07:05
703	19	4	21:07:05
644	19	4	21:07:05
633	19	4	21:07:05
611	19	4	21:07:05
598	19	4	21:07:05
692	19	4	21:07:05
787	19	4	21:07:05
913	19	4	21:07:05
921	19	4	21:07:05
943	19	4	21:07:05
905	19	4	21:07:05
897	19	4	21:07:05
900	19	4	21:07:05
824	19	4	21:07:05
673	19	4	21:07:05
614	19	4	21:07:05
641	19	4	21:07:05
617	19	4	21:07:05
641	19	4	21:07:05
679	19	4	21:07:05
746	19	4	21:07:05
983	19	4	21:07:05
946	19	4	21:07:05
897	19	4	21:07:05
851	19	4	21:07:05
819	19	4	21:07:05
843	19	4	21:07:05
717	19	4	21:07:05
638	19	4	21:07:05
630	19	4	21:07:05
620	19	4	21:07:05
625	19	4	21:07:05
703	19	4	21:07:05
754	19	4	21:07:05
978	19	4	21:07:05
940	19	4	21:07:05
978	19	4	21:07:05
935	19	4	21:07:05
859	19	4	21:07:05
835	19	4	21:07:05
722	19	4	21:07:05
684	19	4	21:07:05
614	19	4	21:07:05
611	19	4	21:07:05
574	19	4	21:07:05
614	19	4	21:07:05
646	19	4	21:07:05
722	19	4	21:07:05
911	19	4	21:07:05
1051	19	4	21:07:05
994	19	4	21:07:05
940	19	4	21:07:05
905	19	4	21:07:05
851	19	4	21:07:05
711	19	4	21:07:05
620	19	4	21:07:05
611	19	4	21:07:05
622	19	4	21:07:05
617	19	4	21:07:05
681	19	4	21:07:05
749	19	4	21:07:05
937	19	4	21:07:05
921	19	4	21:07:05
989	19	4	21:07:05
943	19	4	21:07:05
905	19	4	21:07:05
884	19	4	21:07:05
730	19	4	21:07:05
655	19	4	21:07:05
633	19	4	21:07:05
628	19	4	21:07:05
633	19	4	21:07:05
655	19	4	21:07:05
727	19	4	21:07:05
830	19	4	21:07:05
986	19	4	21:07:05
919	19	4	21:07:05
905	19	4	21:07:05
838	19	4	21:07:05
851	19	4	21:07:05
770	19	4	21:07:05
687	19	4	21:07:05
641	19	4	21:07:05
609	19	4	21:07:05
636	19	4	21:07:05
633	19	4	21:07:05
738	19	4	21:07:05
840	19	4	21:07:05
975	19	4	21:07:05
946	19	4	21:07:05
989	19	4	21:07:05
932	19	4	21:07:05
908	19	4	21:07:05
835	19	4	21:07:05
717	19	4	21:07:05
660	19	4	21:07:05
633	19	4	21:07:05
606	19	4	21:07:05
652	19	4	21:07:05
679	19	4	21:07:05
698	19	4	21:07:05
940	19	4	21:07:05
897	19	4	21:07:05
946	19	4	21:07:05
919	19	4	21:07:05
881	19	4	21:07:05
900	19	4	21:07:05
741	19	4	21:07:05
668	19	4	21:07:05
649	19	4	21:07:05
617	19	4	21:07:05
628	19	4	21:07:05
725	19	4	21:07:05
749	19	4	21:07:05
892	19	4	21:07:05
943	19	4	21:07:05
978	19	4	21:07:05
921	19	4	21:07:05
865	19	4	21:07:05
867	19	4	21:07:05
827	19	4	21:07:05
700	19	4	21:07:05
636	19	4	21:07:05
641	19	4	21:07:05
633	19	4	21:07:05
679	19	4	21:07:05
730	19	4	21:07:05
824	19	4	21:07:05
959	19	4	21:07:05
956	19	4	21:07:05
970	19	4	21:07:05
924	19	4	21:07:05
905	19	4	21:07:05
840	19	4	21:07:05
714	19	4	21:07:05
671	19	4	21:07:05
620	19	4	21:07:05
638	19	4	21:07:05
636	19	4	21:07:05
681	19	4	21:07:05
803	19	4	21:07:05
978	19	4	21:07:05
940	19	4	21:07:05
932	19	4	21:07:05
881	19	4	21:07:05
886	19	4	21:07:05
859	19	4	21:07:05
722	19	4	21:07:05
652	19	4	21:07:05
628	19	4	21:07:05
603	19	4	21:07:05
649	19	4	21:07:05
673	19	4	21:07:05
865	19	4	21:07:05
886	19	4	21:07:05
913	19	4	21:07:05
905	19	4	21:07:05
902	19	4	21:07:05
854	19	4	21:07:05
835	19	4	21:07:05
730	19	4	21:07:05
641	19	4	21:07:05
638	19	4	21:07:05
609	19	4	21:07:05
625	19	4	21:07:05
655	19	4	21:07:05
668	19	4	21:07:05
719	19	4	21:07:05
940	19	4	21:07:05
905	19	4	21:07:05
867	19	4	21:07:05
840	19	4	21:07:05
752	19	4	21:07:05
676	19	4	21:07:05
668	19	4	21:07:05
625	19	4	21:07:05
617	19	4	21:07:05
614	19	4	21:07:05
628	19	4	21:07:05
684	19	4	21:07:05
733	19	4	21:07:05
727	19	4	21:07:05
943	19	4	21:07:05
959	19	4	21:07:05
954	19	4	21:07:05
927	19	4	21:07:05
884	19	4	21:07:05
897	19	4	21:07:05
749	19	4	21:07:05
660	19	4	21:07:05
633	19	4	21:07:05
636	19	4	21:07:05
617	19	4	21:07:05
714	19	4	21:07:05
719	19	4	21:07:05
832	19	4	21:07:05
937	19	4	21:07:05
940	19	4	21:07:05
951	19	4	21:07:05
897	19	4	21:07:05
886	19	4	21:07:05
797	19	4	21:07:05
690	19	4	21:07:05
622	19	4	21:07:05
649	19	4	21:07:05
644	19	4	21:07:05
665	19	4	21:07:05
760	19	4	21:07:05
746	19	4	21:07:05
999	19	4	21:07:05
954	19	4	21:07:05
886	19	4	21:07:05
827	19	4	21:07:05
814	19	4	21:07:05
787	19	4	21:07:05
706	19	4	21:07:05
641	19	4	21:07:05
617	19	4	21:07:05
628	19	4	21:07:05
622	19	4	21:07:05
679	19	4	21:07:05
725	19	4	21:07:05
735	19	4	21:07:05
919	19	4	21:07:05
902	19	4	21:07:05
857	19	4	21:07:05
870	19	4	21:07:05
803	19	4	21:07:05
773	19	4	21:07:05
663	19	4	21:07:05
638	19	4	21:07:05
617	19	4	21:07:05
595	19	4	21:07:05
630	19	4	21:07:05
641	19	4	21:07:05
676	19	4	21:07:05
727	19	4	21:07:05
959	19	4	21:07:05
962	19	4	21:07:05
902	19	4	21:07:05
932	19	4	21:07:05
857	19	4	21:07:05
808	19	4	21:07:05
725	19	4	21:07:05
633	19	4	21:07:05
611	19	4	21:07:05
617	19	4	21:07:05
609	19	4	21:07:05
638	19	4	21:07:05
746	19	4	21:07:05
902	19	4	21:07:05
954	19	4	21:07:05
902	19	4	21:07:05
830	19	4	21:07:05
846	19	4	21:07:05
805	19	4	21:07:05
805	19	4	21:07:05
703	19	4	21:07:05
609	19	4	21:07:05
638	19	4	21:07:05
614	19	4	21:07:05
609	19	4	21:07:05
727	19	4	21:07:05
803	19	4	21:07:05
1040	19	4	21:07:05
1245	23	5	18:18:26
566	23	5	18:18:26
447	23	5	18:18:26
989	23	5	18:18:26
870	23	5	18:18:26
681	23	5	18:18:26
633	23	5	18:18:26
673	23	5	18:18:26
482	23	5	18:18:26
652	23	5	18:18:26
552	23	5	18:18:26
517	23	5	18:18:26
611	23	5	18:18:26
595	23	5	18:18:26
1158	23	5	18:18:26
1148	23	5	18:18:26
1064	23	5	18:18:26
962	23	5	18:18:26
940	23	5	18:18:26
935	23	5	18:18:26
900	23	5	18:18:26
789	23	5	18:18:26
649	23	5	18:18:26
611	23	5	18:18:26
611	23	5	18:18:26
598	23	5	18:18:26
754	23	5	18:18:26
1037	23	5	18:18:26
1005	23	5	18:18:26
994	23	5	18:18:26
943	23	5	18:18:26
951	23	5	18:18:26
889	23	5	18:18:26
814	23	5	18:18:26
781	23	5	18:18:26
660	23	5	18:18:26
628	23	5	18:18:26
590	23	5	18:18:26
558	23	5	18:18:26
657	23	5	18:18:26
1083	23	5	18:18:26
999	23	5	18:18:26
1024	23	5	18:18:26
970	23	5	18:18:26
902	23	5	18:18:26
843	23	5	18:18:26
800	23	5	18:18:26
754	23	5	18:18:26
717	23	5	18:18:26
622	23	5	18:18:26
603	23	5	18:18:26
582	23	5	18:18:26
606	23	5	18:18:26
881	23	5	18:18:26
989	23	5	18:18:26
994	23	5	18:18:26
1032	23	5	18:18:26
1008	23	5	18:18:26
954	23	5	18:18:26
897	23	5	18:18:26
749	23	5	18:18:26
644	23	5	18:18:26
628	23	5	18:18:26
590	23	5	18:18:26
576	23	5	18:18:26
652	23	5	18:18:26
792	23	5	18:18:26
1102	23	5	18:18:26
1024	23	5	18:18:26
1026	23	5	18:18:26
986	23	5	18:18:26
951	23	5	18:18:26
908	23	5	18:18:26
773	23	5	18:18:26
652	23	5	18:18:26
636	23	5	18:18:26
566	23	5	18:18:26
622	23	5	18:18:26
649	23	5	18:18:26
698	23	5	18:18:26
913	23	5	18:18:26
1048	23	5	18:18:26
908	23	5	18:18:26
889	23	5	18:18:26
838	23	5	18:18:26
822	23	5	18:18:26
816	23	5	18:18:26
760	23	5	18:18:26
762	23	5	18:18:26
708	23	5	18:18:26
644	23	5	18:18:26
622	23	5	18:18:26
584	23	5	18:18:26
636	23	5	18:18:26
1247	23	5	18:18:26
1078	23	5	18:18:26
997	23	5	18:18:26
913	23	5	18:18:26
894	23	5	18:18:26
784	23	5	18:18:26
681	23	5	18:18:26
628	23	5	18:18:26
611	23	5	18:18:26
628	23	5	18:35:40
1140	23	5	18:35:40
1223	23	5	18:35:40
1096	23	5	18:35:40
1067	23	5	18:35:40
1048	23	5	18:35:40
757	23	5	18:35:40
657	23	5	18:35:40
665	23	5	18:35:40
679	23	5	18:35:40
735	23	5	18:35:40
1207	23	5	18:35:40
1191	23	5	18:35:40
1129	23	5	18:35:40
1032	23	5	18:35:40
1029	23	5	18:35:40
983	23	5	18:35:40
757	23	5	18:35:40
668	23	5	18:35:40
644	23	5	18:35:40
646	23	5	18:35:40
625	23	5	18:35:40
738	23	5	18:35:40
1142	23	5	18:35:40
1145	23	5	18:35:40
1064	23	5	18:35:40
1034	23	5	18:35:40
1002	23	5	18:35:40
897	23	5	18:35:40
719	23	5	18:35:40
668	23	5	18:35:40
622	23	5	18:35:40
614	23	5	18:35:40
628	23	5	18:35:40
727	23	5	18:35:40
1105	23	5	18:35:40
1145	23	5	18:35:40
1094	23	5	18:35:40
1048	23	5	18:35:40
994	23	5	18:35:40
935	23	5	18:35:40
905	23	5	18:35:40
762	23	5	18:35:40
649	23	5	18:35:40
652	23	5	18:35:40
609	23	5	18:35:40
630	23	5	18:35:40
628	23	5	18:35:40
700	23	5	18:35:40
1167	23	5	18:35:40
1080	23	5	18:35:40
1053	23	5	18:35:40
994	23	5	18:35:40
935	23	5	18:35:40
894	23	5	18:35:40
754	23	5	18:35:40
676	23	5	18:35:40
649	23	5	18:35:40
595	23	5	18:35:40
668	23	5	18:35:40
1231	23	5	18:35:40
1126	23	5	18:35:40
1126	23	5	18:35:40
1102	23	5	18:35:40
1013	23	5	18:35:40
997	23	5	18:35:40
832	23	5	18:35:40
703	23	5	18:35:40
663	23	5	18:35:40
614	23	5	18:35:40
601	23	5	18:35:40
714	23	5	18:35:40
1110	23	5	18:35:40
1105	23	5	18:35:40
1121	23	5	18:35:40
1064	23	5	18:35:40
1013	23	5	18:35:40
946	23	5	18:35:40
905	23	5	18:35:40
892	23	5	18:35:40
878	23	5	18:35:40
770	23	5	18:35:40
719	23	5	18:35:40
671	23	5	18:35:40
641	23	5	18:35:40
676	23	5	18:35:40
1180	23	5	18:35:40
1008	23	5	18:35:40
911	23	5	18:35:40
865	23	5	18:35:40
849	23	5	18:35:40
765	23	5	18:35:40
703	23	5	18:35:40
646	23	5	18:35:40
655	23	5	18:35:40
633	23	5	18:35:40
722	23	5	18:35:40
1167	23	5	18:35:40
1140	23	5	18:35:40
1113	23	5	18:35:40
1075	23	5	18:35:40
981	23	5	18:35:40
929	23	5	18:35:40
776	23	5	18:35:40
681	23	5	18:35:40
646	23	5	18:35:40
644	23	5	18:35:40
687	23	5	18:35:40
706	23	5	18:35:40
1150	23	5	18:35:40
1169	23	5	18:35:40
1102	23	5	18:35:40
1026	23	5	18:35:40
951	23	5	18:35:40
835	23	5	18:35:40
784	23	5	18:35:40
663	23	5	18:35:40
638	23	5	18:35:40
636	23	5	18:35:40
622	23	5	18:35:40
668	23	5	18:35:40
787	23	5	18:35:40
1075	23	5	18:35:40
1161	23	5	18:35:40
1088	23	5	18:35:40
1032	23	5	18:35:40
978	23	5	18:35:40
916	23	5	18:35:40
746	23	5	18:35:40
649	23	5	18:35:40
622	23	5	18:35:40
655	23	5	18:35:40
687	23	5	18:35:40
762	23	5	18:35:40
1037	23	5	18:35:40
1034	23	5	18:35:40
997	23	5	18:35:40
795	23	5	18:35:40
827	23	5	18:35:40
687	23	5	18:35:40
657	23	5	18:35:40
646	23	5	18:35:40
625	23	5	18:35:40
598	23	5	18:35:40
644	23	5	18:35:40
708	23	5	18:35:40
1118	23	5	18:35:40
1024	23	5	18:35:40
1129	23	5	18:35:40
1105	23	5	18:35:40
1013	23	5	18:35:40
975	23	5	18:35:40
800	23	5	18:35:40
676	23	5	18:35:40
655	23	5	18:35:40
628	23	5	18:35:40
628	23	5	18:35:40
692	23	5	18:35:40
1034	23	5	18:35:40
975	23	5	18:35:40
1096	23	5	18:35:40
1078	23	5	18:35:40
1051	23	5	18:35:40
986	23	5	18:35:40
973	23	5	18:35:40
840	23	5	18:35:40
711	23	5	18:35:40
655	23	5	18:35:40
655	23	5	18:35:40
687	23	5	18:35:40
714	23	5	18:35:40
1134	23	5	18:35:40
1134	23	5	18:35:40
1118	23	5	18:35:40
1067	23	5	18:35:40
1016	23	5	18:35:40
973	23	5	18:35:40
954	23	5	18:35:40
916	23	5	18:35:40
795	23	5	18:35:40
719	23	5	18:35:40
676	23	5	18:35:40
668	23	5	18:35:40
698	23	5	18:35:40
1226	23	5	18:35:40
1070	23	5	18:35:40
1053	23	5	18:35:40
940	23	5	18:35:40
911	23	5	18:35:40
792	23	5	18:35:40
690	23	5	18:35:40
676	23	5	18:35:40
636	23	5	18:35:40
690	23	5	18:35:40
924	23	5	18:35:40
808	23	5	18:35:40
1164	23	5	18:35:40
997	23	5	18:35:40
970	23	5	18:35:40
948	23	5	18:35:40
1002	23	5	18:35:40
908	23	5	18:35:40
773	23	5	18:35:40
665	23	5	18:35:40
676	23	5	18:35:40
663	23	5	18:35:40
717	23	5	18:35:40
1115	23	5	18:35:40
1099	23	5	18:35:40
1105	23	5	18:35:40
1040	23	5	18:35:40
1016	23	5	18:35:40
932	23	5	18:35:40
741	23	5	18:35:40
663	23	5	18:35:40
681	23	5	18:35:40
671	23	5	18:35:40
738	23	5	18:35:40
859	23	5	18:35:40
1172	23	5	18:35:40
1158	23	5	18:35:40
1091	23	5	18:35:40
1010	23	5	18:35:40
991	23	5	18:35:40
894	23	5	18:35:40
730	23	5	18:35:40
690	23	5	18:35:40
655	23	5	18:35:40
673	23	5	18:35:40
803	23	5	18:35:40
1043	23	5	18:35:40
1021	23	5	18:35:40
1161	23	5	18:35:40
1091	23	5	18:35:40
1010	23	5	18:35:40
991	23	5	18:35:40
827	23	5	18:35:40
714	23	5	18:35:40
660	23	5	18:35:40
660	23	5	18:35:40
706	23	5	18:35:40
735	23	5	18:35:40
849	23	5	18:35:40
1123	23	5	18:35:40
1088	23	5	18:35:40
814	23	5	18:35:40
787	23	5	18:35:40
717	23	5	18:35:40
700	23	5	18:35:40
676	23	5	18:35:40
649	23	5	18:35:40
638	23	5	18:35:40
646	23	5	18:35:40
625	23	5	18:35:40
765	23	5	18:35:40
913	23	5	18:35:40
1002	23	5	18:35:40
1078	23	5	18:35:40
1121	23	5	18:35:40
1075	23	5	18:35:40
1002	23	5	18:35:40
862	23	5	18:35:40
727	23	5	18:35:40
665	23	5	18:35:40
668	23	5	18:35:40
657	23	5	18:35:40
738	23	5	18:35:40
824	23	5	18:35:40
1158	23	5	18:35:40
1113	23	5	18:35:40
1072	23	5	18:35:40
999	23	5	18:35:40
946	23	5	18:35:40
943	23	5	18:35:40
760	23	5	18:35:40
692	23	5	18:35:40
652	23	5	18:35:40
655	23	5	18:35:40
711	23	5	18:35:40
730	23	5	18:35:40
795	23	5	18:35:40
1156	23	5	18:35:40
1061	23	5	18:35:40
919	23	5	18:35:40
797	23	5	18:35:40
725	23	5	18:35:40
770	23	5	18:35:40
698	23	5	18:35:40
665	23	5	18:35:40
679	23	5	18:35:40
660	23	5	18:35:40
687	23	5	18:35:40
741	23	5	18:35:40
800	23	5	18:35:40
741	23	5	18:35:40
892	23	5	18:35:40
1150	23	5	18:35:40
943	23	5	18:35:40
838	23	5	18:35:40
738	23	5	18:35:40
722	23	5	18:35:40
684	23	5	18:35:40
741	23	5	18:35:40
714	23	5	18:35:40
660	23	5	18:35:40
644	23	5	18:35:40
649	23	5	18:35:40
655	23	5	18:35:40
657	23	5	18:35:40
700	23	5	18:35:40
698	23	5	18:35:40
1118	23	5	18:35:40
1113	23	5	18:35:40
994	23	5	18:35:40
948	23	5	18:35:40
784	23	5	18:35:40
649	23	5	18:35:40
655	23	5	18:35:40
655	23	5	18:35:40
633	23	5	18:35:40
708	23	5	18:35:40
722	23	5	18:35:40
1145	23	5	18:35:40
1045	23	5	18:35:40
902	23	5	18:35:40
765	23	5	18:35:40
717	23	5	18:35:40
692	23	5	18:35:40
681	23	5	18:35:40
641	23	5	18:35:40
646	23	5	18:35:40
630	23	5	18:35:40
665	23	5	18:35:40
663	23	5	18:35:40
671	23	5	18:35:40
714	23	5	18:35:40
787	23	5	18:35:40
894	23	5	18:35:40
919	23	5	18:35:40
824	23	5	18:35:40
795	23	5	18:35:40
668	23	5	18:35:40
698	23	5	18:35:40
657	23	5	18:35:40
620	23	5	18:35:40
630	23	5	18:35:40
611	23	5	18:35:40
587	23	5	18:35:40
622	23	5	18:35:40
655	23	5	18:35:40
752	23	5	18:35:40
1115	23	5	18:35:40
1059	23	5	18:35:40
964	23	5	18:35:40
913	23	5	18:35:40
862	23	5	18:35:40
776	23	5	18:35:40
687	23	5	18:35:40
574	23	5	18:35:40
738	23	5	18:35:40
603	23	5	18:35:40
630	23	5	18:35:40
1185	23	5	18:35:40
1150	23	5	18:35:40
1032	23	5	18:35:40
975	23	5	18:35:40
924	23	5	18:35:40
889	23	5	18:35:40
843	23	5	18:35:40
733	23	5	18:35:40
657	23	5	18:35:40
652	23	5	18:35:40
665	23	5	18:35:40
676	23	5	18:35:40
749	23	5	18:35:40
1150	23	5	18:35:40
1096	23	5	18:35:40
1064	23	5	18:35:40
999	23	5	18:35:40
948	23	5	18:35:40
768	23	5	18:35:40
687	23	5	18:35:40
663	23	5	18:35:40
646	23	5	18:35:40
665	23	5	18:35:40
681	23	5	18:35:40
768	23	5	18:35:40
1145	23	5	18:35:40
1083	23	5	18:35:40
1059	23	5	18:35:40
970	23	5	18:35:40
913	23	5	18:35:40
876	23	5	18:35:40
738	23	5	18:35:40
676	23	5	18:35:40
641	23	5	18:35:40
636	23	5	18:35:40
665	23	5	18:35:40
692	23	5	18:35:40
1161	23	5	18:35:40
1107	23	5	18:35:40
1051	23	5	18:35:40
1043	23	5	18:35:40
981	23	5	18:35:40
908	23	5	18:35:40
741	23	5	18:35:40
655	23	5	18:35:40
657	23	5	18:35:40
633	23	5	18:35:40
636	23	5	18:35:40
725	23	5	18:35:40
1140	23	5	18:35:40
1037	23	5	18:35:40
1070	23	5	18:35:40
1040	23	5	18:35:40
981	23	5	18:35:40
932	23	5	18:35:40
808	23	5	18:35:40
681	23	5	18:35:40
641	23	5	18:35:40
652	23	5	18:35:40
633	23	5	18:35:40
646	23	5	18:35:40
789	23	5	18:35:40
1145	23	5	18:35:40
1105	23	5	18:35:40
1067	23	5	18:35:40
1008	23	5	18:35:40
970	23	5	18:35:40
881	23	5	18:35:40
776	23	5	18:35:40
695	23	5	18:35:40
657	23	5	18:35:40
657	23	5	18:35:40
671	23	5	18:35:40
692	23	5	18:35:40
1129	23	5	18:35:40
1070	23	5	18:35:40
1040	23	5	18:35:40
1061	23	5	18:35:40
991	23	5	18:35:40
921	23	5	18:35:40
884	23	5	18:35:40
784	23	5	18:35:40
738	23	5	18:35:40
673	23	5	18:35:40
660	23	5	18:35:40
692	23	5	18:35:40
730	23	5	18:35:40
1169	23	5	18:35:40
1099	23	5	18:35:40
999	23	5	18:35:40
937	23	5	18:35:40
902	23	5	18:35:40
808	23	5	18:35:40
711	23	5	18:35:40
652	23	5	18:35:40
673	23	5	18:35:40
649	23	5	18:35:40
665	23	5	18:35:40
808	23	5	18:35:40
1164	23	5	18:35:40
1094	23	5	18:35:40
1018	23	5	18:35:40
932	23	5	18:35:40
927	23	5	18:35:40
902	23	5	18:35:40
784	23	5	18:35:40
681	23	5	18:35:40
657	23	5	18:35:40
660	23	5	18:35:40
655	23	5	18:35:40
730	23	5	18:35:40
889	23	5	18:35:40
1156	23	5	18:35:40
1113	23	5	18:35:40
1056	23	5	18:35:40
1021	23	5	18:35:40
951	23	5	18:35:40
762	23	5	18:35:40
698	23	5	18:35:40
665	23	5	18:35:40
663	23	5	18:35:40
733	23	5	18:35:40
924	23	5	18:35:40
1080	23	5	18:35:40
1129	23	5	18:35:40
1072	23	5	18:35:40
1083	23	5	18:35:40
1026	23	5	18:35:40
989	23	5	18:35:40
792	23	5	18:35:40
687	23	5	18:35:40
655	23	5	18:35:40
665	23	5	18:35:40
706	23	5	18:35:40
840	23	5	18:35:40
1193	23	5	18:35:40
1156	23	5	18:35:40
1075	23	5	18:35:40
999	23	5	18:35:40
981	23	5	18:35:40
873	23	5	18:35:40
700	23	5	18:35:40
646	23	5	18:35:40
655	23	5	18:35:40
636	23	5	18:35:40
649	23	5	18:35:40
703	23	5	18:35:40
822	23	5	18:35:40
752	23	5	18:35:40
738	23	5	18:35:40
1239	23	5	18:35:40
1169	23	5	18:35:40
1105	23	5	18:35:40
954	23	5	18:35:40
717	23	5	18:35:40
655	23	5	18:35:40
676	23	5	18:35:40
673	23	5	18:35:40
754	23	5	18:35:40
1132	23	5	18:35:40
1134	23	5	18:35:40
1126	23	5	18:35:40
1094	23	5	18:35:40
1037	23	5	18:35:40
946	23	5	18:35:40
805	23	5	18:35:40
679	23	5	18:35:40
679	23	5	18:35:40
652	23	5	18:35:40
649	23	5	18:35:40
687	23	5	18:35:40
795	23	5	18:35:40
1145	23	5	18:35:40
1086	23	5	18:35:40
1051	23	5	18:35:40
1018	23	5	18:35:40
975	23	5	18:35:40
787	23	5	18:35:40
687	23	5	18:35:40
652	23	5	18:35:40
663	23	5	18:35:40
636	23	5	18:35:40
655	23	5	18:35:40
730	23	5	18:35:40
1034	23	5	18:35:40
1169	23	5	18:35:40
1070	23	5	18:35:40
999	23	5	18:35:40
932	23	5	18:35:40
908	23	5	18:35:40
776	23	5	18:35:40
665	23	5	18:35:40
641	23	5	18:35:40
660	23	5	18:35:40
655	23	5	18:35:40
679	23	5	18:35:40
757	23	5	18:35:40
1175	23	5	18:35:40
1153	23	5	18:35:40
1070	23	5	18:35:40
994	23	5	18:35:40
929	23	5	18:35:40
811	23	5	18:35:40
695	23	5	18:35:40
665	23	5	18:35:40
665	23	5	18:35:40
673	23	5	18:35:40
730	23	5	18:35:40
814	23	5	18:35:40
1202	23	5	18:35:40
1161	23	5	18:35:40
1140	23	5	18:35:40
1094	23	5	18:35:40
1013	23	5	18:35:40
779	23	5	18:35:40
668	23	5	18:35:40
676	23	5	18:35:40
692	23	5	18:35:40
711	23	5	18:35:40
800	23	5	18:35:40
1105	23	5	18:35:40
1161	23	5	18:35:40
1123	23	5	18:35:40
1107	23	5	18:35:40
1043	23	5	18:35:40
978	23	5	18:35:40
876	23	5	18:35:40
695	23	5	18:35:40
698	23	5	18:35:40
636	23	5	18:35:40
568	23	5	18:35:40
628	23	5	18:35:40
743	23	5	18:35:40
676	23	5	18:35:40
1048	23	5	18:35:40
1137	23	5	18:35:40
1099	23	5	18:35:40
1105	23	5	18:35:40
1051	23	5	18:35:40
946	23	5	18:35:40
921	23	5	18:35:40
649	23	5	18:35:40
690	23	5	18:35:40
620	23	5	18:35:40
690	23	5	18:35:40
337	23	5	18:35:40
514	23	5	18:35:40
646	23	5	18:35:40
215	23	5	18:35:40
913	23	5	18:35:40
1080	23	5	18:35:40
843	23	5	18:35:40
956	23	5	18:35:40
681	23	5	18:35:40
641	23	5	18:35:40
695	23	5	18:35:40
609	23	5	18:35:40
649	23	5	18:35:40
706	23	5	18:35:40
894	23	5	18:35:40
1070	23	5	18:35:40
1053	23	5	18:35:40
991	23	5	18:35:40
905	23	5	18:35:40
827	23	5	18:35:40
789	23	5	18:35:40
695	23	5	18:35:40
663	23	5	18:35:40
636	23	5	18:35:40
641	23	5	18:35:40
646	23	5	18:35:40
649	23	5	18:35:40
738	23	5	18:35:40
1091	23	5	18:35:40
1107	23	5	18:35:40
1053	23	5	18:35:40
1010	23	5	18:35:40
932	23	5	18:35:40
808	23	5	18:35:40
719	23	5	18:35:40
652	23	5	18:35:40
636	23	5	18:35:40
644	23	5	18:35:40
649	23	5	18:35:40
655	23	5	18:35:40
711	23	5	18:35:40
816	23	5	18:35:40
1142	23	5	18:35:40
1080	23	5	18:35:40
1016	23	5	18:35:40
956	23	5	18:35:40
905	23	5	18:35:40
835	23	5	18:35:40
838	23	5	18:35:40
690	23	5	18:35:40
676	23	5	18:35:40
633	23	5	18:35:40
630	23	5	18:35:40
660	23	5	18:35:40
1115	23	5	18:35:40
991	23	5	18:35:40
954	23	5	18:35:40
902	23	5	18:35:40
897	23	5	18:35:40
781	23	5	18:35:40
673	23	5	18:35:40
676	23	5	18:35:40
652	23	5	18:35:40
676	23	5	18:35:40
706	23	5	18:35:40
797	23	5	18:35:40
1191	23	5	18:35:40
1107	23	5	18:35:40
1075	23	5	18:35:40
1024	23	5	18:35:40
978	23	5	18:35:40
838	23	5	18:35:40
681	23	5	18:35:40
652	23	5	18:35:40
665	23	5	18:35:40
652	23	5	18:35:40
719	23	5	18:35:40
757	23	5	18:35:40
1132	23	5	18:35:40
1091	23	5	18:35:40
1016	23	5	18:35:40
983	23	5	18:35:40
897	23	5	18:35:40
889	23	5	18:35:40
760	23	5	18:35:40
657	23	5	18:35:40
638	23	5	18:35:40
649	23	5	18:35:40
668	23	5	18:35:40
757	23	5	18:35:40
948	23	5	18:35:40
1067	23	5	18:35:40
1064	23	5	18:35:40
1061	23	5	18:35:40
1008	23	5	18:35:40
970	23	5	18:35:40
959	23	5	18:35:40
787	23	5	18:35:40
708	23	5	18:35:40
641	23	5	18:35:40
684	23	5	18:35:40
633	23	5	18:35:40
665	23	5	18:35:40
760	23	5	18:35:40
1183	23	5	18:35:40
1099	23	5	18:35:40
1053	23	5	18:35:40
1034	23	5	18:35:40
940	23	5	18:35:40
773	23	5	18:35:40
687	23	5	18:35:40
668	23	5	18:35:40
660	23	5	18:35:40
684	23	5	18:35:40
725	23	5	18:35:40
846	23	5	18:35:40
994	23	5	18:35:40
1070	23	5	18:35:40
1013	23	5	18:35:40
908	23	5	18:35:40
846	23	5	18:35:40
768	23	5	18:35:40
717	23	5	18:35:40
652	23	5	18:35:40
644	23	5	18:35:40
684	23	5	18:35:40
741	23	5	18:35:40
741	23	5	18:35:40
1164	23	5	18:35:40
1105	23	5	18:35:40
999	23	5	18:35:40
956	23	5	18:35:40
832	23	5	18:35:40
714	23	5	18:35:40
646	23	5	18:35:40
660	23	5	18:35:40
614	23	5	18:35:40
652	23	5	18:35:40
676	23	5	18:35:40
773	23	5	18:35:40
876	23	5	18:35:40
1045	23	5	18:35:40
1064	23	5	18:35:40
1126	23	5	18:35:40
1061	23	5	18:35:40
1010	23	5	18:35:40
986	23	5	18:35:40
811	23	5	18:35:40
706	23	5	18:35:40
668	23	5	18:35:40
644	23	5	18:35:40
673	23	5	18:35:40
711	23	5	18:35:40
789	23	5	18:35:40
1048	23	5	18:35:40
1032	23	5	18:35:40
1107	23	5	18:35:40
1059	23	5	18:35:40
1048	23	5	18:35:40
827	23	5	18:35:40
695	23	5	18:35:40
681	23	5	18:35:40
663	23	5	18:35:40
681	23	5	18:35:40
865	23	5	18:35:40
1072	23	5	18:35:40
1099	23	5	18:35:40
1016	23	5	18:35:40
962	23	5	18:35:40
894	23	5	18:35:40
787	23	5	18:35:40
725	23	5	18:35:40
671	23	5	18:35:40
641	23	5	18:35:40
668	23	5	18:35:40
668	23	5	18:35:40
725	23	5	18:35:40
1123	23	5	18:35:40
1118	23	5	18:35:40
1043	23	5	18:35:40
1048	23	5	18:35:40
908	23	5	18:35:40
835	23	5	18:35:40
808	23	5	18:35:40
727	23	5	18:35:40
641	23	5	18:35:40
652	23	5	18:35:40
668	23	5	18:35:40
684	23	5	18:35:40
779	23	5	18:35:40
962	23	5	18:35:40
1024	23	5	18:35:40
1043	23	5	18:35:40
1053	23	5	18:35:40
894	23	5	18:35:40
752	23	5	18:35:40
668	23	5	18:35:40
630	23	5	18:35:40
649	23	5	18:35:40
649	23	5	18:35:40
636	23	5	18:35:40
803	23	5	18:35:40
1024	23	5	18:35:40
1083	23	5	18:35:40
1107	23	5	18:35:40
1094	23	5	18:35:40
1034	23	5	18:35:40
1010	23	5	18:35:40
905	23	5	18:35:40
765	23	5	18:35:40
695	23	5	18:35:40
671	23	5	18:35:40
671	23	5	18:35:40
741	23	5	18:35:40
743	23	5	18:35:40
954	23	5	18:35:40
1113	23	5	18:35:40
1067	23	5	18:35:40
1024	23	5	18:35:40
962	23	5	18:35:40
830	23	5	18:35:40
684	23	5	18:35:40
681	23	5	18:35:40
668	23	5	18:35:40
665	23	5	18:35:40
733	23	5	18:35:40
1113	23	5	18:35:40
1118	23	5	18:35:40
1113	23	5	18:35:40
1096	23	5	18:35:40
1056	23	5	18:35:40
959	23	5	18:35:40
830	23	5	18:35:40
695	23	5	18:35:40
695	23	5	18:35:40
665	23	5	18:35:40
687	23	5	18:35:40
805	23	5	18:35:40
1140	23	5	18:35:40
1096	23	5	18:35:40
1078	23	5	18:35:40
1053	23	5	18:35:40
1005	23	5	18:35:40
967	23	5	18:35:40
779	23	5	18:35:40
555	23	5	18:35:40
733	23	5	18:35:40
690	23	5	18:35:40
665	23	5	18:35:40
873	23	5	18:35:40
1191	23	5	18:35:40
1177	23	5	18:35:40
1132	23	5	18:35:40
1080	23	5	18:35:40
994	23	5	18:35:40
1029	23	5	18:35:40
970	23	5	18:35:40
865	23	5	18:35:40
727	23	5	18:35:40
671	23	5	18:35:40
660	23	5	18:35:40
708	23	5	18:35:40
1253	23	5	18:35:40
1129	23	5	18:35:40
1064	23	5	18:35:40
1010	23	5	18:35:40
962	23	5	18:35:40
792	23	5	18:35:40
692	23	5	18:35:40
676	23	5	18:35:40
652	23	5	18:35:40
730	23	5	18:35:40
873	23	5	18:35:40
1086	23	5	18:35:40
1102	23	5	18:35:40
1126	23	5	18:35:40
1099	23	5	18:35:40
1059	23	5	18:35:40
962	23	5	18:35:40
784	23	5	18:35:40
695	23	5	18:35:40
673	23	5	18:35:40
673	23	5	18:35:40
725	23	5	18:35:40
741	23	5	18:35:40
927	23	5	18:35:40
1134	23	5	18:35:40
1078	23	5	18:35:40
1088	23	5	18:35:40
1010	23	5	18:35:40
927	23	5	18:35:40
792	23	5	18:35:40
687	23	5	18:35:40
684	23	5	18:35:40
671	23	5	18:35:40
706	23	5	18:35:40
835	23	5	18:35:40
1167	23	5	18:35:40
1115	23	5	18:35:40
1091	23	5	18:35:40
1048	23	5	18:35:40
994	23	5	18:35:40
959	23	5	18:35:40
892	23	5	18:35:40
719	23	5	18:35:40
687	23	5	18:35:40
652	23	5	18:35:40
665	23	5	18:35:40
752	23	5	18:35:40
1096	23	5	18:35:40
1156	23	5	18:35:40
1016	23	5	18:35:40
927	23	5	18:35:40
900	23	5	18:35:40
865	23	5	18:35:40
722	23	5	18:35:40
665	23	5	18:35:40
679	23	5	18:35:40
687	23	5	18:35:40
700	23	5	18:35:40
1064	23	5	18:35:40
1064	23	5	18:35:40
1048	23	5	18:35:40
919	23	5	18:35:40
916	23	5	18:35:40
770	23	5	18:35:40
846	23	5	18:35:40
714	23	5	18:35:40
679	23	5	18:35:40
655	23	5	18:35:40
692	23	5	18:35:40
725	23	5	18:35:40
1070	23	5	18:35:40
999	23	5	18:35:40
1061	23	5	18:35:40
1126	23	5	18:35:40
1094	23	5	18:35:40
1029	23	5	18:35:40
954	23	5	18:35:40
808	23	5	18:35:40
703	23	5	18:35:40
681	23	5	18:35:40
673	23	5	18:35:40
663	23	5	18:35:40
681	23	5	18:35:40
692	23	5	18:35:40
862	23	5	18:35:40
1096	23	5	18:35:40
1037	23	5	18:35:40
997	23	5	18:35:40
983	23	5	18:35:40
916	23	5	18:35:40
749	23	5	18:35:40
646	23	5	18:35:40
679	23	5	18:35:40
641	23	5	18:35:40
652	23	5	18:35:40
738	23	5	18:35:40
1075	23	5	18:35:40
1040	23	5	18:35:40
1140	23	5	18:35:40
1091	23	5	18:35:40
1021	23	5	18:35:40
981	23	5	18:35:40
768	23	5	18:35:40
668	23	5	18:35:40
652	23	5	18:35:40
679	23	5	18:35:40
730	23	5	18:35:40
978	23	5	18:35:40
889	23	5	18:35:40
1051	23	5	18:35:40
1070	23	5	18:35:40
1029	23	5	18:35:40
1005	23	5	18:35:40
991	23	5	18:35:40
924	23	5	18:35:40
719	23	5	18:35:40
673	23	5	18:35:40
668	23	5	18:35:40
668	23	5	18:35:40
738	23	5	18:35:40
805	23	5	18:35:40
1070	23	5	18:35:40
1048	23	5	18:35:40
1048	23	5	18:35:40
1013	23	5	18:35:40
978	23	5	18:35:40
924	23	5	18:35:40
768	23	5	18:35:40
687	23	5	18:35:40
671	23	5	18:35:40
695	23	5	18:35:40
730	23	5	18:35:40
859	23	5	18:35:40
1059	23	5	18:35:40
1024	23	5	18:35:40
1134	23	5	18:35:40
1040	23	5	18:35:40
991	23	5	18:35:40
894	23	5	18:35:40
743	23	5	18:35:40
679	23	5	18:35:40
692	23	5	18:35:40
706	23	5	18:35:40
854	23	5	18:35:40
1040	23	5	18:35:40
1018	23	5	18:35:40
1086	23	5	18:35:40
897	23	5	18:35:40
975	23	5	18:35:40
760	23	5	18:35:40
768	23	5	18:35:40
574	23	5	18:35:40
843	23	5	18:35:40
531	23	5	18:35:40
571	23	5	18:35:40
544	23	5	18:35:40
1075	23	5	18:35:40
1078	23	5	18:35:40
1072	23	5	18:35:40
1048	23	5	18:35:40
506	23	5	18:35:40
1290	23	5	18:35:40
905	23	5	18:35:40
695	23	5	18:35:40
781	23	5	18:35:40
606	23	5	18:35:40
579	23	5	18:35:40
584	23	5	18:35:40
649	23	5	18:35:40
622	23	5	18:35:40
714	23	5	18:35:40
978	23	5	18:35:40
954	23	5	18:35:40
967	23	5	18:35:40
814	23	5	18:35:40
711	23	5	18:35:40
690	23	5	18:35:40
698	23	5	18:35:40
595	23	5	18:35:40
620	23	5	18:35:40
628	23	5	18:35:40
549	23	5	18:35:40
568	23	5	18:35:40
568	23	5	18:35:40
622	23	5	18:35:40
743	23	5	18:35:40
1056	23	5	18:35:40
1043	23	5	18:35:40
1008	23	5	18:35:40
927	23	5	18:35:40
862	23	5	18:35:40
741	23	5	18:35:40
628	23	5	18:35:40
700	23	5	18:35:40
566	23	5	18:35:40
593	23	5	18:35:40
641	23	5	18:35:40
690	23	5	18:35:40
1043	23	5	18:35:40
1153	23	5	18:35:40
1083	23	5	18:35:40
1026	23	5	18:35:40
964	23	5	18:35:40
840	23	5	18:35:40
711	23	5	18:35:40
665	23	5	18:35:40
630	23	5	18:35:40
622	23	5	18:35:40
641	23	5	18:35:40
730	23	5	18:35:40
1091	23	5	18:35:40
902	23	5	18:35:40
1056	23	5	18:35:40
1037	23	5	18:35:40
959	23	5	18:35:40
989	23	5	18:35:40
765	23	5	18:35:40
727	23	5	18:35:40
735	23	5	18:35:40
590	23	5	18:35:40
633	23	5	18:35:40
652	23	5	18:35:40
633	23	5	18:35:40
660	23	5	18:35:40
881	23	5	18:35:40
846	23	5	18:35:40
1121	23	5	18:35:40
1034	23	5	18:35:40
1005	23	5	18:35:40
902	23	5	18:35:40
832	23	5	18:35:40
757	23	5	18:35:40
638	23	5	18:35:40
638	23	5	18:35:40
630	23	5	18:35:40
641	23	5	18:35:40
956	23	5	18:35:40
1239	23	5	18:35:40
1261	23	5	18:35:40
814	23	5	18:35:40
921	23	5	18:35:40
690	23	5	18:35:40
717	23	5	18:35:40
603	23	5	18:35:40
660	23	5	18:35:40
633	23	5	18:35:40
633	23	5	18:35:40
655	23	5	18:35:40
649	23	5	18:35:40
671	23	5	18:35:40
776	23	5	18:35:40
1102	23	5	18:35:40
1110	23	5	18:35:40
1037	23	5	18:35:40
999	23	5	18:35:40
897	23	5	18:35:40
935	23	5	18:35:40
711	23	5	18:35:40
717	23	5	18:35:40
563	23	5	18:35:40
652	23	5	18:35:40
655	23	5	18:35:40
781	23	5	18:35:40
832	23	5	18:35:40
1072	23	5	18:35:40
1053	23	5	18:35:40
1134	23	5	18:35:40
1086	23	5	18:35:40
1021	23	5	18:35:40
795	23	5	18:35:40
703	23	5	18:35:40
657	23	5	18:35:40
641	23	5	18:35:40
673	23	5	18:35:40
700	23	5	18:35:40
1196	23	5	18:35:40
1164	23	5	18:35:40
1083	23	5	18:35:40
1034	23	5	18:35:40
978	23	5	18:35:40
881	23	5	18:35:40
730	23	5	18:35:40
649	23	5	18:35:40
641	23	5	18:35:40
668	23	5	18:35:40
784	23	5	18:35:40
743	23	5	18:35:40
1207	23	5	18:35:40
1099	23	5	18:35:40
1061	23	5	18:35:40
1002	23	5	18:35:40
994	23	5	18:35:40
919	23	5	18:35:40
752	23	5	18:35:40
676	23	5	18:35:40
652	23	5	18:35:40
625	23	5	18:35:40
684	23	5	18:35:40
727	23	5	18:35:40
1255	23	5	18:35:40
1175	23	5	18:35:40
1118	23	5	18:35:40
1029	23	5	18:35:40
946	23	5	18:35:40
865	23	5	18:35:40
746	23	5	18:35:40
660	23	5	18:35:40
638	23	5	18:35:40
646	23	5	18:35:40
646	23	5	18:35:40
698	23	5	18:35:40
1239	23	5	18:35:40
1126	23	5	18:35:40
1053	23	5	18:35:40
1045	23	5	18:35:40
986	23	5	18:35:40
913	23	5	18:35:40
714	23	5	18:35:40
700	23	5	18:35:40
598	23	5	18:35:40
665	23	5	18:35:40
539	23	5	18:35:40
684	23	5	18:35:40
1099	23	5	18:35:40
1067	23	5	18:35:40
611	23	5	18:35:40
339	23	5	18:35:40
1008	23	5	18:35:40
496	23	5	18:35:40
749	23	5	18:35:40
754	23	5	18:35:40
490	23	5	18:35:40
827	23	5	18:35:40
1072	23	5	18:35:40
576	23	5	18:35:40
582	23	5	18:35:40
603	23	5	18:35:40
638	23	5	18:35:40
924	23	5	18:35:40
905	23	5	18:35:40
978	23	5	18:35:40
1018	23	5	18:35:40
948	23	5	18:35:40
811	23	5	18:35:40
668	23	5	18:35:40
754	23	5	18:35:40
641	23	5	18:35:40
663	23	5	18:35:40
593	23	5	18:35:40
628	23	5	18:35:40
614	23	5	18:35:40
636	23	5	18:35:40
738	23	5	18:35:40
1121	23	5	18:35:40
1148	23	5	18:35:40
1034	23	5	18:35:40
1018	23	5	18:35:40
956	23	5	18:35:40
824	23	5	18:35:40
741	23	5	18:35:40
668	23	5	18:35:40
633	23	5	18:35:40
652	23	5	18:35:40
655	23	5	18:35:40
717	23	5	18:35:40
849	23	5	18:35:40
946	23	5	18:35:40
1164	23	5	18:35:40
1164	23	5	18:35:40
902	23	5	18:35:40
514	23	5	18:35:40
690	23	5	18:35:40
506	23	5	18:35:40
601	23	5	18:35:40
641	23	5	18:35:40
665	23	5	18:35:40
665	23	5	18:35:40
703	23	5	18:35:40
902	23	5	18:35:40
1045	23	5	18:35:40
1153	23	5	18:35:40
1026	23	5	18:35:40
1034	23	5	18:35:40
978	23	5	18:35:40
937	23	5	18:35:40
849	23	5	18:35:40
733	23	5	18:35:40
681	23	5	18:35:40
649	23	5	18:35:40
692	23	5	18:35:40
625	23	5	18:35:40
746	23	5	18:35:40
1212	23	5	18:35:40
1121	23	5	18:35:40
894	23	5	18:35:40
1215	23	5	18:35:40
797	23	5	18:35:40
630	23	5	18:35:40
660	23	5	18:35:40
668	23	5	18:35:40
598	23	5	18:35:40
649	23	5	18:35:40
703	23	5	18:35:40
735	23	5	18:35:40
1188	23	5	18:35:40
1158	23	5	18:35:40
1126	23	5	18:35:40
1008	23	5	18:35:40
1005	23	5	18:35:40
762	23	5	18:35:40
681	23	5	18:35:40
676	23	5	18:35:40
665	23	5	18:35:40
620	23	5	18:35:40
787	23	5	18:35:40
727	23	5	18:35:40
1237	23	5	18:35:40
1167	23	5	18:35:40
1123	23	5	18:35:40
1059	23	5	18:35:40
1048	23	5	18:35:40
1013	23	5	18:35:40
695	23	5	18:35:40
1107	23	5	18:35:40
784	23	5	18:35:40
741	23	5	18:35:40
646	23	5	18:35:40
652	23	5	18:35:40
622	23	5	18:35:40
819	23	5	18:35:40
1212	23	5	18:35:40
1008	23	5	18:35:40
1161	23	5	18:35:40
1029	23	5	18:35:40
671	23	5	18:35:40
253	23	5	18:35:40
1018	23	5	18:35:40
905	23	5	18:35:40
760	23	5	18:35:40
679	23	5	18:35:40
679	23	5	18:35:40
684	23	5	18:35:40
614	23	5	18:35:40
768	23	5	18:35:40
714	23	5	18:35:40
1018	23	5	18:35:40
1059	23	5	18:35:40
1140	23	5	18:35:40
1105	23	5	18:35:40
1056	23	5	18:35:40
1002	23	5	18:35:40
981	23	5	18:35:40
859	23	5	18:35:40
703	23	5	18:35:40
673	23	5	18:35:40
657	23	5	18:35:40
673	23	5	18:35:40
727	23	5	18:35:40
1247	23	5	18:35:40
1142	23	5	18:35:40
1145	23	5	18:35:40
1043	23	5	18:35:40
1018	23	5	18:35:40
964	23	5	18:35:40
819	23	5	18:35:40
673	23	5	18:35:40
657	23	5	18:35:40
665	23	5	18:35:40
671	23	5	18:35:40
892	23	5	18:35:40
1226	23	5	18:35:40
1169	23	5	18:35:40
1126	23	5	18:35:40
1043	23	5	18:35:40
994	23	5	18:35:40
854	23	5	18:35:40
700	23	5	18:35:40
652	23	5	18:35:40
665	23	5	18:35:40
655	23	5	18:35:40
735	23	5	18:35:40
1191	23	5	18:35:40
1148	23	5	18:35:40
1086	23	5	18:35:40
1048	23	5	18:35:40
981	23	5	18:35:40
970	23	5	18:35:40
816	23	5	18:35:40
681	23	5	18:35:40
665	23	5	18:35:40
646	23	5	18:35:40
636	23	5	18:35:40
684	23	5	18:35:40
1172	23	5	18:35:40
1158	23	5	18:35:40
1113	23	5	18:35:40
1078	23	5	18:35:40
1037	23	5	18:35:40
983	23	5	18:35:40
840	23	5	18:35:40
692	23	5	18:35:40
676	23	5	18:35:40
636	23	5	18:35:40
655	23	5	18:35:40
714	23	5	18:35:40
754	23	5	18:35:40
905	23	5	18:35:40
1220	23	5	18:35:40
1183	23	5	18:35:40
1121	23	5	18:35:40
1105	23	5	18:35:40
1029	23	5	18:35:40
905	23	5	18:35:40
708	23	5	18:35:40
641	23	5	18:35:40
644	23	5	18:35:40
633	23	5	18:35:40
668	23	5	18:35:40
787	23	5	18:35:40
1226	23	5	18:35:40
1059	23	5	18:35:40
1061	23	5	18:35:40
1016	23	5	18:35:40
905	23	5	18:35:40
754	23	5	18:35:40
687	23	5	18:35:40
655	23	5	18:35:40
641	23	5	18:35:40
655	23	5	18:35:40
625	23	5	18:35:40
749	23	5	18:35:40
1226	23	5	18:35:40
1121	23	5	18:35:40
1067	23	5	18:35:40
822	23	5	18:35:40
717	23	5	18:35:40
668	23	5	18:35:40
617	23	5	18:35:40
625	23	5	18:35:40
657	23	5	18:35:40
673	23	5	18:35:40
762	23	5	18:35:40
1134	23	5	18:35:40
1096	23	5	18:35:40
1121	23	5	18:35:40
1096	23	5	18:35:40
983	23	5	18:35:40
1342	23	5	23:13:24
1167	23	5	23:13:24
1072	23	5	23:13:24
1086	23	5	23:13:24
1061	23	5	23:13:24
994	23	5	23:13:24
695	23	5	23:13:24
649	23	5	23:13:24
638	23	5	23:13:24
676	23	5	23:13:24
1299	23	5	23:13:24
1264	23	5	23:13:24
1113	23	5	23:13:24
1037	23	5	23:13:24
989	23	5	23:13:24
951	23	5	23:13:24
943	23	5	23:13:24
746	23	5	23:13:24
636	23	5	23:13:24
628	23	5	23:13:24
614	23	5	23:13:24
722	23	5	23:13:24
1210	23	5	23:13:24
1150	23	5	23:13:24
1034	23	5	23:13:24
986	23	5	23:13:24
967	23	5	23:13:24
924	23	5	23:13:24
913	23	5	23:13:24
800	23	5	23:13:24
638	23	5	23:13:24
622	23	5	23:13:24
681	23	5	23:13:24
684	23	5	23:13:24
792	23	5	23:13:24
1245	23	5	23:13:24
1134	23	5	23:13:24
1059	23	5	23:13:24
1016	23	5	23:13:24
943	23	5	23:13:24
897	23	5	23:13:24
754	23	5	23:13:24
663	23	5	23:13:24
601	23	5	23:13:24
620	23	5	23:13:24
692	23	5	23:13:24
1056	23	5	23:13:24
964	23	5	23:13:24
1145	23	5	23:13:24
1099	23	5	23:13:24
1053	23	5	23:13:24
1002	23	5	23:13:24
997	23	5	23:13:24
784	23	5	23:13:24
630	23	5	23:13:24
622	23	5	23:13:24
665	23	5	23:13:24
749	23	5	23:13:24
1185	23	5	23:13:24
1148	23	5	23:13:24
1110	23	5	23:13:24
1083	23	5	23:13:24
1026	23	5	23:13:24
991	23	5	23:13:24
951	23	5	23:13:24
760	23	5	23:13:24
628	23	5	23:13:24
628	23	5	23:13:24
644	23	5	23:13:24
717	23	5	23:13:24
1288	23	5	23:13:24
1148	23	5	23:13:24
1086	23	5	23:13:24
1056	23	5	23:13:24
1024	23	5	23:13:24
1002	23	5	23:13:24
889	23	5	23:13:24
717	23	5	23:13:24
628	23	5	23:13:24
636	23	5	23:13:24
657	23	5	23:13:24
765	23	5	23:13:24
1242	23	5	23:13:24
1132	23	5	23:13:24
1070	23	5	23:13:24
1067	23	5	23:13:24
1026	23	5	23:13:24
994	23	5	23:13:24
773	23	5	23:13:24
673	23	5	23:13:24
614	23	5	23:13:24
620	23	5	23:13:24
708	23	5	23:13:24
805	23	5	23:13:24
1210	23	5	23:13:24
1137	23	5	23:13:24
1094	23	5	23:13:24
1021	23	5	23:13:24
1037	23	5	23:13:24
983	23	5	23:13:24
870	23	5	23:13:24
719	23	5	23:13:24
622	23	5	23:13:24
603	23	5	23:13:24
687	23	5	23:13:24
703	23	5	23:13:24
743	23	5	23:13:24
1223	23	5	23:13:24
1126	23	5	23:13:24
1072	23	5	23:13:24
1070	23	5	23:13:24
1086	23	5	23:13:24
924	23	5	23:13:24
711	23	5	23:13:24
676	23	5	23:13:24
617	23	5	23:13:24
663	23	5	23:13:24
741	23	5	23:13:24
1253	23	5	23:13:24
1110	23	5	23:13:24
1083	23	5	23:13:24
1048	23	5	23:13:24
986	23	5	23:13:24
1005	23	5	23:13:24
827	23	5	23:13:24
690	23	5	23:13:24
630	23	5	23:13:24
628	23	5	23:13:24
692	23	5	23:13:24
776	23	5	23:13:24
1239	23	5	23:13:24
1129	23	5	23:13:24
1091	23	5	23:13:24
1034	23	5	23:13:24
1021	23	5	23:13:24
994	23	5	23:13:24
789	23	5	23:13:24
655	23	5	23:13:24
606	23	5	23:13:24
687	23	5	23:13:24
708	23	5	23:13:24
1167	23	5	23:13:24
1129	23	5	23:13:24
1086	23	5	23:13:24
1067	23	5	23:13:24
1026	23	5	23:13:24
991	23	5	23:13:24
916	23	5	23:13:24
760	23	5	23:13:24
641	23	5	23:13:24
660	23	5	23:13:24
676	23	5	23:13:24
770	23	5	23:13:24
1280	23	5	23:13:24
1118	23	5	23:13:24
1067	23	5	23:13:24
1021	23	5	23:13:24
951	23	5	23:13:24
935	23	5	23:13:24
838	23	5	23:13:24
700	23	5	23:13:24
646	23	5	23:13:24
649	23	5	23:13:24
730	23	5	23:13:24
902	23	5	23:13:24
1242	23	5	23:13:24
1110	23	5	23:13:24
1056	23	5	23:13:24
1010	23	5	23:13:24
999	23	5	23:13:24
983	23	5	23:13:24
803	23	5	23:13:24
684	23	5	23:13:24
614	23	5	23:13:24
628	23	5	23:13:24
714	23	5	23:13:24
1202	23	5	23:13:24
1118	23	5	23:13:24
1080	23	5	23:13:24
1029	23	5	23:13:24
1024	23	5	23:13:24
1002	23	5	23:13:24
894	23	5	23:13:24
757	23	5	23:13:24
638	23	5	23:13:24
638	23	5	23:13:24
679	23	5	23:13:24
698	23	5	23:13:24
754	23	5	23:13:24
1264	23	5	23:13:24
1115	23	5	23:13:24
1067	23	5	23:13:24
1059	23	5	23:13:24
1021	23	5	23:13:24
981	23	5	23:13:24
768	23	5	23:13:24
625	23	5	23:13:24
649	23	5	23:13:24
652	23	5	23:13:24
681	23	5	23:13:24
832	23	5	23:13:24
1261	23	5	23:13:24
1145	23	5	23:13:24
1078	23	5	23:13:24
1070	23	5	23:13:24
1061	23	5	23:13:24
900	23	5	23:13:24
690	23	5	23:13:24
649	23	5	23:13:24
638	23	5	23:13:24
652	23	5	23:13:24
781	23	5	23:13:24
1280	23	5	23:13:24
1129	23	5	23:13:24
1102	23	5	23:13:24
1043	23	5	23:13:24
1018	23	5	23:13:24
1002	23	5	23:13:24
843	23	5	23:13:24
673	23	5	23:13:24
660	23	5	23:13:24
636	23	5	23:13:24
681	23	5	23:13:24
760	23	5	23:13:24
1247	23	5	23:13:24
1099	23	5	23:13:24
1080	23	5	23:13:24
1053	23	5	23:13:24
1024	23	5	23:13:24
997	23	5	23:13:24
811	23	5	23:13:24
644	23	5	23:13:24
630	23	5	23:13:24
660	23	5	23:13:24
660	23	5	23:13:24
738	23	5	23:13:24
1269	23	5	23:13:24
1132	23	5	23:13:24
1083	23	5	23:13:24
1072	23	5	23:13:24
1053	23	5	23:13:24
994	23	5	23:13:24
803	23	5	23:13:24
638	23	5	23:13:24
652	23	5	23:13:24
673	23	5	23:13:24
690	23	5	23:13:24
1218	23	5	23:13:24
1105	23	5	23:13:24
1121	23	5	23:13:24
1088	23	5	23:13:24
1059	23	5	23:13:24
1026	23	5	23:13:24
886	23	5	23:13:24
690	23	5	23:13:24
641	23	5	23:13:24
673	23	5	23:13:24
711	23	5	23:13:24
1255	23	5	23:13:24
1145	23	5	23:13:24
1148	23	5	23:13:24
1096	23	5	23:13:24
1048	23	5	23:13:24
1032	23	5	23:13:24
881	23	5	23:13:24
698	23	5	23:13:24
638	23	5	23:13:24
638	23	5	23:13:24
711	23	5	23:13:24
768	23	5	23:13:24
1242	23	5	23:13:24
1118	23	5	23:13:24
1123	23	5	23:13:24
1091	23	5	23:13:24
1048	23	5	23:13:24
1034	23	5	23:13:24
811	23	5	23:13:24
655	23	5	23:13:24
628	23	5	23:13:24
679	23	5	23:13:24
733	23	5	23:13:24
1202	23	5	23:13:24
1126	23	5	23:13:24
1132	23	5	23:13:24
1075	23	5	23:13:24
1048	23	5	23:13:24
1048	23	5	23:13:24
913	23	5	23:13:24
708	23	5	23:13:24
649	23	5	23:13:24
649	23	5	23:13:24
695	23	5	23:13:24
779	23	5	23:13:24
1215	23	5	23:13:24
1158	23	5	23:13:24
1110	23	5	23:13:24
1067	23	5	23:13:24
1056	23	5	23:13:24
1002	23	5	23:13:24
843	23	5	23:13:24
690	23	5	23:13:24
646	23	5	23:13:24
652	23	5	23:13:24
706	23	5	23:13:24
779	23	5	23:13:24
1229	23	5	23:13:24
1156	23	5	23:13:24
1096	23	5	23:13:24
1059	23	5	23:13:24
1051	23	5	23:13:24
983	23	5	23:13:24
822	23	5	23:13:24
655	23	5	23:13:24
652	23	5	23:13:24
679	23	5	23:13:24
738	23	5	23:13:24
1218	23	5	23:13:24
1132	23	5	23:13:24
1102	23	5	23:13:24
1070	23	5	23:13:24
1067	23	5	23:13:24
1034	23	5	23:13:24
873	23	5	23:13:24
708	23	5	23:13:24
657	23	5	23:13:24
652	23	5	23:13:24
692	23	5	23:13:24
730	23	5	23:13:24
1237	23	5	23:13:24
1102	23	5	23:13:24
1107	23	5	23:13:24
1091	23	5	23:13:24
1064	23	5	23:13:24
1016	23	5	23:13:24
830	23	5	23:13:24
665	23	5	23:13:24
652	23	5	23:13:24
681	23	5	23:13:24
698	23	5	23:13:24
757	23	5	23:13:24
1272	23	5	23:13:24
1126	23	5	23:13:24
1110	23	5	23:13:24
1048	23	5	23:13:24
1040	23	5	23:13:24
902	23	5	23:13:24
684	23	5	23:13:24
644	23	5	23:13:24
668	23	5	23:13:24
681	23	5	23:13:24
719	23	5	23:13:24
1299	23	5	23:13:24
1096	23	5	23:13:24
1102	23	5	23:13:24
1053	23	5	23:13:24
1029	23	5	23:13:24
1013	23	5	23:13:24
787	23	5	23:13:24
641	23	5	23:13:24
665	23	5	23:13:24
673	23	5	23:13:24
684	23	5	23:13:24
765	23	5	23:13:24
1207	23	5	23:13:24
1064	23	5	23:13:24
1067	23	5	23:13:24
997	23	5	23:13:24
975	23	5	23:13:24
991	23	5	23:13:24
835	23	5	23:13:24
687	23	5	23:13:24
660	23	5	23:13:24
663	23	5	23:13:24
692	23	5	23:13:24
757	23	5	23:13:24
1207	23	5	23:13:24
1210	23	5	23:13:24
582	23	5	23:13:24
916	23	5	23:13:24
900	23	5	23:13:24
867	23	5	23:13:24
800	23	5	23:13:24
717	23	5	23:13:24
644	23	5	23:13:24
622	23	5	23:13:24
687	23	5	23:13:24
711	23	5	23:13:24
835	23	5	23:13:24
943	23	5	23:13:24
1056	23	5	23:13:24
959	23	5	23:13:24
943	23	5	23:13:24
902	23	5	23:13:24
805	23	5	23:13:24
717	23	5	23:13:24
617	23	5	23:13:24
644	23	5	23:13:24
609	23	5	23:13:24
582	23	5	23:13:24
649	23	5	23:13:24
671	23	5	23:13:24
814	23	5	23:13:24
1242	23	5	23:13:24
1113	23	5	23:13:24
1105	23	5	23:13:24
1043	23	5	23:13:24
1021	23	5	23:13:24
943	23	5	23:13:24
881	23	5	23:13:24
725	23	5	23:13:24
711	23	5	23:13:24
620	23	5	23:13:24
622	23	5	23:13:24
711	23	5	23:13:24
1188	23	5	23:13:24
1113	23	5	23:13:24
1061	23	5	23:13:24
1029	23	5	23:13:24
935	23	5	23:13:24
835	23	5	23:13:24
735	23	5	23:13:24
660	23	5	23:13:24
638	23	5	23:13:24
695	23	5	23:13:24
1215	23	5	23:13:24
1129	23	5	23:13:24
1102	23	5	23:13:24
1061	23	5	23:13:24
1010	23	5	23:13:24
956	23	5	23:13:24
905	23	5	23:13:24
765	23	5	23:13:24
703	23	5	23:13:24
665	23	5	23:13:24
646	23	5	23:13:24
649	23	5	23:13:24
765	23	5	23:13:24
811	23	5	23:13:24
1210	23	5	23:13:24
1167	23	5	23:13:24
1113	23	5	23:13:24
1080	23	5	23:13:24
1016	23	5	23:13:24
800	23	5	23:13:24
706	23	5	23:13:24
692	23	5	23:13:24
673	23	5	23:13:24
652	23	5	23:13:24
727	23	5	23:13:24
929	23	5	23:13:24
1185	23	5	23:13:24
1061	23	5	23:13:24
797	23	5	23:13:24
760	23	5	23:13:24
714	23	5	23:13:24
714	23	5	23:13:24
698	23	5	23:13:24
636	23	5	23:13:24
628	23	5	23:13:24
660	23	5	23:13:24
638	23	5	23:13:24
663	23	5	23:13:24
735	23	5	23:13:24
795	23	5	23:13:24
800	23	5	23:13:24
792	23	5	23:13:24
830	23	5	23:13:24
808	23	5	23:13:24
776	23	5	23:13:24
805	23	5	23:13:24
698	23	5	23:13:24
698	23	5	23:13:24
628	23	5	23:13:24
622	23	5	23:13:24
671	23	5	23:13:24
638	23	5	23:13:24
665	23	5	23:13:24
743	23	5	23:13:24
1075	23	5	23:13:24
1072	23	5	23:13:24
1026	23	5	23:13:24
1002	23	5	23:13:24
975	23	5	23:13:24
859	23	5	23:13:24
695	23	5	23:13:24
620	23	5	23:13:24
671	23	5	23:13:24
660	23	5	23:13:24
708	23	5	23:13:24
805	23	5	23:13:24
1207	23	5	23:13:24
1096	23	5	23:13:24
1091	23	5	23:13:24
1064	23	5	23:13:24
975	23	5	23:13:24
994	23	5	23:13:24
743	23	5	23:13:24
668	23	5	23:13:24
644	23	5	23:13:24
649	23	5	23:13:24
708	23	5	23:13:24
830	23	5	23:13:24
1191	23	5	23:13:24
1140	23	5	23:13:24
1105	23	5	23:13:24
1051	23	5	23:13:24
1026	23	5	23:13:24
862	23	5	23:13:24
673	23	5	23:13:24
641	23	5	23:13:24
679	23	5	23:13:24
690	23	5	23:13:24
752	23	5	23:13:24
921	23	5	23:13:24
1212	23	5	23:13:24
1123	23	5	23:13:24
1075	23	5	23:13:24
1024	23	5	23:13:24
986	23	5	23:13:24
846	23	5	23:13:24
695	23	5	23:13:24
660	23	5	23:13:24
673	23	5	23:13:24
684	23	5	23:13:24
738	23	5	23:13:24
797	23	5	23:13:24
1175	23	5	23:13:24
1078	23	5	23:13:24
1061	23	5	23:13:24
997	23	5	23:13:24
975	23	5	23:13:24
846	23	5	23:13:24
698	23	5	23:13:24
628	23	5	23:13:24
676	23	5	23:13:24
679	23	5	23:13:24
684	23	5	23:13:24
792	23	5	23:13:24
1212	23	5	23:13:24
1086	23	5	23:13:24
1086	23	5	23:13:24
1037	23	5	23:13:24
956	23	5	23:13:24
840	23	5	23:13:24
690	23	5	23:13:24
660	23	5	23:13:24
638	23	5	23:13:24
684	23	5	23:13:24
752	23	5	23:13:24
854	23	5	23:13:24
1196	23	5	23:13:24
1080	23	5	23:13:24
1091	23	5	23:13:24
1005	23	5	23:13:24
905	23	5	23:13:24
835	23	5	23:13:24
660	23	5	23:13:24
652	23	5	23:13:24
671	23	5	23:13:24
558	23	5	23:13:24
873	23	5	23:13:24
558	23	5	23:13:24
768	23	5	23:13:24
1207	23	5	23:13:24
1123	23	5	23:13:24
781	23	5	23:13:24
684	23	5	23:13:24
1072	23	5	23:13:24
886	23	5	23:13:24
738	23	5	23:13:24
687	23	5	23:13:24
633	23	5	23:13:24
676	23	5	23:13:24
735	23	5	23:13:24
1215	23	5	23:13:24
1099	23	5	23:13:24
1096	23	5	23:13:24
1059	23	5	23:13:24
986	23	5	23:13:24
964	23	5	23:13:24
851	23	5	23:13:24
714	23	5	23:13:24
646	23	5	23:13:24
673	23	5	23:13:24
692	23	5	23:13:24
700	23	5	23:13:24
743	23	5	23:13:24
1239	23	5	23:13:24
1123	23	5	23:13:24
1075	23	5	23:13:24
1008	23	5	23:13:24
973	23	5	23:13:24
857	23	5	23:13:24
714	23	5	23:13:24
703	23	5	23:13:24
641	23	5	23:13:24
687	23	5	23:13:24
752	23	5	23:13:24
797	23	5	23:13:24
824	23	5	23:13:24
1180	23	5	23:13:24
1123	23	5	23:13:24
1086	23	5	23:13:24
986	23	5	23:13:24
902	23	5	23:13:24
760	23	5	23:13:24
673	23	5	23:13:24
663	23	5	23:13:24
671	23	5	23:13:24
708	23	5	23:13:24
781	23	5	23:13:24
840	23	5	23:13:24
1218	23	5	23:13:24
1142	23	5	23:13:24
1083	23	5	23:13:24
1016	23	5	23:13:24
983	23	5	23:13:24
835	23	5	23:13:24
735	23	5	23:13:24
660	23	5	23:13:24
638	23	5	23:13:24
698	23	5	23:13:24
706	23	5	23:13:24
797	23	5	23:13:24
1180	23	5	23:13:24
1142	23	5	23:13:24
1115	23	5	23:13:24
1034	23	5	23:13:24
981	23	5	23:13:24
789	23	5	23:13:24
679	23	5	23:13:24
660	23	5	23:13:24
665	23	5	23:13:24
676	23	5	23:13:24
733	23	5	23:13:24
822	23	5	23:13:24
1177	23	5	23:13:24
1148	23	5	23:13:24
1086	23	5	23:13:24
989	23	5	23:13:24
916	23	5	23:13:24
784	23	5	23:13:24
679	23	5	23:13:24
655	23	5	23:13:24
660	23	5	23:13:24
690	23	5	23:13:24
714	23	5	23:13:24
752	23	5	23:13:24
878	23	5	23:13:24
1148	23	5	23:13:24
1026	23	5	23:13:24
1032	23	5	23:13:24
997	23	5	23:13:24
946	23	5	23:13:24
927	23	5	23:13:24
884	23	5	23:13:24
824	23	5	23:13:24
719	23	5	23:13:24
668	23	5	23:13:24
660	23	5	23:13:24
708	23	5	23:13:24
1218	23	5	23:13:24
1064	23	5	23:13:24
1005	23	5	23:13:24
1034	23	5	23:13:24
908	23	5	23:13:24
730	23	5	23:13:24
687	23	5	23:13:24
679	23	5	23:13:24
673	23	5	23:13:24
757	23	5	23:13:24
1226	23	5	23:13:24
1148	23	5	23:13:24
1115	23	5	23:13:24
1064	23	5	23:13:24
1043	23	5	23:13:24
892	23	5	23:13:24
722	23	5	23:13:24
684	23	5	23:13:24
668	23	5	23:13:24
679	23	5	23:13:24
787	23	5	23:13:24
1245	23	5	23:13:24
1202	23	5	23:13:24
1164	23	5	23:13:24
1134	23	5	23:13:24
1064	23	5	23:13:24
924	23	5	23:13:24
792	23	5	23:13:24
722	23	5	23:13:24
590	23	5	23:13:24
722	23	5	23:13:24
652	23	5	23:13:24
711	23	5	23:13:24
822	23	5	23:13:24
814	23	5	23:13:24
1199	23	5	23:13:24
1091	23	5	23:13:24
1072	23	5	23:13:24
1010	23	5	23:13:24
978	23	5	23:13:24
854	23	5	23:13:24
714	23	5	23:13:24
655	23	5	23:13:24
652	23	5	23:13:24
717	23	5	23:13:24
741	23	5	23:13:24
1234	23	5	23:13:24
1145	23	5	23:13:24
1115	23	5	23:13:24
1043	23	5	23:13:24
999	23	5	23:13:24
835	23	5	23:13:24
703	23	5	23:13:24
641	23	5	23:13:24
679	23	5	23:13:24
676	23	5	23:13:24
730	23	5	23:13:24
897	23	5	23:13:24
1253	23	5	23:13:24
1148	23	5	23:13:24
1140	23	5	23:13:24
1043	23	5	23:13:24
1024	23	5	23:13:24
843	23	5	23:13:24
727	23	5	23:13:24
657	23	5	23:13:24
703	23	5	23:13:24
695	23	5	23:13:24
768	23	5	23:13:24
1274	23	5	23:13:24
1158	23	5	23:13:24
1121	23	5	23:13:24
1083	23	5	23:13:24
1013	23	5	23:13:24
884	23	5	23:13:24
727	23	5	23:13:24
684	23	5	23:13:24
644	23	5	23:13:24
792	23	5	23:13:24
676	23	5	23:13:24
754	23	5	23:13:24
1293	23	5	23:13:24
1121	23	5	23:13:24
1043	23	5	23:13:24
768	23	5	23:13:24
714	23	5	23:13:24
859	23	5	23:13:24
719	23	5	23:13:24
663	23	5	23:13:24
673	23	5	23:13:24
700	23	5	23:13:24
792	23	5	23:13:24
1215	23	5	23:13:24
1172	23	5	23:13:24
1156	23	5	23:13:24
1075	23	5	23:13:24
1083	23	5	23:13:24
1040	23	5	23:13:24
859	23	5	23:13:24
738	23	5	23:13:24
671	23	5	23:13:24
668	23	5	23:13:24
735	23	5	23:13:24
816	23	5	23:13:24
1264	23	5	23:13:24
1153	23	5	23:13:24
1153	23	5	23:13:24
1088	23	5	23:13:24
1043	23	5	23:13:24
940	23	5	23:13:24
768	23	5	23:13:24
695	23	5	23:13:24
649	23	5	23:13:24
687	23	5	23:13:24
765	23	5	23:13:24
1026	23	5	23:13:24
1229	23	5	23:13:24
1193	23	5	23:13:24
1145	23	5	23:13:24
1094	23	5	23:13:24
1067	23	5	23:13:24
870	23	5	23:13:24
703	23	5	23:13:24
644	23	5	23:13:24
690	23	5	23:13:24
708	23	5	23:13:24
773	23	5	23:13:24
1280	23	5	23:13:24
1191	23	5	23:13:24
1180	23	5	23:13:24
1094	23	5	23:13:24
1061	23	5	23:13:24
797	23	5	23:13:24
727	23	5	23:13:24
687	23	5	23:13:24
636	23	5	23:13:24
684	23	5	23:13:24
741	23	5	23:13:24
851	23	5	23:13:24
1226	23	5	23:13:24
1188	23	5	23:13:24
1132	23	5	23:13:24
1043	23	5	23:13:24
997	23	5	23:13:24
757	23	5	23:13:24
706	23	5	23:13:24
673	23	5	23:13:24
646	23	5	23:13:24
698	23	5	23:13:24
800	23	5	23:13:24
1282	23	5	23:13:24
1164	23	5	23:13:24
1134	23	5	23:13:24
1088	23	5	23:13:24
1024	23	5	23:13:24
902	23	5	23:13:24
814	23	5	23:13:24
698	23	5	23:13:24
649	23	5	23:13:24
676	23	5	23:13:24
762	23	5	23:13:24
808	23	5	23:13:24
1234	23	5	23:13:24
1153	23	5	23:13:24
1137	23	5	23:13:24
1078	23	5	23:13:24
1048	23	5	23:13:24
846	23	5	23:13:24
711	23	5	23:13:24
681	23	5	23:13:24
649	23	5	23:13:24
698	23	5	23:13:24
784	23	5	23:13:24
1237	23	5	23:13:24
1153	23	5	23:13:24
1148	23	5	23:13:24
1083	23	5	23:13:24
1048	23	5	23:13:24
932	23	5	23:13:24
822	23	5	23:13:24
706	23	5	23:13:24
655	23	5	23:13:24
690	23	5	23:13:24
711	23	5	23:13:24
838	23	5	23:13:24
1237	23	5	23:13:24
1161	23	5	23:13:24
1110	23	5	23:13:24
1070	23	5	23:13:24
1078	23	5	23:13:24
867	23	5	23:13:24
727	23	5	23:13:24
679	23	5	23:13:24
644	23	5	23:13:24
692	23	5	23:13:24
773	23	5	23:13:24
857	23	5	23:13:24
1207	23	5	23:13:24
1175	23	5	23:13:24
1140	23	5	23:13:24
1080	23	5	23:13:24
956	23	5	23:13:24
784	23	5	23:13:24
706	23	5	23:13:24
625	23	5	23:13:24
687	23	5	23:13:24
760	23	5	23:13:24
827	23	5	23:13:24
1266	23	5	23:13:24
1145	23	5	23:13:24
1113	23	5	23:13:24
1070	23	5	23:13:24
1037	23	5	23:13:24
870	23	5	23:13:24
733	23	5	23:13:24
690	23	5	23:13:24
617	23	5	23:13:24
684	23	5	23:13:24
738	23	5	23:13:24
1264	23	5	23:13:24
1110	23	5	23:13:24
1126	23	5	23:13:24
1078	23	5	23:13:24
1008	23	5	23:13:24
940	23	5	23:13:24
795	23	5	23:13:24
700	23	5	23:13:24
622	23	5	23:13:24
679	23	5	23:13:24
757	23	5	23:13:24
784	23	5	23:13:24
921	23	5	23:13:24
1207	23	5	23:13:24
1145	23	5	23:13:24
1091	23	5	23:13:24
1032	23	5	23:13:24
978	23	5	23:13:24
830	23	5	23:13:24
727	23	5	23:13:24
684	23	5	23:13:24
743	23	5	23:13:24
671	23	5	23:13:24
746	23	5	23:13:24
1218	23	5	23:13:24
1121	23	5	23:13:24
1091	23	5	23:13:24
1024	23	5	23:13:24
822	23	5	23:13:24
676	23	5	23:13:24
671	23	5	23:13:24
679	23	5	23:13:24
646	23	5	23:13:24
698	23	5	23:13:24
805	23	5	23:13:24
911	23	5	23:13:24
1234	23	5	23:13:24
1161	23	5	23:13:24
1113	23	5	23:13:24
1072	23	5	23:13:24
1045	23	5	23:13:24
876	23	5	23:13:24
749	23	5	23:13:24
690	23	5	23:13:24
633	23	5	23:13:24
698	23	5	23:13:24
832	23	5	23:13:24
854	23	5	23:13:24
1210	23	5	23:13:24
1118	23	5	23:13:24
1091	23	5	23:13:24
1048	23	5	23:13:24
1043	23	5	23:13:24
854	23	5	23:13:24
738	23	5	23:13:24
641	23	5	23:13:24
668	23	5	23:13:24
743	23	5	23:13:24
762	23	5	23:13:24
1202	23	5	23:13:24
1107	23	5	23:13:24
1102	23	5	23:13:24
1072	23	5	23:13:24
1034	23	5	23:13:24
854	23	5	23:13:24
741	23	5	23:13:24
638	23	5	23:13:24
649	23	5	23:13:24
722	23	5	23:13:24
779	23	5	23:13:24
1204	23	5	23:13:24
1137	23	5	23:13:24
1102	23	5	23:13:24
1070	23	5	23:13:24
1018	23	5	23:13:24
1029	23	5	23:13:24
867	23	5	23:13:24
770	23	5	23:13:24
652	23	5	23:13:24
660	23	5	23:13:24
727	23	5	23:13:24
749	23	5	23:13:24
884	23	5	23:13:24
1204	23	5	23:13:24
1115	23	5	23:13:24
1075	23	5	23:13:24
1056	23	5	23:13:24
1037	23	5	23:13:24
857	23	5	23:13:24
708	23	5	23:13:24
633	23	5	23:13:24
717	23	5	23:13:24
722	23	5	23:13:24
765	23	5	23:13:24
827	23	5	23:13:24
1245	23	5	23:13:24
1126	23	5	23:13:24
1096	23	5	23:13:24
1029	23	5	23:13:24
1016	23	5	23:13:24
816	23	5	23:13:24
660	23	5	23:13:24
652	23	5	23:13:24
690	23	5	23:13:24
708	23	5	23:13:24
789	23	5	23:13:24
1239	23	5	23:13:24
1118	23	5	23:13:24
1115	23	5	23:13:24
1048	23	5	23:13:24
919	23	5	23:13:24
886	23	5	23:13:24
708	23	5	23:13:24
706	23	5	23:13:24
676	23	5	23:13:24
679	23	5	23:13:24
749	23	5	23:13:24
808	23	5	23:13:24
1258	23	5	23:13:24
1091	23	5	23:13:24
1080	23	5	23:13:24
1078	23	5	23:13:24
1048	23	5	23:13:24
924	23	5	23:13:24
762	23	5	23:13:24
668	23	5	23:13:24
668	23	5	23:13:24
690	23	5	23:13:24
768	23	5	23:13:24
754	23	5	23:13:24
881	23	5	23:13:24
514	23	5	23:13:24
943	23	5	23:13:24
1048	23	5	23:13:24
1024	23	5	23:13:24
948	23	5	23:13:24
760	23	5	23:13:24
665	23	5	23:13:24
652	23	5	23:13:24
668	23	5	23:13:24
690	23	5	23:13:24
752	23	5	23:13:24
1272	23	5	23:13:24
1255	23	5	23:13:24
1140	23	5	23:13:24
1105	23	5	23:13:24
1070	23	5	23:13:24
1048	23	5	23:13:24
840	23	5	23:13:24
700	23	5	23:13:24
671	23	5	23:13:24
698	23	5	23:13:24
692	23	5	23:13:24
824	23	5	23:13:24
1269	23	5	23:13:24
1161	23	5	23:13:24
1102	23	5	23:13:24
1075	23	5	23:13:24
1053	23	5	23:13:24
924	23	5	23:13:24
795	23	5	23:13:24
692	23	5	23:13:24
684	23	5	23:13:24
717	23	5	23:13:24
725	23	5	23:13:24
1239	23	5	23:13:24
1180	23	5	23:13:24
1148	23	5	23:13:24
1123	23	5	23:13:24
1067	23	5	23:13:24
994	23	5	23:13:24
816	23	5	23:13:24
703	23	5	23:13:24
719	23	5	23:13:24
700	23	5	23:13:24
703	23	5	23:13:24
1191	23	5	23:13:24
1164	23	5	23:13:24
1126	23	5	23:13:24
1096	23	5	23:13:24
1072	23	5	23:13:24
1013	23	5	23:13:24
835	23	5	23:13:24
690	23	5	23:13:24
684	23	5	23:13:24
673	23	5	23:13:24
738	23	5	23:13:24
1301	23	5	23:13:24
1167	23	5	23:13:24
1156	23	5	23:13:24
1107	23	5	23:13:24
1064	23	5	23:13:24
1045	23	5	23:13:24
846	23	5	23:13:24
741	23	5	23:13:24
687	23	5	23:13:24
665	23	5	23:13:24
711	23	5	23:13:24
1177	23	5	23:13:24
1167	23	5	23:13:24
1126	23	5	23:13:24
1118	23	5	23:13:24
1083	23	5	23:13:24
1056	23	5	23:13:24
876	23	5	23:13:24
749	23	5	23:13:24
730	23	5	23:13:24
703	23	5	23:13:24
679	23	5	23:13:24
743	23	5	23:13:24
1223	23	5	23:13:24
1172	23	5	23:13:24
1121	23	5	23:13:24
1061	23	5	23:13:24
1040	23	5	23:13:24
991	23	5	23:13:24
819	23	5	23:13:24
690	23	5	23:13:24
711	23	5	23:13:24
717	23	5	23:13:24
719	23	5	23:13:24
854	23	5	23:13:24
1196	23	5	23:13:24
1172	23	5	23:13:24
1134	23	5	23:13:24
1078	23	5	23:13:24
1018	23	5	23:13:24
929	23	5	23:13:24
822	23	5	23:13:24
708	23	5	23:13:24
719	23	5	23:13:24
711	23	5	23:13:24
711	23	5	23:13:24
768	23	5	23:13:24
1210	23	5	23:13:24
1123	23	5	23:13:24
1113	23	5	23:13:24
1153	23	5	23:13:24
1037	23	5	23:13:24
832	23	5	23:13:24
690	23	5	23:13:24
681	23	5	23:13:24
676	23	5	23:13:24
700	23	5	23:13:24
738	23	5	23:13:24
795	23	5	23:13:24
1196	23	5	23:13:24
1140	23	5	23:13:24
1107	23	5	23:13:24
1067	23	5	23:13:24
991	23	5	23:13:24
832	23	5	23:13:24
717	23	5	23:13:24
698	23	5	23:13:24
684	23	5	23:13:24
722	23	5	23:13:24
760	23	5	23:13:24
859	23	5	23:13:24
1199	23	5	23:13:24
1167	23	5	23:13:24
1110	23	5	23:13:24
1067	23	5	23:13:24
951	23	5	23:13:24
803	23	5	23:13:24
711	23	5	23:13:24
671	23	5	23:13:24
665	23	5	23:13:24
795	23	5	23:13:24
865	23	5	23:13:24
1212	23	5	23:13:24
1096	23	5	23:13:24
1099	23	5	23:13:24
1059	23	5	23:13:24
1034	23	5	23:13:24
889	23	5	23:13:24
808	23	5	23:13:24
703	23	5	23:13:24
665	23	5	23:13:24
679	23	5	23:13:24
784	23	5	23:13:24
1269	23	5	23:13:24
1169	23	5	23:13:24
1167	23	5	23:13:24
1118	23	5	23:13:24
1024	23	5	23:13:24
935	23	5	23:13:24
854	23	5	23:13:24
765	23	5	23:13:24
708	23	5	23:13:24
690	23	5	23:13:24
725	23	5	23:13:24
878	23	5	23:13:24
1231	23	5	23:13:24
1132	23	5	23:13:24
1099	23	5	23:13:24
1029	23	5	23:13:24
997	23	5	23:13:24
832	23	5	23:13:24
711	23	5	23:13:24
703	23	5	23:13:24
706	23	5	23:13:24
717	23	5	23:13:24
765	23	5	23:13:24
857	23	5	23:13:24
1223	23	5	23:13:24
1167	23	5	23:13:24
1123	23	5	23:13:24
1043	23	5	23:13:24
951	23	5	23:13:24
795	23	5	23:13:24
711	23	5	23:13:24
690	23	5	23:13:24
657	23	5	23:13:24
735	23	5	23:13:24
814	23	5	23:13:24
1247	23	5	23:13:24
1123	23	5	23:13:24
1118	23	5	23:13:24
1083	23	5	23:13:24
994	23	5	23:13:24
889	23	5	23:13:24
784	23	5	23:13:24
695	23	5	23:13:24
673	23	5	23:13:24
692	23	5	23:13:24
808	23	5	23:13:24
865	23	5	23:13:24
1220	23	5	23:13:24
1102	23	5	23:13:24
1061	23	5	23:13:24
1008	23	5	23:13:24
975	23	5	23:13:24
838	23	5	23:13:24
754	23	5	23:13:24
684	23	5	23:13:24
652	23	5	23:13:24
733	23	5	23:13:24
795	23	5	23:13:24
1210	23	5	23:13:24
1134	23	5	23:13:24
1113	23	5	23:13:24
1051	23	5	23:13:24
967	23	5	23:13:24
970	23	5	23:13:24
822	23	5	23:13:24
679	23	5	23:13:24
620	23	5	23:13:24
671	23	5	23:13:24
727	23	5	23:13:24
1177	23	5	23:13:24
894	23	5	23:13:24
1158	23	5	23:13:24
1134	23	5	23:13:24
1064	23	5	23:13:24
1029	23	5	23:13:24
916	23	5	23:13:24
784	23	5	23:13:24
673	23	5	23:13:24
673	23	5	23:13:24
727	23	5	23:13:24
824	23	5	23:13:24
749	23	5	23:13:24
1226	23	5	23:13:24
1137	23	5	23:13:24
1115	23	5	23:13:24
1018	23	5	23:13:24
824	23	5	23:13:24
652	23	5	23:13:24
671	23	5	23:13:24
644	23	5	23:13:24
638	23	5	23:13:24
706	23	5	23:13:24
1307	23	5	23:13:24
1199	23	5	23:13:24
1148	23	5	23:13:24
1115	23	5	23:13:24
1080	23	5	23:13:24
1021	23	5	23:13:24
951	23	5	23:13:24
816	23	5	23:13:24
687	23	5	23:13:24
646	23	5	23:13:24
706	23	5	23:13:24
765	23	5	23:13:24
1215	23	5	23:13:24
1107	23	5	23:13:24
1126	23	5	23:13:24
1083	23	5	23:13:24
994	23	5	23:13:24
943	23	5	23:13:24
843	23	5	23:13:24
757	23	5	23:13:24
671	23	5	23:13:24
652	23	5	23:13:24
711	23	5	23:13:24
892	23	5	23:13:24
1226	23	5	23:13:24
1113	23	5	23:13:24
1113	23	5	23:13:24
1026	23	5	23:13:24
997	23	5	23:13:24
884	23	5	23:13:24
797	23	5	23:13:24
687	23	5	23:13:24
663	23	5	23:13:24
730	23	5	23:13:24
795	23	5	23:13:24
843	23	5	23:13:24
1183	23	5	23:13:24
1107	23	5	23:13:24
1070	23	5	23:13:24
1032	23	5	23:13:24
1013	23	5	23:13:24
857	23	5	23:13:24
776	23	5	23:13:24
698	23	5	23:13:24
700	23	5	23:13:24
692	23	5	23:13:24
757	23	5	23:13:24
862	23	5	23:13:24
1169	23	5	23:13:24
1123	23	5	23:13:24
1078	23	5	23:13:24
1005	23	5	23:13:24
981	23	5	23:13:24
835	23	5	23:13:24
779	23	5	23:13:24
717	23	5	23:13:24
660	23	5	23:13:24
673	23	5	23:13:24
757	23	5	23:13:24
1253	23	5	23:13:24
1102	23	5	23:13:24
1134	23	5	23:13:24
1056	23	5	23:13:24
978	23	5	23:13:24
935	23	5	23:13:24
803	23	5	23:13:24
706	23	5	23:13:24
681	23	5	23:13:24
665	23	5	23:13:24
706	23	5	23:13:24
814	23	5	23:13:24
1177	23	5	23:13:24
1072	23	5	23:13:24
1053	23	5	23:13:24
981	23	5	23:13:24
911	23	5	23:13:24
924	23	5	23:13:24
800	23	5	23:13:24
703	23	5	23:13:24
665	23	5	23:13:24
681	23	5	23:13:24
706	23	5	23:13:24
781	23	5	23:13:24
857	23	5	23:13:24
1183	23	5	23:13:24
1123	23	5	23:13:24
1113	23	5	23:13:24
1045	23	5	23:13:24
981	23	5	23:13:24
805	23	5	23:13:24
698	23	5	23:13:24
684	23	5	23:13:24
668	23	5	23:13:24
708	23	5	23:13:24
805	23	5	23:13:24
1180	23	5	23:13:24
1099	23	5	23:13:24
1091	23	5	23:13:24
1064	23	5	23:13:24
1067	23	5	23:13:24
892	23	5	23:13:24
784	23	5	23:13:24
706	23	5	23:13:24
690	23	5	23:13:24
698	23	5	23:13:24
784	23	5	23:13:24
811	23	5	23:13:24
1207	23	5	23:13:24
1123	23	5	23:13:24
1086	23	5	23:13:24
1051	23	5	23:13:24
999	23	5	23:13:24
862	23	5	23:13:24
765	23	5	23:13:24
700	23	5	23:13:24
644	23	5	23:13:24
687	23	5	23:13:24
808	23	5	23:13:24
1229	23	5	23:13:24
1123	23	5	23:13:24
1115	23	5	23:13:24
1048	23	5	23:13:24
1018	23	5	23:13:24
981	23	5	23:13:24
808	23	5	23:13:24
698	23	5	23:13:24
644	23	5	23:13:24
657	23	5	23:13:24
792	23	5	23:13:24
894	23	5	23:13:24
1239	23	5	23:13:24
1140	23	5	23:13:24
1123	23	5	23:13:24
1078	23	5	23:13:24
1072	23	5	23:13:24
859	23	5	23:13:24
738	23	5	23:13:24
671	23	5	23:13:24
668	23	5	23:13:24
711	23	5	23:13:24
768	23	5	23:13:24
1245	23	5	23:13:24
1129	23	5	23:13:24
1123	23	5	23:13:24
1099	23	5	23:13:24
1045	23	5	23:13:24
1010	23	5	23:13:24
824	23	5	23:13:24
706	23	5	23:13:24
692	23	5	23:13:24
663	23	5	23:13:24
717	23	5	23:13:24
1193	23	5	23:13:24
1145	23	5	23:13:24
1121	23	5	23:13:24
1115	23	5	23:13:24
1078	23	5	23:13:24
967	23	5	23:13:24
838	23	5	23:13:24
741	23	5	23:13:24
671	23	5	23:13:24
690	23	5	23:13:24
706	23	5	23:13:24
752	23	5	23:13:24
881	23	5	23:13:24
1218	23	5	23:13:24
1169	23	5	23:13:24
1096	23	5	23:13:24
1053	23	5	23:13:24
997	23	5	23:13:24
795	23	5	23:13:24
679	23	5	23:13:24
679	23	5	23:13:24
673	23	5	23:13:24
743	23	5	23:13:24
827	23	5	23:13:24
1237	23	5	23:13:24
1123	23	5	23:13:24
1115	23	5	23:13:24
1059	23	5	23:13:24
1045	23	5	23:13:24
946	23	5	23:13:24
811	23	5	23:13:24
681	23	5	23:13:24
681	23	5	23:13:24
679	23	5	23:13:24
743	23	5	23:13:24
824	23	5	23:13:24
1215	23	5	23:13:24
1132	23	5	23:13:24
1123	23	5	23:13:24
1048	23	5	23:13:24
1029	23	5	23:13:24
854	23	5	23:13:24
743	23	5	23:13:24
692	23	5	23:13:24
668	23	5	23:13:24
703	23	5	23:13:24
822	23	5	23:13:24
1212	23	5	23:13:24
1145	23	5	23:13:24
1088	23	5	23:13:24
1061	23	5	23:13:24
1029	23	5	23:13:24
1005	23	5	23:13:24
800	23	5	23:13:24
695	23	5	23:13:24
687	23	5	23:13:24
655	23	5	23:13:24
708	23	5	23:13:24
838	23	5	23:13:24
854	23	5	23:13:24
1129	23	5	23:13:24
1078	23	5	23:13:24
1024	23	5	23:13:24
959	23	5	23:13:24
948	23	5	23:13:24
795	23	5	23:13:24
719	23	5	23:13:24
625	23	5	23:13:24
668	23	5	23:13:24
563	23	5	23:13:24
646	23	5	23:13:24
738	23	5	23:13:24
1266	23	5	23:13:24
1148	23	5	23:13:24
1123	23	5	23:13:24
1061	23	5	23:13:24
857	23	5	23:13:24
687	23	5	23:13:24
698	23	5	23:13:24
617	23	5	23:13:24
668	23	5	23:13:24
717	23	5	23:13:24
819	23	5	23:13:24
1307	23	5	23:13:24
1158	23	5	23:13:24
1161	23	5	23:13:24
1083	23	5	23:13:24
822	23	5	23:13:24
733	23	5	23:13:24
735	23	5	23:13:24
698	23	5	23:13:24
676	23	5	23:13:24
681	23	5	23:13:24
781	23	5	23:13:24
1247	23	5	23:13:24
1161	23	5	23:13:24
1132	23	5	23:13:24
1102	23	5	23:13:24
1040	23	5	23:13:24
916	23	5	23:13:24
695	23	5	23:13:24
706	23	5	23:13:24
611	23	5	23:13:24
609	23	5	23:13:24
628	23	5	23:13:24
727	23	5	23:13:24
1452	23	5	23:13:24
1336	23	5	23:13:24
1153	23	5	23:13:24
1070	23	5	23:13:24
940	23	5	23:13:24
765	23	5	23:13:24
725	23	5	23:13:24
717	23	5	23:13:24
727	23	5	23:13:24
663	23	5	23:13:24
676	23	5	23:13:24
743	23	5	23:13:24
838	23	5	23:13:24
846	23	5	23:13:24
1140	23	5	23:13:24
1072	23	5	23:13:24
954	23	5	23:13:24
840	23	5	23:13:24
795	23	5	23:13:24
779	23	5	23:13:24
733	23	5	23:13:24
679	23	5	23:13:24
673	23	5	23:13:24
708	23	5	23:13:24
719	23	5	23:13:24
770	23	5	23:13:24
1239	23	5	23:13:24
1078	23	5	23:13:24
1013	23	5	23:13:24
919	23	5	23:13:24
908	23	5	23:13:24
870	23	5	23:13:24
749	23	5	23:13:24
722	23	5	23:13:24
695	23	5	23:13:24
703	23	5	23:13:24
711	23	5	23:13:24
800	23	5	23:13:24
954	23	5	23:13:24
1156	23	5	23:13:24
1126	23	5	23:13:24
1080	23	5	23:13:24
1056	23	5	23:13:24
959	23	5	23:13:24
824	23	5	23:13:24
706	23	5	23:13:24
684	23	5	23:13:24
708	23	5	23:13:24
762	23	5	23:13:24
830	23	5	23:13:24
1239	23	5	23:13:24
1188	23	5	23:13:24
1118	23	5	23:13:24
1064	23	5	23:13:24
1043	23	5	23:13:24
867	23	5	23:13:24
752	23	5	23:13:24
708	23	5	23:13:24
687	23	5	23:13:24
719	23	5	23:13:24
792	23	5	23:13:24
892	23	5	23:13:24
1161	23	5	23:13:24
1115	23	5	23:13:24
1123	23	5	23:13:24
1026	23	5	23:13:24
1008	23	5	23:13:24
857	23	5	23:13:24
741	23	5	23:13:24
679	23	5	23:13:24
690	23	5	23:13:24
768	23	5	23:13:24
814	23	5	23:13:24
1223	23	5	23:13:24
1180	23	5	23:13:24
1126	23	5	23:13:24
894	23	5	23:13:24
735	23	5	23:13:24
746	23	5	23:13:24
711	23	5	23:13:24
687	23	5	23:13:24
711	23	5	23:13:24
725	23	5	23:13:24
803	23	5	23:13:24
838	23	5	23:13:24
1272	23	5	23:13:24
1193	23	5	23:13:24
1153	23	5	23:13:24
1064	23	5	23:13:24
1048	23	5	23:13:24
954	23	5	23:13:24
805	23	5	23:13:24
657	23	5	23:13:24
649	23	5	23:13:24
695	23	5	23:13:24
749	23	5	23:13:24
819	23	5	23:13:24
1282	23	5	23:13:24
1204	23	5	23:13:24
1129	23	5	23:13:24
1099	23	5	23:13:24
1034	23	5	23:13:24
814	23	5	23:13:24
681	23	5	23:13:24
671	23	5	23:13:24
673	23	5	23:13:24
738	23	5	23:13:24
789	23	5	23:13:24
1264	23	5	23:13:24
1177	23	5	23:13:24
1132	23	5	23:13:24
1061	23	5	23:13:24
1018	23	5	23:13:24
929	23	5	23:13:24
811	23	5	23:13:24
690	23	5	23:13:24
655	23	5	23:13:24
700	23	5	23:13:24
776	23	5	23:13:24
1231	23	5	23:13:24
1142	23	5	23:13:24
1150	23	5	23:13:24
1080	23	5	23:13:24
1040	23	5	23:13:24
1037	23	5	23:13:24
865	23	5	23:13:24
727	23	5	23:13:24
717	23	5	23:13:24
730	23	5	23:13:24
746	23	5	23:13:24
797	23	5	23:13:24
981	23	5	23:13:24
1199	23	5	23:13:24
1145	23	5	23:13:24
1056	23	5	23:13:24
1032	23	5	23:13:24
900	23	5	23:13:24
814	23	5	23:13:24
695	23	5	23:13:24
665	23	5	23:13:24
711	23	5	23:13:24
752	23	5	23:13:24
851	23	5	23:13:24
1245	23	5	23:13:24
1161	23	5	23:13:24
1150	23	5	23:13:24
1102	23	5	23:13:24
1083	23	5	23:13:24
889	23	5	23:13:24
738	23	5	23:13:24
679	23	5	23:13:24
679	23	5	23:13:24
711	23	5	23:13:24
776	23	5	23:13:24
1215	23	5	23:13:24
1156	23	5	23:13:24
1121	23	5	23:13:24
1072	23	5	23:13:24
986	23	5	23:13:24
924	23	5	23:13:24
824	23	5	23:13:24
676	23	5	23:13:24
703	23	5	23:13:24
690	23	5	23:13:24
743	23	5	23:13:24
859	23	5	23:13:24
1239	23	5	23:13:24
1121	23	5	23:13:24
1096	23	5	23:13:24
1018	23	5	23:13:24
959	23	5	23:13:24
876	23	5	23:13:24
789	23	5	23:13:24
717	23	5	23:13:24
671	23	5	23:13:24
703	23	5	23:13:24
730	23	5	23:13:24
752	23	5	23:13:24
1261	23	5	23:13:24
1132	23	5	23:13:24
1105	23	5	23:13:24
840	23	5	23:13:24
773	23	5	23:13:24
851	23	5	23:13:24
708	23	5	23:13:24
684	23	5	23:13:24
738	23	5	23:13:24
754	23	5	23:13:24
956	23	5	23:13:24
1239	23	5	23:13:24
1145	23	5	23:13:24
1148	23	5	23:13:24
1107	23	5	23:13:24
1064	23	5	23:13:24
997	23	5	23:13:24
800	23	5	23:13:24
749	23	5	23:13:24
695	23	5	23:13:24
719	23	5	23:13:24
752	23	5	23:13:24
886	23	5	23:13:24
1226	23	5	23:13:24
1177	23	5	23:13:24
1148	23	5	23:13:24
1110	23	5	23:13:24
1053	23	5	23:13:24
867	23	5	23:13:24
727	23	5	23:13:24
700	23	5	23:13:24
706	23	5	23:13:24
733	23	5	23:13:24
902	23	5	23:13:24
1280	23	5	23:13:24
1148	23	5	23:13:24
1140	23	5	23:13:24
1096	23	5	23:13:24
1010	23	5	23:13:24
795	23	5	23:13:24
431	23	5	23:13:24
1126	23	5	23:13:24
641	23	5	23:13:24
695	23	5	23:13:24
649	23	5	23:13:24
649	23	5	23:13:24
727	23	5	23:13:24
738	23	5	23:13:24
660	23	5	23:13:24
741	23	5	23:13:24
1167	23	5	23:13:24
878	23	5	23:13:24
760	23	5	23:13:24
805	23	5	23:13:24
717	23	5	23:13:24
725	23	5	23:13:24
698	23	5	23:13:24
714	23	5	23:13:24
770	23	5	23:13:24
940	23	5	23:13:24
1142	23	5	23:13:24
1126	23	5	23:13:24
991	23	5	23:13:24
784	23	5	23:13:24
757	23	5	23:13:24
727	23	5	23:13:24
679	23	5	23:13:24
671	23	5	23:13:24
665	23	5	23:13:24
673	23	5	23:13:24
714	23	5	23:13:24
795	23	5	23:13:24
876	23	5	23:13:24
1161	23	5	23:13:24
1078	23	5	23:13:24
892	23	5	23:13:24
754	23	5	23:13:24
711	23	5	23:13:24
717	23	5	23:13:24
692	23	5	23:13:24
646	23	5	23:13:24
673	23	5	23:13:24
698	23	5	23:13:24
741	23	5	23:13:24
824	23	5	23:13:24
805	23	5	23:13:24
1199	23	5	23:13:24
1126	23	5	23:13:24
1045	23	5	23:13:24
932	23	5	23:13:24
854	23	5	23:13:24
838	23	5	23:13:24
762	23	5	23:13:24
714	23	5	23:13:24
660	23	5	23:13:24
706	23	5	23:13:24
708	23	5	23:13:24
743	23	5	23:13:24
1296	23	5	23:13:24
1115	23	5	23:13:24
1094	23	5	23:13:24
994	23	5	23:13:24
964	23	5	23:13:24
827	23	5	23:13:24
749	23	5	23:13:24
698	23	5	23:13:24
690	23	5	23:13:24
687	23	5	23:13:24
743	23	5	23:13:24
811	23	5	23:13:24
1183	23	5	23:13:24
1169	23	5	23:13:24
1105	23	5	23:13:24
1072	23	5	23:13:24
981	23	5	23:13:24
768	23	5	23:13:24
727	23	5	23:13:24
722	23	5	23:13:24
679	23	5	23:13:24
692	23	5	23:13:24
738	23	5	23:13:24
800	23	5	23:13:24
832	23	5	23:13:24
1207	23	5	23:13:24
1140	23	5	23:13:24
1072	23	5	23:13:24
935	23	5	23:13:24
854	23	5	23:13:24
768	23	5	23:13:24
595	23	5	23:13:24
730	23	5	23:13:24
668	23	5	23:13:24
719	23	5	23:13:24
1215	23	5	23:13:24
1115	23	5	23:13:24
1096	23	5	23:13:24
1053	23	5	23:13:24
983	23	5	23:13:24
916	23	5	23:13:24
819	23	5	23:13:24
738	23	5	23:13:24
717	23	5	23:13:24
727	23	5	23:13:24
684	23	5	23:13:24
690	23	5	23:13:24
752	23	5	23:13:24
1226	23	5	23:13:24
1145	23	5	23:13:24
1086	23	5	23:13:24
1051	23	5	23:13:24
1008	23	5	23:13:24
867	23	5	23:13:24
746	23	5	23:13:24
738	23	5	23:13:24
681	23	5	23:13:24
673	23	5	23:13:24
714	23	5	23:13:24
797	23	5	23:13:24
1212	23	5	23:13:24
1164	23	5	23:13:24
1126	23	5	23:13:24
1113	23	5	23:13:24
1040	23	5	23:13:24
752	23	5	23:13:24
711	23	5	23:13:24
641	23	5	23:13:24
617	23	5	23:13:24
638	23	5	23:13:24
741	23	5	23:13:24
1447	23	5	23:13:24
1167	23	5	23:13:24
1072	23	5	23:13:24
991	23	5	23:13:24
902	23	5	23:13:24
762	23	5	23:13:24
681	23	5	23:13:24
681	23	5	23:13:24
711	23	5	23:13:24
671	23	5	23:13:24
695	23	5	23:13:24
811	23	5	23:13:24
973	23	5	23:13:24
1161	23	5	23:13:24
1099	23	5	23:13:24
1048	23	5	23:13:24
964	23	5	23:13:24
905	23	5	23:13:24
830	23	5	23:13:24
752	23	5	23:13:24
700	23	5	23:13:24
684	23	5	23:13:24
711	23	5	23:13:24
768	23	5	23:13:24
1167	23	5	23:13:24
1156	23	5	23:13:24
1094	23	5	23:13:24
1034	23	5	23:13:24
943	23	5	23:13:24
943	23	5	23:13:24
832	23	5	23:13:24
735	23	5	23:13:24
690	23	5	23:13:24
690	23	5	23:13:24
725	23	5	23:13:24
814	23	5	23:13:24
1285	23	5	23:13:24
1156	23	5	23:13:24
1129	23	5	23:13:24
1037	23	5	23:13:24
1005	23	5	23:13:24
956	23	5	23:13:24
830	23	5	23:13:24
708	23	5	23:13:24
684	23	5	23:13:24
698	23	5	23:13:24
738	23	5	23:13:24
1215	23	5	23:13:24
1126	23	5	23:13:24
1105	23	5	23:13:24
1091	23	5	23:13:24
1021	23	5	23:13:24
978	23	5	23:13:24
832	23	5	23:13:24
743	23	5	23:13:24
690	23	5	23:13:24
663	23	5	23:13:24
733	23	5	23:13:24
816	23	5	23:13:24
1253	23	5	23:13:24
1169	23	5	23:13:24
1134	23	5	23:13:24
1064	23	5	23:13:24
1005	23	5	23:13:24
927	23	5	23:13:24
814	23	5	23:13:24
730	23	5	23:13:24
698	23	5	23:13:24
711	23	5	23:13:24
779	23	5	23:13:24
787	23	5	23:13:24
1247	23	5	23:13:24
1193	23	5	23:13:24
1129	23	5	23:13:24
1034	23	5	23:13:24
835	23	5	23:13:24
735	23	5	23:13:24
706	23	5	23:13:24
660	23	5	23:13:24
663	23	5	23:13:24
719	23	5	23:13:24
1253	23	5	23:13:24
1253	23	5	23:13:24
1188	23	5	23:13:24
1083	23	5	23:13:24
1013	23	5	23:13:24
859	23	5	23:13:24
754	23	5	23:13:24
703	23	5	23:13:24
698	23	5	23:13:24
671	23	5	23:13:24
700	23	5	23:13:24
733	23	5	23:13:24
797	23	5	23:13:24
792	23	5	23:13:24
1253	23	5	23:13:24
1177	23	5	23:13:24
1132	23	5	23:13:24
1067	23	5	23:13:24
1094	23	5	23:13:24
857	23	5	23:13:24
663	23	5	23:13:24
692	23	5	23:13:24
657	23	5	23:13:24
601	23	5	23:13:24
630	23	5	23:13:24
714	23	5	23:13:24
1347	23	5	23:13:24
1156	23	5	23:13:24
1099	23	5	23:13:24
1013	23	5	23:13:24
948	23	5	23:13:24
792	23	5	23:13:24
743	23	5	23:13:24
703	23	5	23:13:24
687	23	5	23:13:24
717	23	5	23:13:24
746	23	5	23:13:24
814	23	5	23:13:24
1204	23	5	23:13:24
1091	23	5	23:13:24
964	23	5	23:13:24
768	23	5	23:13:24
733	23	5	23:13:24
706	23	5	23:13:24
684	23	5	23:13:24
684	23	5	23:13:24
681	23	5	23:13:24
730	23	5	23:13:24
743	23	5	23:13:24
754	23	5	23:13:24
765	23	5	23:13:24
911	23	5	23:13:24
1132	23	5	23:13:24
1067	23	5	23:13:24
905	23	5	23:13:24
803	23	5	23:13:24
795	23	5	23:13:24
730	23	5	23:13:24
714	23	5	23:13:24
730	23	5	23:13:24
717	23	5	23:13:24
757	23	5	23:13:24
711	23	5	23:13:24
743	23	5	23:13:24
738	23	5	23:13:24
811	23	5	23:13:24
1134	23	5	23:13:24
1008	23	5	23:13:24
822	23	5	23:13:24
746	23	5	23:13:24
719	23	5	23:13:24
703	23	5	23:13:24
671	23	5	23:13:24
690	23	5	23:13:24
741	23	5	23:13:24
822	23	5	23:13:24
797	23	5	23:13:24
905	23	5	23:13:24
954	23	5	23:13:24
1016	23	5	23:13:24
1140	23	5	23:13:24
1067	23	5	23:13:24
1034	23	5	23:13:24
838	23	5	23:13:24
752	23	5	23:13:24
700	23	5	23:13:24
665	23	5	23:13:24
690	23	5	23:13:24
797	23	5	23:13:24
1239	23	5	23:13:24
1129	23	5	23:13:24
1067	23	5	23:13:24
997	23	5	23:13:24
935	23	5	23:13:24
876	23	5	23:13:24
811	23	5	23:13:24
717	23	5	23:13:24
692	23	5	23:13:24
703	23	5	23:13:24
846	23	5	23:13:24
876	23	5	23:13:24
1223	23	5	23:13:24
1099	23	5	23:13:24
1105	23	5	23:13:24
1026	23	5	23:13:24
986	23	5	23:13:24
859	23	5	23:13:24
784	23	5	23:13:24
708	23	5	23:13:24
690	23	5	23:13:24
719	23	5	23:13:24
787	23	5	23:13:24
1204	23	5	23:13:24
1161	23	5	23:13:24
1126	23	5	23:13:24
1040	23	5	23:13:24
989	23	5	23:13:24
940	23	5	23:13:24
792	23	5	23:13:24
733	23	5	23:13:24
679	23	5	23:13:24
679	23	5	23:13:24
749	23	5	23:13:24
851	23	5	23:13:24
1277	23	5	23:13:24
1134	23	5	23:13:24
1110	23	5	23:13:24
1064	23	5	23:13:24
1056	23	5	23:13:24
911	23	5	23:13:24
797	23	5	23:13:24
743	23	5	23:13:24
668	23	5	23:13:24
692	23	5	23:13:24
808	23	5	23:13:24
1258	23	5	23:13:24
1204	23	5	23:13:24
1107	23	5	23:13:24
1008	23	5	23:13:24
886	23	5	23:13:24
840	23	5	23:13:24
811	23	5	23:13:24
754	23	5	23:13:24
708	23	5	23:13:24
687	23	5	23:13:24
703	23	5	23:13:24
717	23	5	23:13:24
800	23	5	23:13:24
1202	23	5	23:13:24
1113	23	5	23:13:24
1096	23	5	23:13:24
1026	23	5	23:13:24
967	23	5	23:13:24
827	23	5	23:13:24
725	23	5	23:13:24
700	23	5	23:13:24
706	23	5	23:13:24
768	23	5	23:13:24
859	23	5	23:13:24
1277	23	5	23:13:24
1177	23	5	23:13:24
1118	23	5	23:13:24
1029	23	5	23:13:24
997	23	5	23:13:24
886	23	5	23:13:24
784	23	5	23:13:24
708	23	5	23:13:24
687	23	5	23:13:24
727	23	5	23:13:24
819	23	5	23:13:24
867	23	5	23:13:24
1239	23	5	23:13:24
1110	23	5	23:13:24
1099	23	5	23:13:24
1064	23	5	23:13:24
1016	23	5	23:13:24
857	23	5	23:13:24
789	23	5	23:13:24
717	23	5	23:13:24
703	23	5	23:13:24
741	23	5	23:13:24
846	23	5	23:13:24
1234	23	5	23:13:24
1153	23	5	23:13:24
1075	23	5	23:13:24
1056	23	5	23:13:24
1037	23	5	23:13:24
943	23	5	23:13:24
792	23	5	23:13:24
733	23	5	23:13:24
714	23	5	23:13:24
719	23	5	23:13:24
787	23	5	23:13:24
881	23	5	23:13:24
1307	23	5	23:13:24
1167	23	5	23:13:24
1169	23	5	23:13:24
1113	23	5	23:13:24
1075	23	5	23:13:24
808	23	5	23:13:24
687	23	5	23:13:24
687	23	5	23:13:24
735	23	5	23:13:24
770	23	5	23:13:24
1280	23	5	23:13:24
1210	23	5	23:13:24
1167	23	5	23:13:24
1115	23	5	23:13:24
1067	23	5	23:13:24
1013	23	5	23:13:24
851	23	5	23:13:24
738	23	5	23:13:24
687	23	5	23:13:24
679	23	5	23:13:24
725	23	5	23:13:24
1250	23	5	23:13:24
1169	23	5	23:13:24
1118	23	5	23:13:24
1115	23	5	23:13:24
983	23	5	23:13:24
754	23	5	23:13:24
725	23	5	23:13:24
727	23	5	23:13:24
692	23	5	23:13:24
692	23	5	23:13:24
754	23	5	23:13:24
870	23	5	23:13:24
1237	23	5	23:13:24
1239	23	5	23:13:24
1158	23	5	23:13:24
1129	23	5	23:13:24
1075	23	5	23:13:24
994	23	5	23:13:24
824	23	5	23:13:24
714	23	5	23:13:24
706	23	5	23:13:24
722	23	5	23:13:24
789	23	5	23:13:24
924	23	5	23:13:24
1272	23	5	23:13:24
1177	23	5	23:13:24
1134	23	5	23:13:24
1102	23	5	23:13:24
1080	23	5	23:13:24
819	23	5	23:13:24
727	23	5	23:13:24
708	23	5	23:13:24
719	23	5	23:13:24
835	23	5	23:13:24
803	23	5	23:13:24
1223	23	5	23:13:24
1196	23	5	23:13:24
1161	23	5	23:13:24
1134	23	5	23:13:24
1113	23	5	23:13:24
894	23	5	23:13:24
735	23	5	23:13:24
711	23	5	23:13:24
738	23	5	23:13:24
743	23	5	23:13:24
803	23	5	23:13:24
1264	23	5	23:13:24
1204	23	5	23:13:24
1169	23	5	23:13:24
1107	23	5	23:13:24
1070	23	5	23:13:24
935	23	5	23:13:24
784	23	5	23:13:24
717	23	5	23:13:24
708	23	5	23:13:24
757	23	5	23:13:24
862	23	5	23:13:24
1229	23	5	23:13:24
1180	23	5	23:13:24
989	23	5	23:13:24
951	23	5	23:13:24
908	23	5	23:13:24
962	23	5	23:13:24
757	23	5	23:13:24
781	23	5	23:13:24
717	23	5	23:13:24
625	23	5	23:13:24
673	23	5	23:13:24
700	23	5	23:13:24
803	23	5	23:13:24
1261	23	5	23:13:24
1123	23	5	23:13:24
1115	23	5	23:13:24
1083	23	5	23:13:24
1040	23	5	23:13:24
870	23	5	23:13:24
706	23	5	23:13:24
652	23	5	23:13:24
695	23	5	23:13:24
708	23	5	23:13:24
827	23	5	23:13:24
1277	23	5	23:13:24
1175	23	5	23:13:24
1145	23	5	23:13:24
1075	23	5	23:13:24
1034	23	5	23:13:24
962	23	5	23:13:24
811	23	5	23:13:24
676	23	5	23:13:24
692	23	5	23:13:24
725	23	5	23:13:24
754	23	5	23:13:24
784	23	5	23:13:24
1293	23	5	23:13:24
1183	23	5	23:13:24
1150	23	5	23:13:24
1078	23	5	23:13:24
1029	23	5	23:13:24
849	23	5	23:13:24
698	23	5	23:13:24
690	23	5	23:13:24
687	23	5	23:13:24
741	23	5	23:13:24
827	23	5	23:13:24
983	23	5	23:13:24
1239	23	5	23:13:24
1137	23	5	23:13:24
1088	23	5	23:13:24
1099	23	5	23:13:24
916	23	5	23:13:24
660	23	5	23:13:24
700	23	5	23:13:24
668	23	5	23:13:24
684	23	5	23:13:24
757	23	5	23:13:24
867	23	5	23:13:24
1202	23	5	23:13:24
1167	23	5	23:13:24
1145	23	5	23:13:24
1091	23	5	23:13:24
1059	23	5	23:13:24
973	23	5	23:13:24
797	23	5	23:13:24
681	23	5	23:13:24
665	23	5	23:13:24
725	23	5	23:13:24
830	23	5	23:13:24
832	23	5	23:13:24
1247	23	5	23:13:24
1167	23	5	23:13:24
1175	23	5	23:13:24
1126	23	5	23:13:24
1067	23	5	23:13:24
849	23	5	23:13:24
711	23	5	23:13:24
714	23	5	23:13:24
708	23	5	23:13:24
784	23	5	23:13:24
776	23	5	23:13:24
859	23	5	23:13:24
1277	23	5	23:13:24
1234	23	5	23:13:24
1172	23	5	23:13:24
1064	23	5	23:13:24
981	23	5	23:13:24
827	23	5	23:13:24
660	23	5	23:13:24
679	23	5	23:13:24
703	23	5	23:13:24
727	23	5	23:13:24
743	23	5	23:13:24
1320	23	5	23:13:24
1158	23	5	23:13:24
1091	23	5	23:13:24
846	23	5	23:13:24
711	23	5	23:13:24
735	23	5	23:13:24
722	23	5	23:13:24
695	23	5	23:13:24
700	23	5	23:13:24
754	23	5	23:13:24
832	23	5	23:13:24
1204	23	5	23:13:24
1051	23	5	23:13:24
1102	23	5	23:13:24
1051	23	5	23:13:24
970	23	5	23:13:24
919	23	5	23:13:24
900	23	5	23:13:24
865	23	5	23:13:24
789	23	5	23:13:24
700	23	5	23:13:24
660	23	5	23:13:24
638	23	5	23:13:24
665	23	5	23:13:24
706	23	5	23:13:24
1164	23	5	23:13:24
1110	23	5	23:13:24
1132	23	5	23:13:24
1102	23	5	23:13:24
973	23	5	23:13:24
824	23	5	23:13:24
706	23	5	23:13:24
733	23	5	23:13:24
695	23	5	23:13:24
762	23	5	23:13:24
784	23	5	23:13:24
1231	23	5	23:13:24
1169	23	5	23:13:24
1140	23	5	23:13:24
1091	23	5	23:13:24
1053	23	5	23:13:24
857	23	5	23:13:24
690	23	5	23:13:24
681	23	5	23:13:24
698	23	5	23:13:24
727	23	5	23:13:24
830	23	5	23:13:24
1266	23	5	23:13:24
1199	23	5	23:13:24
1175	23	5	23:13:24
1051	23	5	23:13:24
865	23	5	23:13:24
838	23	5	23:13:24
746	23	5	23:13:24
706	23	5	23:13:24
690	23	5	23:13:24
695	23	5	23:13:24
743	23	5	23:13:24
811	23	5	23:13:24
1239	23	5	23:13:24
1180	23	5	23:13:24
1134	23	5	23:13:24
1075	23	5	23:13:24
1026	23	5	23:13:24
946	23	5	23:13:24
781	23	5	23:13:24
679	23	5	23:13:24
711	23	5	23:13:24
743	23	5	23:13:24
824	23	5	23:13:24
1218	23	5	23:13:24
1169	23	5	23:13:24
1153	23	5	23:13:24
1105	23	5	23:13:24
1080	23	5	23:13:24
1034	23	5	23:13:24
787	23	5	23:13:24
687	23	5	23:13:24
692	23	5	23:13:24
711	23	5	23:13:24
776	23	5	23:13:24
1215	23	5	23:13:24
1202	23	5	23:13:24
1167	23	5	23:13:24
1137	23	5	23:13:24
1053	23	5	23:13:24
1018	23	5	23:13:24
752	23	5	23:13:24
655	23	5	23:13:24
684	23	5	23:13:24
717	23	5	23:13:24
776	23	5	23:13:24
1282	23	5	23:13:24
1204	23	5	23:13:24
1169	23	5	23:13:24
1129	23	5	23:13:24
1083	23	5	23:13:24
1064	23	5	23:13:24
800	23	5	23:13:24
698	23	5	23:13:24
690	23	5	23:13:24
706	23	5	23:13:24
779	23	5	23:13:24
916	23	5	23:13:24
1250	23	5	23:13:24
1137	23	5	23:13:24
1172	23	5	23:13:24
1099	23	5	23:13:24
1037	23	5	23:13:24
822	23	5	23:13:24
687	23	5	23:13:24
719	23	5	23:13:24
692	23	5	23:13:24
722	23	5	23:13:24
822	23	5	23:13:24
1247	23	5	23:13:24
1218	23	5	23:13:24
1148	23	5	23:13:24
1107	23	5	23:13:24
1021	23	5	23:13:24
846	23	5	23:13:24
684	23	5	23:13:24
665	23	5	23:13:24
655	23	5	23:13:24
692	23	5	23:13:24
816	23	5	23:13:24
857	23	5	23:13:24
1234	23	5	23:13:24
1188	23	5	23:13:24
1134	23	5	23:13:24
1080	23	5	23:13:24
1099	23	5	23:13:24
932	23	5	23:13:24
800	23	5	23:13:24
668	23	5	23:13:24
692	23	5	23:13:24
717	23	5	23:13:24
749	23	5	23:13:24
1293	23	5	23:13:24
1175	23	5	23:13:24
1191	23	5	23:13:24
1086	23	5	23:13:24
997	23	5	23:13:24
913	23	5	23:13:24
800	23	5	23:13:24
657	23	5	23:13:24
657	23	5	23:13:24
725	23	5	23:13:24
808	23	5	23:13:24
913	23	5	23:13:24
1239	23	5	23:13:24
1161	23	5	23:13:24
1094	23	5	23:13:24
1045	23	5	23:13:24
1021	23	5	23:13:24
897	23	5	23:13:24
789	23	5	23:13:24
663	23	5	23:13:24
663	23	5	23:13:24
730	23	5	23:13:24
762	23	5	23:13:24
851	23	5	23:13:24
1207	23	5	23:13:24
1183	23	5	23:13:24
1115	23	5	23:13:24
1070	23	5	23:13:24
1032	23	5	23:13:24
814	23	5	23:13:24
679	23	5	23:13:24
679	23	5	23:13:24
695	23	5	23:13:24
779	23	5	23:13:24
832	23	5	23:13:24
1282	23	5	23:13:24
1132	23	5	23:13:24
1126	23	5	23:13:24
1051	23	5	23:13:24
1086	23	5	23:13:24
795	23	5	23:13:24
708	23	5	23:13:24
681	23	5	23:13:24
665	23	5	23:13:24
803	23	5	23:13:24
671	23	5	23:13:24
757	23	5	23:13:24
1272	23	5	23:13:24
1204	23	5	23:13:24
1115	23	5	23:13:24
1088	23	5	23:13:24
1102	23	5	23:13:24
867	23	5	23:13:24
741	23	5	23:13:24
649	23	5	23:13:24
687	23	5	23:13:24
730	23	5	23:13:24
784	23	5	23:13:24
1245	23	5	23:13:24
1175	23	5	23:13:24
1153	23	5	23:13:24
1091	23	5	23:13:24
1005	23	5	23:13:24
905	23	5	23:13:24
805	23	5	23:13:24
719	23	5	23:13:24
673	23	5	23:13:24
687	23	5	23:13:24
754	23	5	23:13:24
1215	23	5	23:13:24
1126	23	5	23:13:24
1169	23	5	23:13:24
1113	23	5	23:13:24
1080	23	5	23:13:24
991	23	5	23:13:24
835	23	5	23:13:24
703	23	5	23:13:24
676	23	5	23:13:24
743	23	5	23:13:24
719	23	5	23:13:24
843	23	5	23:13:24
1231	23	5	23:13:24
1172	23	5	23:13:24
1142	23	5	23:13:24
1689	23	5	23:13:24
741	23	5	23:13:24
673	23	5	23:13:24
636	23	5	23:13:24
711	23	5	23:13:24
797	23	5	23:13:24
1299	23	5	23:13:24
1336	23	5	23:13:24
1188	23	5	23:13:24
1113	23	5	23:13:24
867	23	5	23:13:24
768	23	5	23:13:24
690	23	5	23:13:24
692	23	5	23:13:24
598	23	5	23:13:24
601	23	5	23:13:24
663	23	5	23:13:24
668	23	5	23:13:24
1024	23	5	23:13:24
1080	23	5	23:13:24
1072	23	5	23:13:24
1021	23	5	23:13:24
838	23	5	23:13:24
776	23	5	23:13:24
768	23	5	23:13:24
754	23	5	23:13:24
727	23	5	23:13:24
703	23	5	23:13:24
671	23	5	23:13:24
663	23	5	23:13:24
671	23	5	23:13:24
754	23	5	23:13:24
757	23	5	23:13:24
822	23	5	23:13:24
1164	23	5	23:13:24
1237	23	5	23:13:24
1611	23	5	23:13:24
819	23	5	23:13:24
770	23	5	23:13:24
746	23	5	23:13:24
687	23	5	23:13:24
700	23	5	23:13:24
746	23	5	23:13:24
816	23	5	23:13:24
854	23	5	23:13:24
1247	23	5	23:13:24
1164	23	5	23:13:24
1161	23	5	23:13:24
1105	23	5	23:13:24
1024	23	5	23:13:24
921	23	5	23:13:24
730	23	5	23:13:24
717	23	5	23:13:24
690	23	5	23:13:24
722	23	5	23:13:24
865	23	5	23:13:24
1296	23	5	23:13:24
1202	23	5	23:13:24
1150	23	5	23:13:24
1113	23	5	23:13:24
1121	23	5	23:13:24
986	23	5	23:13:24
789	23	5	23:13:24
719	23	5	23:13:24
727	23	5	23:13:24
805	23	5	23:13:24
814	23	5	23:13:24
835	23	5	23:13:24
1258	23	5	23:13:24
1183	23	5	23:13:24
1115	23	5	23:13:24
1061	23	5	23:13:24
989	23	5	23:13:24
795	23	5	23:13:24
719	23	5	23:13:24
708	23	5	23:13:24
706	23	5	23:13:24
789	23	5	23:13:24
1220	23	5	23:13:24
1175	23	5	23:13:24
1161	23	5	23:13:24
1180	23	5	23:13:24
1096	23	5	23:13:24
1113	23	5	23:13:24
840	23	5	23:13:24
711	23	5	23:13:24
703	23	5	23:13:24
743	23	5	23:13:24
849	23	5	23:13:24
889	23	5	23:13:24
1231	23	5	23:13:24
1164	23	5	23:13:24
1153	23	5	23:13:24
1059	23	5	23:13:24
1018	23	5	23:13:24
873	23	5	23:13:24
784	23	5	23:13:24
738	23	5	23:13:24
730	23	5	23:13:24
768	23	5	23:13:24
840	23	5	23:13:24
1253	23	5	23:13:24
1177	23	5	23:13:24
1169	23	5	23:13:24
1105	23	5	23:13:24
1013	23	5	23:13:24
849	23	5	23:13:24
773	23	5	23:13:24
708	23	5	23:13:24
730	23	5	23:13:24
768	23	5	23:13:24
886	23	5	23:13:24
1290	23	5	23:13:24
1185	23	5	23:13:24
1132	23	5	23:13:24
1091	23	5	23:13:24
1034	23	5	23:13:24
924	23	5	23:13:24
797	23	5	23:13:24
714	23	5	23:13:24
725	23	5	23:13:24
752	23	5	23:13:24
911	23	5	23:13:24
1280	23	5	23:13:24
1094	23	5	23:13:24
940	23	5	23:13:24
754	23	5	23:13:24
743	23	5	23:13:24
714	23	5	23:13:24
684	23	5	23:13:24
703	23	5	23:13:24
690	23	5	23:13:24
641	23	5	23:13:24
574	23	5	23:13:24
743	23	5	23:13:24
614	23	5	23:13:24
665	23	5	23:13:24
703	23	5	23:13:24
1140	23	5	23:13:24
1040	23	5	23:13:24
999	23	5	23:13:24
967	23	5	23:13:24
889	23	5	23:13:24
787	23	5	23:13:24
679	23	5	23:13:24
671	23	5	23:13:24
657	23	5	23:13:24
663	23	5	23:13:24
749	23	5	23:13:24
832	23	5	23:13:24
1229	23	5	23:13:24
1105	23	5	23:13:24
1040	23	5	23:13:24
975	23	5	23:13:24
921	23	5	23:13:24
951	23	5	23:13:24
838	23	5	23:13:24
754	23	5	23:13:24
692	23	5	23:13:24
725	23	5	23:13:24
657	23	5	23:13:24
708	23	5	23:13:24
1282	23	5	23:13:24
1113	23	5	23:13:24
1134	23	5	23:13:24
1096	23	5	23:13:24
1083	23	5	23:13:24
921	23	5	23:13:24
832	23	5	23:13:24
719	23	5	23:13:24
684	23	5	23:13:24
733	23	5	23:13:24
857	23	5	23:13:24
929	23	5	23:13:24
1226	23	5	23:13:24
1193	23	5	23:13:24
1140	23	5	23:13:24
1094	23	5	23:13:24
997	23	5	23:13:24
773	23	5	23:13:24
714	23	5	23:13:24
717	23	5	23:13:24
735	23	5	23:13:24
803	23	5	23:13:24
857	23	5	23:13:24
1229	23	5	23:13:24
1204	23	5	23:13:24
1164	23	5	23:13:24
1115	23	5	23:13:24
1048	23	5	23:13:24
870	23	5	23:13:24
760	23	5	23:13:24
649	23	5	23:13:24
703	23	5	23:13:24
708	23	5	23:13:24
765	23	5	23:13:24
827	23	5	23:13:24
1250	23	5	23:13:24
1220	23	5	23:13:24
1140	23	5	23:13:24
1115	23	5	23:13:24
967	23	5	23:13:24
803	23	5	23:13:24
703	23	5	23:13:24
681	23	5	23:13:24
738	23	5	23:13:24
857	23	5	23:13:24
1245	23	5	23:13:24
1145	23	5	23:13:24
1177	23	5	23:13:24
1123	23	5	23:13:24
1088	23	5	23:13:24
978	23	5	23:13:24
816	23	5	23:13:24
719	23	5	23:13:24
727	23	5	23:13:24
738	23	5	23:13:24
770	23	5	23:13:24
1285	23	5	23:13:24
1175	23	5	23:13:24
1129	23	5	23:13:24
1078	23	5	23:13:24
1018	23	5	23:13:24
981	23	5	23:13:24
781	23	5	23:13:24
708	23	5	23:13:24
665	23	5	23:13:24
719	23	5	23:13:24
773	23	5	23:13:24
1277	23	5	23:13:24
1185	23	5	23:13:24
1148	23	5	23:13:24
1102	23	5	23:13:24
1037	23	5	23:13:24
1010	23	5	23:13:24
822	23	5	23:13:24
749	23	5	23:13:24
692	23	5	23:13:24
692	23	5	23:13:24
754	23	5	23:13:24
814	23	5	23:13:24
1196	23	5	23:13:24
1180	23	5	23:13:24
1118	23	5	23:13:24
1021	23	5	23:13:24
865	23	5	23:13:24
725	23	5	23:13:24
673	23	5	23:13:24
649	23	5	23:13:24
684	23	5	23:13:24
741	23	5	23:13:24
900	23	5	23:13:24
824	23	5	23:13:24
1255	23	5	23:13:24
1180	23	5	23:13:24
1113	23	5	23:13:24
1072	23	5	23:13:24
1067	23	5	23:13:24
916	23	5	23:13:24
803	23	5	23:13:24
692	23	5	23:13:24
687	23	5	23:13:24
708	23	5	23:13:24
816	23	5	23:13:24
948	23	5	23:13:24
1199	23	5	23:13:24
1188	23	5	23:13:24
1161	23	5	23:13:24
1099	23	5	23:13:24
981	23	5	23:13:24
787	23	5	23:13:24
719	23	5	23:13:24
717	23	5	23:13:24
722	23	5	23:13:24
779	23	5	23:13:24
840	23	5	23:13:24
1247	23	5	23:13:24
1185	23	5	23:13:24
1153	23	5	23:13:24
1091	23	5	23:13:24
1088	23	5	23:13:24
822	23	5	23:13:24
706	23	5	23:13:24
708	23	5	23:13:24
743	23	5	23:13:24
765	23	5	23:13:24
795	23	5	23:13:24
1258	23	5	23:13:24
1148	23	5	23:13:24
1115	23	5	23:13:24
1075	23	5	23:13:24
956	23	5	23:13:24
894	23	5	23:13:24
822	23	5	23:13:24
733	23	5	23:13:24
703	23	5	23:13:24
743	23	5	23:13:24
768	23	5	23:13:24
859	23	5	23:13:24
1264	23	5	23:13:24
1215	23	5	23:13:24
1137	23	5	23:13:24
1067	23	5	23:13:24
1008	23	5	23:13:24
859	23	5	23:13:24
781	23	5	23:13:24
725	23	5	23:13:24
717	23	5	23:13:24
752	23	5	23:13:24
781	23	5	23:13:24
881	23	5	23:13:24
1223	23	5	23:13:24
1185	23	5	23:13:24
1102	23	5	23:13:24
1051	23	5	23:13:24
954	23	5	23:13:24
838	23	5	23:13:24
735	23	5	23:13:24
692	23	5	23:13:24
714	23	5	23:13:24
795	23	5	23:13:24
911	23	5	23:13:24
1210	23	5	23:13:24
1145	23	5	23:13:24
1086	23	5	23:13:24
1043	23	5	23:13:24
1040	23	5	23:13:24
865	23	5	23:13:24
725	23	5	23:13:24
719	23	5	23:13:24
733	23	5	23:13:24
760	23	5	23:13:24
854	23	5	23:13:24
905	23	5	23:13:24
1212	23	5	23:13:24
1188	23	5	23:13:24
1102	23	5	23:13:24
1078	23	5	23:13:24
1034	23	5	23:13:24
892	23	5	23:13:24
770	23	5	23:13:24
711	23	5	23:13:24
725	23	5	23:13:24
735	23	5	23:13:24
773	23	5	23:13:24
1242	23	5	23:13:24
1172	23	5	23:13:24
1078	23	5	23:13:24
1072	23	5	23:13:24
1034	23	5	23:13:24
924	23	5	23:13:24
832	23	5	23:13:24
695	23	5	23:13:24
681	23	5	23:13:24
725	23	5	23:13:24
776	23	5	23:13:24
1258	23	5	23:13:24
1196	23	5	23:13:24
1158	23	5	23:13:24
1088	23	5	23:13:24
1078	23	5	23:13:24
970	23	5	23:13:24
814	23	5	23:13:24
711	23	5	23:13:24
719	23	5	23:13:24
722	23	5	23:13:24
757	23	5	23:13:24
889	23	5	23:13:24
1210	23	5	23:13:24
1177	23	5	23:13:24
1153	23	5	23:13:24
1086	23	5	23:13:24
986	23	5	23:13:24
784	23	5	23:13:24
690	23	5	23:13:24
706	23	5	23:13:24
733	23	5	23:13:24
797	23	5	23:13:24
962	23	5	23:13:24
1204	23	5	23:13:24
1150	23	5	23:13:24
1107	23	5	23:13:24
1083	23	5	23:13:24
999	23	5	23:13:24
854	23	5	23:13:24
738	23	5	23:13:24
681	23	5	23:13:24
706	23	5	23:13:24
703	23	5	23:13:24
779	23	5	23:13:24
822	23	5	23:13:24
1231	23	5	23:13:24
1161	23	5	23:13:24
1075	23	5	23:13:24
954	23	5	23:13:24
814	23	5	23:13:24
706	23	5	23:13:24
673	23	5	23:13:24
679	23	5	23:13:24
690	23	5	23:13:24
700	23	5	23:13:24
746	23	5	23:13:24
840	23	5	23:13:24
1253	23	5	23:13:24
1204	23	5	23:13:24
1132	23	5	23:13:24
1061	23	5	23:13:24
1021	23	5	23:13:24
916	23	5	23:13:24
814	23	5	23:13:24
684	23	5	23:13:24
671	23	5	23:13:24
679	23	5	23:13:24
738	23	5	23:13:24
876	23	5	23:13:24
1253	23	5	23:13:24
1183	23	5	23:13:24
1110	23	5	23:13:24
1026	23	5	23:13:24
999	23	5	23:13:24
919	23	5	23:13:24
784	23	5	23:13:24
700	23	5	23:13:24
665	23	5	23:13:24
698	23	5	23:13:24
760	23	5	23:13:24
824	23	5	23:13:24
1250	23	5	23:13:24
1142	23	5	23:13:24
1105	23	5	23:13:24
1053	23	5	23:13:24
1018	23	5	23:13:24
840	23	5	23:13:24
776	23	5	23:13:24
706	23	5	23:13:24
690	23	5	23:13:24
719	23	5	23:13:24
757	23	5	23:13:24
870	23	5	23:13:24
1204	23	5	23:13:24
1140	23	5	23:13:24
1105	23	5	23:13:24
1048	23	5	23:13:24
1034	23	5	23:13:24
843	23	5	23:13:24
727	23	5	23:13:24
711	23	5	23:13:24
695	23	5	23:13:24
749	23	5	23:13:24
779	23	5	23:13:24
924	23	5	23:13:24
1196	23	5	23:13:24
1191	23	5	23:13:24
1099	23	5	23:13:24
1034	23	5	23:13:24
973	23	5	23:13:24
816	23	5	23:13:24
695	23	5	23:13:24
673	23	5	23:13:24
681	23	5	23:13:24
749	23	5	23:13:24
857	23	5	23:13:24
1242	23	5	23:13:24
1169	23	5	23:13:24
1088	23	5	23:13:24
1048	23	5	23:13:24
1021	23	5	23:13:24
999	23	5	23:13:24
822	23	5	23:13:24
722	23	5	23:13:24
679	23	5	23:13:24
698	23	5	23:13:24
749	23	5	23:13:24
822	23	5	23:13:24
1210	23	5	23:13:24
1132	23	5	23:13:24
1107	23	5	23:13:24
1002	23	5	23:13:24
994	23	5	23:13:24
824	23	5	23:13:24
754	23	5	23:13:24
684	23	5	23:13:24
673	23	5	23:13:24
749	23	5	23:13:24
776	23	5	23:13:24
981	23	5	23:13:24
1220	23	5	23:13:24
601	24	5	21:02:36
800	24	5	21:02:36
1083	24	5	21:02:36
978	24	5	21:02:36
913	24	5	21:02:36
894	24	5	21:02:36
800	24	5	21:02:36
805	24	5	21:02:36
768	24	5	21:02:36
738	24	5	21:02:36
636	24	5	21:02:36
614	24	5	21:02:36
649	24	5	21:02:36
684	24	5	21:02:36
943	24	5	21:02:36
937	24	5	21:02:36
970	24	5	21:02:36
940	24	5	21:02:36
881	24	5	21:02:36
762	24	5	21:02:36
692	24	5	21:02:36
657	24	5	21:02:36
665	24	5	21:02:36
614	24	5	21:02:36
657	24	5	21:02:36
714	24	5	21:02:36
1123	24	5	21:02:36
1002	24	5	21:02:36
1061	24	5	21:02:36
1016	24	5	21:02:36
946	24	5	21:02:36
846	24	5	21:02:36
776	24	5	21:02:36
727	24	5	21:02:36
722	24	5	21:02:36
655	24	5	21:02:36
617	24	5	21:02:36
636	24	5	21:02:36
603	24	5	21:02:36
644	24	5	21:02:36
708	24	5	21:02:36
795	24	5	21:02:36
1040	24	5	21:02:36
967	24	5	21:02:36
900	24	5	21:02:36
867	24	5	21:02:36
854	24	5	21:02:36
822	24	5	21:02:36
735	24	5	21:02:36
673	24	5	21:02:36
649	24	5	21:02:36
620	24	5	21:02:36
622	24	5	21:02:36
692	24	5	21:02:36
752	24	5	21:02:36
1072	24	5	21:02:36
983	24	5	21:02:36
937	24	5	21:02:36
927	24	5	21:02:36
873	24	5	21:02:36
859	24	5	21:02:36
792	24	5	21:02:36
719	24	5	21:02:36
630	24	5	21:02:36
646	24	5	21:02:36
638	24	5	21:02:36
641	24	5	21:02:36
684	24	5	21:02:36
754	24	5	21:02:36
1070	24	5	21:02:36
1010	24	5	21:02:36
943	24	5	21:02:36
876	24	5	21:02:36
805	24	5	21:02:36
735	24	5	21:02:36
652	24	5	21:02:36
603	24	5	21:02:36
620	24	5	21:02:36
603	24	5	21:02:36
630	24	5	21:02:36
765	24	5	21:02:36
1096	24	5	21:02:36
1083	24	5	21:02:36
1021	24	5	21:02:36
913	24	5	21:02:36
784	24	5	21:02:36
730	24	5	21:02:36
741	24	5	21:02:36
722	24	5	21:02:36
649	24	5	21:02:36
614	24	5	21:02:36
636	24	5	21:02:36
628	24	5	21:02:36
679	24	5	21:02:36
1048	24	5	21:02:36
1061	24	5	21:02:36
991	24	5	21:02:36
981	24	5	21:02:36
951	24	5	21:02:36
876	24	5	21:02:36
840	24	5	21:02:36
800	24	5	21:02:36
719	24	5	21:02:36
673	24	5	21:02:36
630	24	5	21:02:36
614	24	5	21:02:36
652	24	5	21:02:36
698	24	5	21:02:36
921	24	5	21:02:36
994	24	5	21:02:36
951	24	5	21:02:36
911	24	5	21:02:36
846	24	5	21:02:36
840	24	5	21:02:36
862	24	5	21:02:36
760	24	5	21:02:36
668	24	5	21:02:36
646	24	5	21:02:36
614	24	5	21:02:36
622	24	5	21:02:36
673	24	5	21:02:36
700	24	5	21:02:36
1080	24	5	21:02:36
1010	24	5	21:02:36
905	24	5	21:02:36
881	24	5	21:02:36
873	24	5	21:02:36
851	24	5	21:02:36
776	24	5	21:02:36
673	24	5	21:02:36
625	24	5	21:02:36
641	24	5	21:02:36
625	24	5	21:02:36
698	24	5	21:02:36
735	24	5	21:02:36
1037	24	5	21:02:36
946	24	5	21:02:36
916	24	5	21:02:36
814	24	5	21:02:36
814	24	5	21:02:36
781	24	5	21:02:36
773	24	5	21:02:36
665	24	5	21:02:36
628	24	5	21:02:36
638	24	5	21:02:36
614	24	5	21:02:36
668	24	5	21:02:36
733	24	5	21:02:36
1045	24	5	21:02:36
994	24	5	21:02:36
981	24	5	21:02:36
908	24	5	21:02:36
835	24	5	21:02:36
781	24	5	21:02:36
773	24	5	21:02:36
687	24	5	21:02:36
633	24	5	21:02:36
638	24	5	21:02:36
598	24	5	21:02:36
603	24	5	21:02:36
665	24	5	21:02:36
700	24	5	21:02:36
1080	24	5	21:02:36
1040	24	5	21:02:36
970	24	5	21:02:36
832	24	5	21:02:36
743	24	5	21:02:36
711	24	5	21:02:36
638	24	5	21:02:36
622	24	5	21:02:36
633	24	5	21:02:36
598	24	5	21:02:36
603	24	5	21:02:36
617	24	5	21:02:36
660	24	5	21:02:36
1110	24	5	21:02:36
1029	24	5	21:02:36
1005	24	5	21:02:36
932	24	5	21:02:36
838	24	5	21:02:36
776	24	5	21:02:36
730	24	5	21:02:36
711	24	5	21:02:36
684	24	5	21:02:36
649	24	5	21:02:36
617	24	5	21:02:36
630	24	5	21:02:36
630	24	5	21:02:36
660	24	5	21:02:36
738	24	5	21:02:36
1096	24	5	21:02:36
999	24	5	21:02:36
973	24	5	21:02:36
932	24	5	21:02:36
894	24	5	21:02:36
835	24	5	21:02:36
738	24	5	21:02:36
687	24	5	21:02:36
625	24	5	21:02:36
603	24	5	21:02:36
638	24	5	21:02:36
676	24	5	21:02:36
889	24	5	21:02:36
1032	24	5	21:02:36
1002	24	5	21:02:36
956	24	5	21:02:36
889	24	5	21:02:36
827	24	5	21:02:36
814	24	5	21:02:36
797	24	5	21:02:36
671	24	5	21:02:36
641	24	5	21:02:36
630	24	5	21:02:36
611	24	5	21:02:36
655	24	5	21:02:36
690	24	5	21:02:36
997	24	5	21:02:36
932	24	5	21:02:36
932	24	5	21:02:36
873	24	5	21:02:36
819	24	5	21:02:36
811	24	5	21:02:36
805	24	5	21:02:36
746	24	5	21:02:36
673	24	5	21:02:36
652	24	5	21:02:36
609	24	5	21:02:36
614	24	5	21:02:36
617	24	5	21:02:36
630	24	5	21:02:36
714	24	5	21:02:36
1070	24	5	21:02:36
956	24	5	21:02:36
862	24	5	21:02:36
851	24	5	21:02:36
814	24	5	21:02:36
811	24	5	21:02:36
754	24	5	21:02:36
711	24	5	21:02:36
622	24	5	21:02:36
622	24	5	21:02:36
609	24	5	21:02:36
606	24	5	21:02:36
663	24	5	21:02:36
703	24	5	21:02:36
1056	24	5	21:02:36
954	24	5	21:02:36
900	24	5	21:02:36
886	24	5	21:02:36
835	24	5	21:02:36
811	24	5	21:02:36
757	24	5	21:02:36
638	24	5	21:02:36
628	24	5	21:02:36
598	24	5	21:02:36
593	24	5	21:02:36
641	24	5	21:02:36
652	24	5	21:02:36
711	24	5	21:02:36
1059	24	5	21:02:36
911	24	5	21:02:36
854	24	5	21:02:36
816	24	5	21:02:36
743	24	5	21:02:36
665	24	5	21:02:36
668	24	5	21:02:36
628	24	5	21:02:36
584	24	5	21:02:36
630	24	5	21:02:36
593	24	5	21:02:36
665	24	5	21:02:36
727	24	5	21:02:36
838	24	5	21:02:36
1053	24	5	21:02:36
1029	24	5	21:02:36
943	24	5	21:02:36
889	24	5	21:02:36
849	24	5	21:02:36
822	24	5	21:02:36
795	24	5	21:02:36
690	24	5	21:02:36
628	24	5	21:02:36
638	24	5	21:02:36
625	24	5	21:02:36
657	24	5	21:02:36
1005	24	5	21:02:36
1034	24	5	21:02:36
1008	24	5	21:02:36
981	24	5	21:02:36
927	24	5	21:02:36
830	24	5	21:02:36
814	24	5	21:02:36
776	24	5	21:02:36
722	24	5	21:02:36
665	24	5	21:02:36
614	24	5	21:02:36
617	24	5	21:02:36
668	24	5	21:02:36
711	24	5	21:02:36
1088	24	5	21:02:36
1021	24	5	21:02:36
973	24	5	21:02:36
900	24	5	21:02:36
838	24	5	21:02:36
800	24	5	21:02:36
741	24	5	21:02:36
657	24	5	21:02:36
630	24	5	21:02:36
636	24	5	21:02:36
628	24	5	21:02:36
660	24	5	21:02:36
681	24	5	21:02:36
679	24	5	21:02:36
1083	24	5	21:02:36
959	24	5	21:02:36
867	24	5	21:02:36
795	24	5	21:02:36
681	24	5	21:02:36
638	24	5	21:02:36
660	24	5	21:02:36
665	24	5	21:02:36
620	24	5	21:02:36
630	24	5	21:02:36
609	24	5	21:02:36
628	24	5	21:02:36
698	24	5	21:02:36
738	24	5	21:02:36
1086	24	5	21:02:36
1002	24	5	21:02:36
929	24	5	21:02:36
851	24	5	21:02:36
835	24	5	21:02:36
822	24	5	21:02:36
760	24	5	21:02:36
671	24	5	21:02:36
633	24	5	21:02:36
644	24	5	21:02:36
611	24	5	21:02:36
657	24	5	21:02:36
711	24	5	21:02:36
830	24	5	21:02:36
1083	24	5	21:02:36
1010	24	5	21:02:36
946	24	5	21:02:36
884	24	5	21:02:36
835	24	5	21:02:36
797	24	5	21:02:36
735	24	5	21:02:36
644	24	5	21:02:36
630	24	5	21:02:36
641	24	5	21:02:36
625	24	5	21:02:36
695	24	5	21:02:36
797	24	5	21:02:36
1118	24	5	21:02:36
1010	24	5	21:02:36
943	24	5	21:02:36
811	24	5	21:02:36
706	24	5	21:02:36
660	24	5	21:02:36
673	24	5	21:02:36
601	24	5	21:02:36
614	24	5	21:02:36
598	24	5	21:02:36
603	24	5	21:02:36
679	24	5	21:02:36
743	24	5	21:02:36
967	24	5	21:02:36
1061	24	5	21:02:36
1045	24	5	21:02:36
1008	24	5	21:02:36
921	24	5	21:02:36
849	24	5	21:02:36
808	24	5	21:02:36
770	24	5	21:02:36
657	24	5	21:02:36
673	24	5	21:02:36
614	24	5	21:02:36
595	24	5	21:02:36
603	24	5	21:02:36
700	24	5	21:02:36
671	24	5	21:02:36
1161	24	5	21:02:36
1005	24	5	21:02:36
927	24	5	21:02:36
884	24	5	21:02:36
865	24	5	21:02:36
819	24	5	21:02:36
749	24	5	21:02:36
646	24	5	21:02:36
614	24	5	21:02:36
646	24	5	21:02:36
620	24	5	21:02:36
660	24	5	21:02:36
703	24	5	21:02:36
1070	24	5	21:02:36
989	24	5	21:02:36
894	24	5	21:02:36
857	24	5	21:02:36
819	24	5	21:02:36
808	24	5	21:02:36
779	24	5	21:02:36
708	24	5	21:02:36
636	24	5	21:02:36
633	24	5	21:02:36
611	24	5	21:02:36
611	24	5	21:02:36
676	24	5	21:02:36
717	24	5	21:02:36
1113	24	5	21:02:36
1005	24	5	21:02:36
927	24	5	21:02:36
867	24	5	21:02:36
840	24	5	21:02:36
814	24	5	21:02:36
738	24	5	21:02:36
657	24	5	21:02:36
620	24	5	21:02:36
649	24	5	21:02:36
633	24	5	21:02:36
663	24	5	21:02:36
711	24	5	21:02:36
1142	24	5	21:02:36
1034	24	5	21:02:36
954	24	5	21:02:36
884	24	5	21:02:36
822	24	5	21:02:36
827	24	5	21:02:36
765	24	5	21:02:36
738	24	5	21:02:36
652	24	5	21:02:36
617	24	5	21:02:36
646	24	5	21:02:36
641	24	5	21:02:36
695	24	5	21:02:36
1032	24	5	21:02:36
1032	24	5	21:02:36
1040	24	5	21:02:36
935	24	5	21:02:36
902	24	5	21:02:36
881	24	5	21:02:36
830	24	5	21:02:36
727	24	5	21:02:36
652	24	5	21:02:36
652	24	5	21:02:36
628	24	5	21:02:36
622	24	5	21:02:36
668	24	5	21:02:36
749	24	5	21:02:36
1088	24	5	21:02:36
962	24	5	21:02:36
870	24	5	21:02:36
819	24	5	21:02:36
765	24	5	21:02:36
760	24	5	21:02:36
752	24	5	21:02:36
673	24	5	21:02:36
671	24	5	21:02:36
611	24	5	21:02:36
633	24	5	21:02:36
649	24	5	21:02:36
725	24	5	21:02:36
1226	24	5	21:02:36
1094	24	5	21:02:36
986	24	5	21:02:36
943	24	5	21:02:36
892	24	5	21:02:36
876	24	5	21:02:36
762	24	5	21:02:36
706	24	5	21:02:36
641	24	5	21:02:36
628	24	5	21:02:36
665	24	5	21:02:36
676	24	5	21:02:36
743	24	5	21:02:36
1115	24	5	21:02:36
1021	24	5	21:02:36
940	24	5	21:02:36
919	24	5	21:02:36
878	24	5	21:02:36
843	24	5	21:02:36
781	24	5	21:02:36
703	24	5	21:02:36
660	24	5	21:02:36
646	24	5	21:02:36
628	24	5	21:02:36
657	24	5	21:02:36
687	24	5	21:02:36
967	24	5	21:02:36
986	24	5	21:02:36
964	24	5	21:02:36
921	24	5	21:02:36
897	24	5	21:02:36
851	24	5	21:02:36
816	24	5	21:02:36
746	24	5	21:02:36
673	24	5	21:02:36
630	24	5	21:02:36
652	24	5	21:02:36
628	24	5	21:02:36
673	24	5	21:02:36
752	24	5	21:02:36
1075	24	5	21:02:36
991	24	5	21:02:36
962	24	5	21:02:36
951	24	5	21:02:36
911	24	5	21:02:36
878	24	5	21:02:36
741	24	5	21:02:36
692	24	5	21:02:36
611	24	5	21:02:36
622	24	5	21:02:36
636	24	5	21:02:36
625	24	5	21:02:36
665	24	5	21:02:36
843	24	5	21:02:36
1013	24	5	21:02:36
959	24	5	21:02:36
878	24	5	21:02:36
816	24	5	21:02:36
776	24	5	21:02:36
752	24	5	21:02:36
708	24	5	21:02:36
646	24	5	21:02:36
620	24	5	21:02:36
655	24	5	21:02:36
665	24	5	21:02:36
1083	24	5	21:02:36
1078	24	5	21:02:36
1064	24	5	21:02:36
1008	24	5	21:02:36
927	24	5	21:02:36
859	24	5	21:02:36
779	24	5	21:02:36
714	24	5	21:02:36
668	24	5	21:02:36
638	24	5	21:02:36
641	24	5	21:02:36
614	24	5	21:02:36
611	24	5	21:02:36
665	24	5	21:02:36
706	24	5	21:02:36
1164	24	5	21:02:36
1032	24	5	21:02:36
989	24	5	21:02:36
973	24	5	21:02:36
924	24	5	21:02:36
886	24	5	21:02:36
811	24	5	21:02:36
735	24	5	21:02:36
665	24	5	21:02:36
641	24	5	21:02:36
668	24	5	21:02:36
644	24	5	21:02:36
687	24	5	21:02:36
727	24	5	21:02:36
846	24	5	21:02:36
1037	24	5	21:02:36
959	24	5	21:02:36
932	24	5	21:02:36
902	24	5	21:02:36
878	24	5	21:02:36
779	24	5	21:02:36
714	24	5	21:02:36
660	24	5	21:02:36
636	24	5	21:02:36
663	24	5	21:02:36
649	24	5	21:02:36
649	24	5	21:02:36
700	24	5	21:02:36
1051	24	5	21:02:36
948	24	5	21:02:36
911	24	5	21:02:36
886	24	5	21:02:36
849	24	5	21:02:36
857	24	5	21:02:36
735	24	5	21:02:36
717	24	5	21:02:36
646	24	5	21:02:36
633	24	5	21:02:36
695	24	5	21:02:36
752	24	5	21:02:36
789	24	5	21:02:36
1061	24	5	21:02:36
1021	24	5	21:02:36
970	24	5	21:02:36
902	24	5	21:02:36
884	24	5	21:02:36
854	24	5	21:02:36
770	24	5	21:02:36
698	24	5	21:02:36
655	24	5	21:02:36
660	24	5	21:02:36
633	24	5	21:02:36
641	24	5	21:02:36
687	24	5	21:02:36
811	24	5	21:02:36
1037	24	5	21:02:36
962	24	5	21:02:36
924	24	5	21:02:36
908	24	5	21:02:36
878	24	5	21:02:36
824	24	5	21:02:36
711	24	5	21:02:36
676	24	5	21:02:36
641	24	5	21:02:36
657	24	5	21:02:36
641	24	5	21:02:36
681	24	5	21:02:36
781	24	5	21:02:36
983	24	5	21:02:36
935	24	5	21:02:36
851	24	5	21:02:36
795	24	5	21:02:36
795	24	5	21:02:36
773	24	5	21:02:36
698	24	5	21:02:36
676	24	5	21:02:36
657	24	5	21:02:36
644	24	5	21:02:36
633	24	5	21:02:36
660	24	5	21:02:36
676	24	5	21:02:36
784	24	5	21:02:36
1045	24	5	21:02:36
940	24	5	21:02:36
884	24	5	21:02:36
824	24	5	21:02:36
822	24	5	21:02:36
800	24	5	21:02:36
719	24	5	21:02:36
657	24	5	21:02:36
655	24	5	21:02:36
630	24	5	21:02:36
649	24	5	21:02:36
684	24	5	21:02:36
986	24	5	21:02:36
975	24	5	21:02:36
948	24	5	21:02:36
889	24	5	21:02:36
835	24	5	21:02:36
805	24	5	21:02:36
811	24	5	21:02:36
743	24	5	21:02:36
668	24	5	21:02:36
655	24	5	21:02:36
644	24	5	21:02:36
622	24	5	21:02:36
668	24	5	21:02:36
711	24	5	21:02:36
1043	24	5	21:02:36
975	24	5	21:02:36
919	24	5	21:02:36
835	24	5	21:02:36
816	24	5	21:02:36
814	24	5	21:02:36
789	24	5	21:02:36
717	24	5	21:02:36
652	24	5	21:02:36
652	24	5	21:02:36
617	24	5	21:02:36
628	24	5	21:02:36
692	24	5	21:02:36
749	24	5	21:02:36
1037	24	5	21:02:36
997	24	5	21:02:36
937	24	5	21:02:36
876	24	5	21:02:36
822	24	5	21:02:36
824	24	5	21:02:36
757	24	5	21:02:36
711	24	5	21:02:36
641	24	5	21:02:36
649	24	5	21:02:36
611	24	5	21:02:36
657	24	5	21:02:36
706	24	5	21:02:36
1037	24	5	21:02:36
978	24	5	21:02:36
916	24	5	21:02:36
878	24	5	21:02:36
846	24	5	21:02:36
814	24	5	21:02:36
819	24	5	21:02:36
730	24	5	21:02:36
652	24	5	21:02:36
636	24	5	21:02:36
636	24	5	21:02:36
628	24	5	21:02:36
679	24	5	21:02:36
770	24	5	21:02:36
1086	24	5	21:02:36
981	24	5	21:02:36
946	24	5	21:02:36
862	24	5	21:02:36
830	24	5	21:02:36
816	24	5	21:02:36
741	24	5	21:02:36
668	24	5	21:02:36
641	24	5	21:02:36
641	24	5	21:02:36
638	24	5	21:02:36
636	24	5	21:02:36
690	24	5	21:02:36
784	24	5	21:02:36
1072	24	5	21:02:36
983	24	5	21:02:36
921	24	5	21:02:36
916	24	5	21:02:36
832	24	5	21:02:36
797	24	5	21:02:36
730	24	5	21:02:36
663	24	5	21:02:36
620	24	5	21:02:36
638	24	5	21:02:36
630	24	5	21:02:36
663	24	5	21:02:36
795	24	5	21:02:36
1088	24	5	21:02:36
997	24	5	21:02:36
929	24	5	21:02:36
878	24	5	21:02:36
840	24	5	21:02:36
819	24	5	21:02:36
717	24	5	21:02:36
681	24	5	21:02:36
641	24	5	21:02:36
622	24	5	21:02:36
646	24	5	21:02:36
676	24	5	21:02:36
690	24	5	21:02:36
849	24	5	21:02:36
1051	24	5	21:02:36
943	24	5	21:02:36
862	24	5	21:02:36
814	24	5	21:02:36
789	24	5	21:02:36
792	24	5	21:02:36
719	24	5	21:02:36
668	24	5	21:02:36
638	24	5	21:02:36
649	24	5	21:02:36
633	24	5	21:02:36
663	24	5	21:02:36
741	24	5	21:02:36
1070	24	5	21:02:36
1005	24	5	21:02:36
983	24	5	21:02:36
919	24	5	21:02:36
830	24	5	21:02:36
803	24	5	21:02:36
725	24	5	21:02:36
679	24	5	21:02:36
646	24	5	21:02:36
609	24	5	21:02:36
630	24	5	21:02:36
652	24	5	21:02:36
727	24	5	21:02:36
1013	24	5	21:02:36
983	24	5	21:02:36
967	24	5	21:02:36
924	24	5	21:02:36
867	24	5	21:02:36
838	24	5	21:02:36
795	24	5	21:02:36
725	24	5	21:02:36
646	24	5	21:02:36
641	24	5	21:02:36
614	24	5	21:02:36
668	24	5	21:02:36
733	24	5	21:02:36
1123	24	5	21:02:36
994	24	5	21:02:36
967	24	5	21:02:36
951	24	5	21:02:36
862	24	5	21:02:36
808	24	5	21:02:36
752	24	5	21:02:36
708	24	5	21:02:36
652	24	5	21:02:36
622	24	5	21:02:36
655	24	5	21:02:36
609	24	5	21:02:36
655	24	5	21:02:36
735	24	5	21:02:36
867	24	5	21:02:36
1059	24	5	21:02:36
1026	24	5	21:02:36
943	24	5	21:02:36
814	24	5	21:02:36
733	24	5	21:02:36
743	24	5	21:02:36
671	24	5	21:02:36
644	24	5	21:02:36
644	24	5	21:02:36
622	24	5	21:02:36
633	24	5	21:02:36
687	24	5	21:02:36
743	24	5	21:02:36
1183	24	5	21:02:36
1045	24	5	21:02:36
994	24	5	21:02:36
905	24	5	21:02:36
811	24	5	21:02:36
708	24	5	21:02:36
663	24	5	21:02:36
611	24	5	21:02:36
606	24	5	21:02:36
636	24	5	21:02:36
641	24	5	21:02:36
692	24	5	21:02:36
819	24	5	21:02:36
1177	24	5	21:02:36
1034	24	5	21:02:36
997	24	5	21:02:36
937	24	5	21:02:36
919	24	5	21:02:36
832	24	5	21:02:36
692	24	5	21:02:36
660	24	5	21:02:36
668	24	5	21:02:36
636	24	5	21:02:36
641	24	5	21:02:36
684	24	5	21:02:36
703	24	5	21:02:36
894	24	5	21:02:36
1083	24	5	21:02:36
997	24	5	21:02:36
929	24	5	21:02:36
851	24	5	21:02:36
787	24	5	21:02:36
746	24	5	21:02:36
668	24	5	21:02:36
655	24	5	21:02:36
676	24	5	21:02:36
625	24	5	21:02:36
644	24	5	21:02:36
655	24	5	21:02:36
719	24	5	21:02:36
1132	24	5	21:02:36
1037	24	5	21:02:36
1002	24	5	21:02:36
943	24	5	21:02:36
873	24	5	21:02:36
824	24	5	21:02:36
762	24	5	21:02:36
668	24	5	21:02:36
638	24	5	21:02:36
646	24	5	21:02:36
636	24	5	21:02:36
649	24	5	21:02:36
784	24	5	21:02:36
1137	24	5	21:02:36
989	24	5	21:02:36
940	24	5	21:02:36
897	24	5	21:02:36
862	24	5	21:02:36
824	24	5	21:02:36
762	24	5	21:02:36
684	24	5	21:02:36
668	24	5	21:02:36
617	24	5	21:02:36
641	24	5	21:02:36
649	24	5	21:02:36
671	24	5	21:02:36
776	24	5	21:02:36
1096	24	5	21:02:36
1005	24	5	21:02:36
937	24	5	21:02:36
892	24	5	21:02:36
822	24	5	21:02:36
792	24	5	21:02:36
714	24	5	21:02:36
663	24	5	21:02:36
628	24	5	21:02:36
622	24	5	21:02:36
652	24	5	21:02:36
668	24	5	21:02:36
725	24	5	21:02:36
1121	24	5	21:02:36
994	24	5	21:02:36
981	24	5	21:02:36
900	24	5	21:02:36
822	24	5	21:02:36
814	24	5	21:02:36
735	24	5	21:02:36
657	24	5	21:02:36
660	24	5	21:02:36
638	24	5	21:02:36
628	24	5	21:02:36
665	24	5	21:02:36
711	24	5	21:02:36
773	24	5	21:02:36
1137	24	5	21:02:36
1051	24	5	21:02:36
959	24	5	21:02:36
902	24	5	21:02:36
824	24	5	21:02:36
768	24	5	21:02:36
692	24	5	21:02:36
628	24	5	21:02:36
663	24	5	21:02:36
641	24	5	21:02:36
665	24	5	21:02:36
776	24	5	21:02:36
1153	24	5	21:02:36
1034	24	5	21:02:36
991	24	5	21:02:36
916	24	5	21:02:36
878	24	5	21:02:36
865	24	5	21:02:36
803	24	5	21:02:36
708	24	5	21:02:36
641	24	5	21:02:36
665	24	5	21:02:36
620	24	5	21:02:36
625	24	5	21:02:36
671	24	5	21:02:36
695	24	5	21:02:36
1034	24	5	21:02:36
951	24	5	21:02:36
870	24	5	21:02:36
876	24	5	21:02:36
835	24	5	21:02:36
787	24	5	21:02:36
752	24	5	21:02:36
690	24	5	21:02:36
663	24	5	21:02:36
630	24	5	21:02:36
630	24	5	21:02:36
681	24	5	21:02:36
681	24	5	21:02:36
870	24	5	21:02:36
1037	24	5	21:02:36
973	24	5	21:02:36
873	24	5	21:02:36
819	24	5	21:02:36
827	24	5	21:02:36
725	24	5	21:02:36
655	24	5	21:02:36
660	24	5	21:02:36
620	24	5	21:02:36
611	24	5	21:02:36
665	24	5	21:02:36
722	24	5	21:02:36
1107	24	5	21:02:36
1064	24	5	21:02:36
997	24	5	21:02:36
911	24	5	21:02:36
857	24	5	21:02:36
803	24	5	21:02:36
792	24	5	21:02:36
770	24	5	21:02:36
668	24	5	21:02:36
644	24	5	21:02:36
665	24	5	21:02:36
638	24	5	21:02:36
660	24	5	21:02:36
717	24	5	21:02:36
811	24	5	21:02:36
1061	24	5	21:02:36
924	24	5	21:02:36
870	24	5	21:02:36
824	24	5	21:02:36
811	24	5	21:02:36
819	24	5	21:02:36
738	24	5	21:02:36
671	24	5	21:02:36
657	24	5	21:02:36
633	24	5	21:02:36
649	24	5	21:02:36
687	24	5	21:02:36
940	24	5	21:02:36
1061	24	5	21:02:36
981	24	5	21:02:36
916	24	5	21:02:36
881	24	5	21:02:36
849	24	5	21:02:36
816	24	5	21:02:36
733	24	5	21:02:36
695	24	5	21:02:36
638	24	5	21:02:36
620	24	5	21:02:36
663	24	5	21:02:36
655	24	5	21:02:36
840	24	5	21:02:36
1121	24	5	21:02:36
999	24	5	21:02:36
927	24	5	21:02:36
913	24	5	21:02:36
824	24	5	21:02:36
779	24	5	21:02:36
711	24	5	21:02:36
655	24	5	21:02:36
663	24	5	21:02:36
622	24	5	21:02:36
638	24	5	21:02:36
695	24	5	21:02:36
781	24	5	21:02:36
1177	24	5	21:02:36
1024	24	5	21:02:36
981	24	5	21:02:36
894	24	5	21:02:36
840	24	5	21:02:36
789	24	5	21:02:36
743	24	5	21:02:36
684	24	5	21:02:36
628	24	5	21:02:36
636	24	5	21:02:36
622	24	5	21:02:36
622	24	5	21:02:36
706	24	5	21:02:36
1148	24	5	21:02:36
1005	24	5	21:02:36
927	24	5	21:02:36
884	24	5	21:02:36
770	24	5	21:02:36
738	24	5	21:02:36
719	24	5	21:02:36
700	24	5	21:02:36
649	24	5	21:02:36
622	24	5	21:02:36
646	24	5	21:02:36
636	24	5	21:02:36
708	24	5	21:02:36
792	24	5	21:02:36
1129	24	5	21:02:36
1013	24	5	21:02:36
935	24	5	21:02:36
884	24	5	21:02:36
808	24	5	21:02:36
762	24	5	21:02:36
727	24	5	21:02:36
695	24	5	21:02:36
625	24	5	21:02:36
630	24	5	21:02:36
633	24	5	21:02:36
628	24	5	21:02:36
692	24	5	21:02:36
738	24	5	21:02:36
1137	24	5	21:02:36
981	24	5	21:02:36
916	24	5	21:02:36
870	24	5	21:02:36
832	24	5	21:02:36
814	24	5	21:02:36
727	24	5	21:02:36
687	24	5	21:02:36
633	24	5	21:02:36
636	24	5	21:02:36
636	24	5	21:02:36
633	24	5	21:02:36
708	24	5	21:02:36
1105	24	5	21:02:36
989	24	5	21:02:36
902	24	5	21:02:36
843	24	5	21:02:36
800	24	5	21:02:36
784	24	5	21:02:36
706	24	5	21:02:36
676	24	5	21:02:36
630	24	5	21:02:36
633	24	5	21:02:36
617	24	5	21:02:36
603	24	5	21:02:36
663	24	5	21:02:36
706	24	5	21:02:36
932	24	5	21:02:36
924	24	5	21:02:36
916	24	5	21:02:36
870	24	5	21:02:36
824	24	5	21:02:36
811	24	5	21:02:36
770	24	5	21:02:36
719	24	5	21:02:36
687	24	5	21:02:36
649	24	5	21:02:36
622	24	5	21:02:36
638	24	5	21:02:36
641	24	5	21:02:36
673	24	5	21:02:36
789	24	5	21:02:36
1021	24	5	21:02:36
921	24	5	21:02:36
830	24	5	21:02:36
811	24	5	21:02:36
797	24	5	21:02:36
768	24	5	21:02:36
719	24	5	21:02:36
663	24	5	21:02:36
614	24	5	21:02:36
641	24	5	21:02:36
649	24	5	21:02:36
676	24	5	21:02:36
892	24	5	21:02:36
1075	24	5	21:02:36
1008	24	5	21:02:36
937	24	5	21:02:36
870	24	5	21:02:36
819	24	5	21:02:36
746	24	5	21:02:36
700	24	5	21:02:36
679	24	5	21:02:36
652	24	5	21:02:36
636	24	5	21:02:36
660	24	5	21:02:36
638	24	5	21:02:36
665	24	5	21:02:36
822	24	5	21:02:36
1064	24	5	21:02:36
981	24	5	21:02:36
900	24	5	21:02:36
881	24	5	21:02:36
808	24	5	21:02:36
741	24	5	21:02:36
743	24	5	21:02:36
692	24	5	21:02:36
655	24	5	21:02:36
625	24	5	21:02:36
655	24	5	21:02:36
641	24	5	21:02:36
714	24	5	21:02:36
784	24	5	21:02:36
1175	24	5	21:02:36
1040	24	5	21:02:36
975	24	5	21:02:36
924	24	5	21:02:36
865	24	5	21:02:36
824	24	5	21:02:36
725	24	5	21:02:36
657	24	5	21:02:36
652	24	5	21:02:36
633	24	5	21:02:36
671	24	5	21:02:36
727	24	5	21:02:36
822	24	5	21:02:36
1121	24	5	21:02:36
1064	24	5	21:02:36
1016	24	5	21:02:36
959	24	5	21:02:36
854	24	5	21:02:36
808	24	5	21:02:36
695	24	5	21:02:36
687	24	5	21:02:36
641	24	5	21:02:36
636	24	5	21:02:36
665	24	5	21:02:36
655	24	5	21:02:36
700	24	5	21:02:36
878	24	5	21:02:36
1034	24	5	21:02:36
967	24	5	21:02:36
892	24	5	21:02:36
832	24	5	21:02:36
797	24	5	21:02:36
765	24	5	21:02:36
719	24	5	21:02:36
679	24	5	21:02:36
655	24	5	21:02:36
660	24	5	21:02:36
641	24	5	21:02:36
665	24	5	21:02:36
792	24	5	21:02:36
1048	24	5	21:02:36
981	24	5	21:02:36
956	24	5	21:02:36
867	24	5	21:02:36
824	24	5	21:02:36
789	24	5	21:02:36
749	24	5	21:02:36
698	24	5	21:02:36
646	24	5	21:02:36
644	24	5	21:02:36
671	24	5	21:02:36
684	24	5	21:02:36
714	24	5	21:02:36
824	24	5	21:02:36
1061	24	5	21:02:36
1013	24	5	21:02:36
905	24	5	21:02:36
832	24	5	21:02:36
749	24	5	21:02:36
735	24	5	21:02:36
681	24	5	21:02:36
679	24	5	21:02:36
636	24	5	21:02:36
620	24	5	21:02:36
663	24	5	21:02:36
679	24	5	21:02:36
711	24	5	21:02:36
1121	24	5	21:02:36
1010	24	5	21:02:36
919	24	5	21:02:36
822	24	5	21:02:36
752	24	5	21:02:36
690	24	5	21:02:36
673	24	5	21:02:36
684	24	5	21:02:36
595	24	5	21:02:36
620	24	5	21:02:36
614	24	5	21:02:36
611	24	5	21:02:36
671	24	5	21:02:36
768	24	5	21:02:36
1121	24	5	21:02:36
986	24	5	21:02:36
935	24	5	21:02:36
870	24	5	21:02:36
840	24	5	21:02:36
792	24	5	21:02:36
733	24	5	21:02:36
673	24	5	21:02:36
638	24	5	21:02:36
649	24	5	21:02:36
628	24	5	21:02:36
625	24	5	21:02:36
673	24	5	21:02:36
730	24	5	21:02:36
1043	24	5	21:02:36
911	24	5	21:02:36
873	24	5	21:02:36
808	24	5	21:02:36
803	24	5	21:02:36
787	24	5	21:02:36
754	24	5	21:02:36
657	24	5	21:02:36
660	24	5	21:02:36
625	24	5	21:02:36
622	24	5	21:02:36
622	24	5	21:02:36
620	24	5	21:02:36
665	24	5	21:02:36
873	24	5	21:02:36
919	24	5	21:02:36
870	24	5	21:02:36
779	24	5	21:02:36
773	24	5	21:02:36
765	24	5	21:02:36
779	24	5	21:02:36
695	24	5	21:02:36
660	24	5	21:02:36
673	24	5	21:02:36
638	24	5	21:02:36
622	24	5	21:02:36
657	24	5	21:02:36
655	24	5	21:02:36
690	24	5	21:02:36
897	24	5	21:02:36
881	24	5	21:02:36
808	24	5	21:02:36
757	24	5	21:02:36
781	24	5	21:02:36
795	24	5	21:02:36
779	24	5	21:02:36
684	24	5	21:02:36
663	24	5	21:02:36
681	24	5	21:02:36
633	24	5	21:02:36
644	24	5	21:02:36
673	24	5	21:02:36
641	24	5	21:02:36
706	24	5	21:02:36
830	24	5	21:02:36
846	24	5	21:02:36
757	24	5	21:02:36
770	24	5	21:02:36
760	24	5	21:02:36
792	24	5	21:02:36
754	24	5	21:02:36
684	24	5	21:02:36
690	24	5	21:02:36
638	24	5	21:02:36
628	24	5	21:02:36
655	24	5	21:02:36
676	24	5	21:02:36
700	24	5	21:02:36
989	24	5	21:02:36
959	24	5	21:02:36
854	24	5	21:02:36
819	24	5	21:02:36
781	24	5	21:02:36
719	24	5	21:02:36
717	24	5	21:02:36
676	24	5	21:02:36
657	24	5	21:02:36
630	24	5	21:02:36
646	24	5	21:02:36
625	24	5	21:02:36
671	24	5	21:02:36
708	24	5	21:02:36
814	24	5	21:02:36
948	24	5	21:02:36
878	24	5	21:02:36
830	24	5	21:02:36
800	24	5	21:02:36
784	24	5	21:02:36
760	24	5	21:02:36
695	24	5	21:02:36
681	24	5	21:02:36
646	24	5	21:02:36
622	24	5	21:02:36
652	24	5	21:02:36
641	24	5	21:02:36
657	24	5	21:02:36
725	24	5	21:02:36
835	24	5	21:02:36
854	24	5	21:02:36
819	24	5	21:02:36
787	24	5	21:02:36
781	24	5	21:02:36
743	24	5	21:02:36
727	24	5	21:02:36
684	24	5	21:02:36
673	24	5	21:02:36
644	24	5	21:02:36
620	24	5	21:02:36
644	24	5	21:02:36
630	24	5	21:02:36
673	24	5	21:02:36
700	24	5	21:02:36
757	24	5	21:02:36
787	24	5	21:02:36
811	24	5	21:02:36
822	24	5	21:02:36
768	24	5	21:02:36
752	24	5	21:02:36
730	24	5	21:02:36
717	24	5	21:02:36
649	24	5	21:02:36
622	24	5	21:02:36
649	24	5	21:02:36
625	24	5	21:02:36
633	24	5	21:02:36
649	24	5	21:02:36
681	24	5	21:02:36
784	24	5	21:02:36
851	24	5	21:02:36
803	24	5	21:02:36
746	24	5	21:02:36
727	24	5	21:02:36
735	24	5	21:02:36
719	24	5	21:02:36
690	24	5	21:02:36
655	24	5	21:02:36
652	24	5	21:02:36
611	24	5	21:02:36
633	24	5	21:02:36
625	24	5	21:02:36
636	24	5	21:02:36
708	24	5	21:02:36
859	24	5	21:02:36
773	24	5	21:02:36
730	24	5	21:02:36
708	24	5	21:02:36
684	24	5	21:02:36
684	24	5	21:02:36
663	24	5	21:02:36
703	24	5	21:02:36
657	24	5	21:02:36
609	24	5	21:02:36
660	24	5	21:02:36
628	24	5	21:02:36
644	24	5	21:02:36
673	24	5	21:02:36
873	24	5	21:02:36
986	24	5	21:02:36
908	24	5	21:02:36
816	24	5	21:02:36
773	24	5	21:02:36
741	24	5	21:02:36
711	24	5	21:02:36
722	24	5	21:02:36
700	24	5	21:02:36
641	24	5	21:02:36
628	24	5	21:02:36
646	24	5	21:02:36
614	24	5	21:02:36
649	24	5	21:02:36
665	24	5	21:02:36
722	24	5	21:02:36
935	24	5	21:02:36
964	24	5	21:02:36
854	24	5	21:02:36
867	24	5	21:02:36
805	24	5	21:02:36
779	24	5	21:02:36
722	24	5	21:02:36
681	24	5	21:02:36
655	24	5	21:02:36
636	24	5	21:02:36
652	24	5	21:02:36
638	24	5	21:02:36
655	24	5	21:02:36
722	24	5	21:02:36
808	24	5	21:02:36
1064	24	5	21:02:36
967	24	5	21:02:36
867	24	5	21:02:36
757	24	5	21:02:36
749	24	5	21:02:36
768	24	5	21:02:36
676	24	5	21:02:36
644	24	5	21:02:36
660	24	5	21:02:36
633	24	5	21:02:36
628	24	5	21:02:36
660	24	5	21:02:36
687	24	5	21:02:36
832	24	5	21:02:36
989	24	5	21:02:36
900	24	5	21:02:36
851	24	5	21:02:36
846	24	5	21:02:36
792	24	5	21:02:36
733	24	5	21:02:36
663	24	5	21:02:36
660	24	5	21:02:36
622	24	5	21:02:36
625	24	5	21:02:36
663	24	5	21:02:36
641	24	5	21:02:36
700	24	5	21:02:36
1083	24	5	21:02:36
964	24	5	21:02:36
954	24	5	21:02:36
932	24	5	21:02:36
859	24	5	21:02:36
824	24	5	21:02:36
784	24	5	21:02:36
665	24	5	21:02:36
663	24	5	21:02:36
628	24	5	21:02:36
630	24	5	21:02:36
668	24	5	21:02:36
649	24	5	21:02:36
708	24	5	21:02:36
1053	24	5	21:02:36
951	24	5	21:02:36
886	24	5	21:02:36
857	24	5	21:02:36
827	24	5	21:02:36
819	24	5	21:02:36
746	24	5	21:02:36
684	24	5	21:02:36
638	24	5	21:02:36
611	24	5	21:02:36
655	24	5	21:02:36
660	24	5	21:02:36
741	24	5	21:02:36
1040	24	5	21:02:36
954	24	5	21:02:36
911	24	5	21:02:36
902	24	5	21:02:36
816	24	5	21:02:36
779	24	5	21:02:36
722	24	5	21:02:36
684	24	5	21:02:36
684	24	5	21:02:36
625	24	5	21:02:36
660	24	5	21:02:36
630	24	5	21:02:36
633	24	5	21:02:36
679	24	5	21:02:36
741	24	5	21:02:36
1048	24	5	21:02:36
927	24	5	21:02:36
884	24	5	21:02:36
816	24	5	21:02:36
695	24	5	21:02:36
717	24	5	21:02:36
652	24	5	21:02:36
630	24	5	21:02:36
649	24	5	21:02:36
620	24	5	21:02:36
657	24	5	21:02:36
655	24	5	21:02:36
690	24	5	21:02:36
714	24	5	21:02:36
1091	24	5	21:02:36
946	24	5	21:02:36
913	24	5	21:02:36
870	24	5	21:02:36
854	24	5	21:02:36
835	24	5	21:02:36
741	24	5	21:02:36
681	24	5	21:02:36
692	24	5	21:02:36
611	24	5	21:02:36
614	24	5	21:02:36
622	24	5	21:02:36
644	24	5	21:02:36
770	24	5	21:02:36
1040	24	5	21:02:36
937	24	5	21:02:36
908	24	5	21:02:36
781	24	5	21:02:36
733	24	5	21:02:36
727	24	5	21:02:36
700	24	5	21:02:36
644	24	5	21:02:36
628	24	5	21:02:36
652	24	5	21:02:36
628	24	5	21:02:36
671	24	5	21:02:36
735	24	5	21:02:36
1099	24	5	21:02:36
1002	24	5	21:02:36
948	24	5	21:02:36
902	24	5	21:02:36
851	24	5	21:02:36
803	24	5	21:02:36
749	24	5	21:02:36
714	24	5	21:02:36
657	24	5	21:02:36
636	24	5	21:02:36
625	24	5	21:02:36
630	24	5	21:02:36
687	24	5	21:02:36
1204	24	5	21:02:36
1002	24	5	21:02:36
905	24	5	21:02:36
822	24	5	21:02:36
711	24	5	21:02:36
644	24	5	21:02:36
684	24	5	21:02:36
714	24	5	21:02:36
633	24	5	21:02:36
625	24	5	21:02:36
646	24	5	21:02:36
628	24	5	21:02:36
665	24	5	21:02:36
692	24	5	21:02:36
706	24	5	21:02:36
822	24	5	21:02:36
832	24	5	21:02:36
835	24	5	21:02:36
816	24	5	21:02:36
814	24	5	21:02:36
749	24	5	21:02:36
760	24	5	21:02:36
676	24	5	21:02:36
641	24	5	21:02:36
646	24	5	21:02:36
628	24	5	21:02:36
611	24	5	21:02:36
671	24	5	21:02:36
706	24	5	21:02:36
784	24	5	21:02:36
1051	24	5	21:02:36
919	24	5	21:02:36
878	24	5	21:02:36
854	24	5	21:02:36
835	24	5	21:02:36
795	24	5	21:02:36
706	24	5	21:02:36
657	24	5	21:02:36
676	24	5	21:02:36
622	24	5	21:02:36
628	24	5	21:02:36
660	24	5	21:02:36
644	24	5	21:02:36
743	24	5	21:02:36
1083	24	5	21:02:36
997	24	5	21:02:36
940	24	5	21:02:36
911	24	5	21:02:36
851	24	5	21:02:36
814	24	5	21:02:36
698	24	5	21:02:36
649	24	5	21:02:36
665	24	5	21:02:36
630	24	5	21:02:36
671	24	5	21:02:36
711	24	5	21:02:36
919	24	5	21:02:36
986	24	5	21:02:36
986	24	5	21:02:36
929	24	5	21:02:36
851	24	5	21:02:36
754	24	5	21:02:36
768	24	5	21:02:36
717	24	5	21:02:36
649	24	5	21:02:36
657	24	5	21:02:36
625	24	5	21:02:36
620	24	5	21:02:36
679	24	5	21:02:36
703	24	5	21:02:36
1115	24	5	21:02:36
975	24	5	21:02:36
924	24	5	21:02:36
905	24	5	21:02:36
854	24	5	21:02:36
867	24	5	21:02:36
795	24	5	21:02:36
668	24	5	21:02:36
638	24	5	21:02:36
673	24	5	21:02:36
671	24	5	21:02:36
641	24	5	21:02:36
676	24	5	21:02:36
671	24	5	21:02:36
711	24	5	21:02:36
770	24	5	21:02:36
789	24	5	21:02:36
757	24	5	21:02:36
706	24	5	21:02:36
700	24	5	21:02:36
719	24	5	21:02:36
687	24	5	21:02:36
668	24	5	21:02:36
673	24	5	21:02:36
646	24	5	21:02:36
625	24	5	21:02:36
679	24	5	21:02:36
671	24	5	21:02:36
714	24	5	21:02:36
1142	24	5	21:02:36
1034	24	5	21:02:36
946	24	5	21:02:36
867	24	5	21:02:36
824	24	5	21:02:36
706	24	5	21:02:36
646	24	5	21:02:36
628	24	5	21:02:36
614	24	5	21:02:36
603	24	5	21:02:36
646	24	5	21:02:36
711	24	5	21:26:06
1075	24	5	21:26:06
1043	24	5	21:26:06
876	24	5	21:26:06
784	24	5	21:26:06
717	24	5	21:26:06
733	24	5	21:26:06
698	24	5	21:26:06
660	24	5	21:26:06
660	24	5	21:26:06
638	24	5	21:26:06
625	24	5	21:26:06
652	24	5	21:26:06
620	24	5	21:26:06
633	24	5	21:26:06
692	24	5	21:26:06
735	24	5	21:26:06
792	24	5	21:26:06
752	24	5	21:26:06
735	24	5	21:26:06
706	24	5	21:26:06
711	24	5	21:26:06
711	24	5	21:26:06
663	24	5	21:26:06
641	24	5	21:26:06
652	24	5	21:26:06
625	24	5	21:26:06
620	24	5	21:26:06
655	24	5	21:26:06
633	24	5	21:26:06
644	24	5	21:26:06
733	24	5	21:26:06
835	24	5	21:26:06
797	24	5	21:26:06
738	24	5	21:26:06
765	24	5	21:26:06
738	24	5	21:26:06
708	24	5	21:26:06
708	24	5	21:26:06
695	24	5	21:26:06
641	24	5	21:26:06
636	24	5	21:26:06
638	24	5	21:26:06
625	24	5	21:26:06
644	24	5	21:26:06
660	24	5	21:26:06
711	24	5	21:26:06
908	24	5	21:26:06
876	24	5	21:26:06
776	24	5	21:26:06
762	24	5	21:26:06
746	24	5	21:26:06
719	24	5	21:26:06
743	24	5	21:26:06
671	24	5	21:26:06
644	24	5	21:26:06
657	24	5	21:26:06
641	24	5	21:26:06
625	24	5	21:26:06
657	24	5	21:26:06
644	24	5	21:26:06
719	24	5	21:26:06
865	24	5	21:26:06
846	24	5	21:26:06
814	24	5	21:26:06
765	24	5	21:26:06
765	24	5	21:26:06
781	24	5	21:26:06
695	24	5	21:26:06
646	24	5	21:26:06
644	24	5	21:26:06
657	24	5	21:26:06
606	24	5	21:26:06
646	24	5	21:26:06
644	24	5	21:26:06
690	24	5	21:26:06
1016	24	5	21:26:06
927	24	5	21:26:06
867	24	5	21:26:06
819	24	5	21:26:06
827	24	5	21:26:06
787	24	5	21:26:06
776	24	5	21:26:06
684	24	5	21:26:06
644	24	5	21:26:06
625	24	5	21:26:06
646	24	5	21:26:06
636	24	5	21:26:06
655	24	5	21:26:06
703	24	5	21:26:06
768	24	5	21:26:06
927	24	5	21:26:06
913	24	5	21:26:06
800	24	5	21:26:06
776	24	5	21:26:06
757	24	5	21:26:06
698	24	5	21:26:06
655	24	5	21:26:06
668	24	5	21:26:06
620	24	5	21:26:06
628	24	5	21:26:06
646	24	5	21:26:06
665	24	5	21:26:06
727	24	5	21:26:06
927	24	5	21:26:06
943	24	5	21:26:06
846	24	5	21:26:06
792	24	5	21:26:06
760	24	5	21:26:06
703	24	5	21:26:06
722	24	5	21:26:06
663	24	5	21:26:06
638	24	5	21:26:06
652	24	5	21:26:06
617	24	5	21:26:06
644	24	5	21:26:06
646	24	5	21:26:06
679	24	5	21:26:06
714	24	5	21:26:06
932	24	5	21:26:06
905	24	5	21:26:06
824	24	5	21:26:06
749	24	5	21:26:06
722	24	5	21:26:06
717	24	5	21:26:06
684	24	5	21:26:06
641	24	5	21:26:06
657	24	5	21:26:06
611	24	5	21:26:06
606	24	5	21:26:06
649	24	5	21:26:06
622	24	5	21:26:06
665	24	5	21:26:06
681	24	5	21:26:06
1018	24	5	21:26:06
859	24	5	21:26:06
811	24	5	21:26:06
779	24	5	21:26:06
770	24	5	21:26:06
719	24	5	21:26:06
655	24	5	21:26:06
655	24	5	21:26:06
636	24	5	21:26:06
611	24	5	21:26:06
638	24	5	21:26:06
633	24	5	21:26:06
641	24	5	21:26:06
700	24	5	21:26:06
765	24	5	21:26:06
768	24	5	21:26:06
719	24	5	21:26:06
741	24	5	21:26:06
684	24	5	21:26:06
660	24	5	21:26:06
668	24	5	21:26:06
636	24	5	21:26:06
606	24	5	21:26:06
638	24	5	21:26:06
617	24	5	21:26:06
628	24	5	21:26:06
622	24	5	21:26:06
633	24	5	21:26:06
684	24	5	21:26:06
727	24	5	21:26:06
1010	24	5	21:26:06
897	24	5	21:26:06
851	24	5	21:26:06
814	24	5	21:26:06
781	24	5	21:26:06
741	24	5	21:26:06
655	24	5	21:26:06
636	24	5	21:26:06
657	24	5	21:26:06
628	24	5	21:26:06
636	24	5	21:26:06
622	24	5	21:26:06
641	24	5	21:26:06
692	24	5	21:26:06
948	24	5	21:26:06
924	24	5	21:26:06
738	24	5	21:26:06
684	24	5	21:26:06
679	24	5	21:26:06
676	24	5	21:26:06
681	24	5	21:26:06
690	24	5	21:26:06
655	24	5	21:26:06
630	24	5	21:26:06
638	24	5	21:26:06
630	24	5	21:26:06
625	24	5	21:26:06
679	24	5	21:26:06
706	24	5	21:26:06
894	24	5	21:26:06
835	24	5	21:26:06
760	24	5	21:26:06
757	24	5	21:26:06
722	24	5	21:26:06
673	24	5	21:26:06
706	24	5	21:26:06
660	24	5	21:26:06
633	24	5	21:26:06
652	24	5	21:26:06
622	24	5	21:26:06
628	24	5	21:26:06
676	24	5	21:26:06
652	24	5	21:26:06
676	24	5	21:26:06
816	24	5	21:26:06
811	24	5	21:26:06
814	24	5	21:26:06
779	24	5	21:26:06
743	24	5	21:26:06
746	24	5	21:26:06
719	24	5	21:26:06
676	24	5	21:26:06
681	24	5	21:26:06
652	24	5	21:26:06
633	24	5	21:26:06
655	24	5	21:26:06
636	24	5	21:26:06
638	24	5	21:26:06
687	24	5	21:26:06
743	24	5	21:26:06
741	24	5	21:26:06
752	24	5	21:26:06
754	24	5	21:26:06
730	24	5	21:26:06
722	24	5	21:26:06
743	24	5	21:26:06
679	24	5	21:26:06
646	24	5	21:26:06
660	24	5	21:26:06
636	24	5	21:26:06
630	24	5	21:26:06
652	24	5	21:26:06
646	24	5	21:26:06
663	24	5	21:26:06
789	24	5	21:26:06
824	24	5	21:26:06
800	24	5	21:26:06
752	24	5	21:26:06
735	24	5	21:26:06
733	24	5	21:26:06
717	24	5	21:26:06
649	24	5	21:26:06
660	24	5	21:26:06
636	24	5	21:26:06
625	24	5	21:26:06
652	24	5	21:26:06
630	24	5	21:26:06
633	24	5	21:26:06
679	24	5	21:26:06
779	24	5	21:26:06
878	24	5	21:26:06
738	24	5	21:26:06
743	24	5	21:26:06
725	24	5	21:26:06
690	24	5	21:26:06
711	24	5	21:26:06
665	24	5	21:26:06
638	24	5	21:26:06
649	24	5	21:26:06
636	24	5	21:26:06
617	24	5	21:26:06
655	24	5	21:26:06
641	24	5	21:26:06
663	24	5	21:26:06
805	24	5	21:26:06
795	24	5	21:26:06
776	24	5	21:26:06
730	24	5	21:26:06
717	24	5	21:26:06
695	24	5	21:26:06
695	24	5	21:26:06
644	24	5	21:26:06
657	24	5	21:26:06
606	24	5	21:26:06
628	24	5	21:26:06
606	24	5	21:26:06
617	24	5	21:26:06
665	24	5	21:26:06
690	24	5	21:26:06
700	24	5	21:26:06
835	24	5	21:26:06
789	24	5	21:26:06
787	24	5	21:26:06
762	24	5	21:26:06
765	24	5	21:26:06
730	24	5	21:26:06
706	24	5	21:26:06
655	24	5	21:26:06
660	24	5	21:26:06
633	24	5	21:26:06
617	24	5	21:26:06
628	24	5	21:26:06
622	24	5	21:26:06
598	24	5	21:26:06
684	24	5	21:26:06
946	24	5	21:26:06
849	24	5	21:26:06
800	24	5	21:26:06
735	24	5	21:26:06
692	24	5	21:26:06
644	24	5	21:26:06
630	24	5	21:26:06
652	24	5	21:26:06
617	24	5	21:26:06
638	24	5	21:26:06
620	24	5	21:26:06
617	24	5	21:26:06
663	24	5	21:26:06
660	24	5	21:26:06
719	24	5	21:26:06
873	24	5	21:26:06
840	24	5	21:26:06
760	24	5	21:26:06
741	24	5	21:26:06
711	24	5	21:26:06
706	24	5	21:26:06
690	24	5	21:26:06
641	24	5	21:26:06
660	24	5	21:26:06
649	24	5	21:26:06
622	24	5	21:26:06
665	24	5	21:26:06
638	24	5	21:26:06
657	24	5	21:26:06
741	24	5	21:26:06
760	24	5	21:26:06
760	24	5	21:26:06
706	24	5	21:26:06
727	24	5	21:26:06
706	24	5	21:26:06
717	24	5	21:26:06
749	24	5	21:26:06
687	24	5	21:26:06
649	24	5	21:26:06
660	24	5	21:26:06
644	24	5	21:26:06
633	24	5	21:26:06
646	24	5	21:26:06
655	24	5	21:26:06
714	24	5	21:26:06
803	24	5	21:26:06
784	24	5	21:26:06
765	24	5	21:26:06
749	24	5	21:26:06
743	24	5	21:26:06
727	24	5	21:26:06
717	24	5	21:26:06
657	24	5	21:26:06
660	24	5	21:26:06
638	24	5	21:26:06
625	24	5	21:26:06
660	24	5	21:26:06
663	24	5	21:26:06
655	24	5	21:26:06
714	24	5	21:26:06
830	24	5	21:26:06
832	24	5	21:26:06
814	24	5	21:26:06
760	24	5	21:26:06
752	24	5	21:26:06
735	24	5	21:26:06
673	24	5	21:26:06
673	24	5	21:26:06
638	24	5	21:26:06
620	24	5	21:26:06
641	24	5	21:26:06
622	24	5	21:26:06
614	24	5	21:26:06
660	24	5	21:26:06
700	24	5	21:26:06
900	24	5	21:26:06
830	24	5	21:26:06
811	24	5	21:26:06
789	24	5	21:26:06
752	24	5	21:26:06
727	24	5	21:26:06
676	24	5	21:26:06
660	24	5	21:26:06
633	24	5	21:26:06
644	24	5	21:26:06
609	24	5	21:26:06
606	24	5	21:26:06
668	24	5	21:26:06
676	24	5	21:26:06
776	24	5	21:26:06
905	24	5	21:26:06
824	24	5	21:26:06
805	24	5	21:26:06
762	24	5	21:26:06
749	24	5	21:26:06
773	24	5	21:26:06
700	24	5	21:26:06
657	24	5	21:26:06
649	24	5	21:26:06
644	24	5	21:26:06
614	24	5	21:26:06
636	24	5	21:26:06
644	24	5	21:26:06
684	24	5	21:26:06
946	24	5	21:26:06
797	24	5	21:26:06
735	24	5	21:26:06
706	24	5	21:26:06
692	24	5	21:26:06
711	24	5	21:26:06
706	24	5	21:26:06
673	24	5	21:26:06
665	24	5	21:26:06
622	24	5	21:26:06
630	24	5	21:26:06
641	24	5	21:26:06
646	24	5	21:26:06
700	24	5	21:26:06
797	24	5	21:26:06
1040	24	5	21:26:06
973	24	5	21:26:06
854	24	5	21:26:06
768	24	5	21:26:06
717	24	5	21:26:06
717	24	5	21:26:06
671	24	5	21:26:06
641	24	5	21:26:06
641	24	5	21:26:06
617	24	5	21:26:06
620	24	5	21:26:06
671	24	5	21:26:06
776	24	5	21:26:06
1086	24	5	21:26:06
1002	24	5	21:26:06
889	24	5	21:26:06
746	24	5	21:26:06
681	24	5	21:26:06
684	24	5	21:26:06
620	24	5	21:26:06
649	24	5	21:26:06
628	24	5	21:26:06
617	24	5	21:26:06
633	24	5	21:26:06
606	24	5	21:26:06
609	24	5	21:26:06
655	24	5	21:26:06
660	24	5	21:26:06
690	24	5	21:26:06
814	24	5	21:26:06
803	24	5	21:26:06
743	24	5	21:26:06
708	24	5	21:26:06
727	24	5	21:26:06
698	24	5	21:26:06
695	24	5	21:26:06
679	24	5	21:26:06
638	24	5	21:26:06
614	24	5	21:26:06
638	24	5	21:26:06
611	24	5	21:26:06
617	24	5	21:26:06
657	24	5	21:26:06
681	24	5	21:26:06
832	24	5	21:26:06
849	24	5	21:26:06
884	24	5	21:26:06
824	24	5	21:26:06
787	24	5	21:26:06
746	24	5	21:26:06
743	24	5	21:26:06
692	24	5	21:26:06
655	24	5	21:26:06
628	24	5	21:26:06
652	24	5	21:26:06
611	24	5	21:26:06
644	24	5	21:26:06
679	24	5	21:26:06
779	24	5	21:26:06
851	24	5	21:26:06
805	24	5	21:26:06
805	24	5	21:26:06
760	24	5	21:26:06
741	24	5	21:26:06
738	24	5	21:26:06
727	24	5	21:26:06
673	24	5	21:26:06
652	24	5	21:26:06
655	24	5	21:26:06
617	24	5	21:26:06
622	24	5	21:26:06
671	24	5	21:26:06
646	24	5	21:26:06
708	24	5	21:26:06
824	24	5	21:26:06
808	24	5	21:26:06
760	24	5	21:26:06
754	24	5	21:26:06
735	24	5	21:26:06
700	24	5	21:26:06
679	24	5	21:26:06
657	24	5	21:26:06
620	24	5	21:26:06
606	24	5	21:26:06
625	24	5	21:26:06
609	24	5	21:26:06
628	24	5	21:26:06
698	24	5	21:26:06
865	24	5	21:26:06
846	24	5	21:26:06
824	24	5	21:26:06
803	24	5	21:26:06
776	24	5	21:26:06
730	24	5	21:26:06
649	24	5	21:26:06
657	24	5	21:26:06
614	24	5	21:26:06
601	24	5	21:26:06
625	24	5	21:26:06
584	24	5	21:26:06
622	24	5	21:26:06
636	24	5	21:26:06
655	24	5	21:26:06
735	24	5	21:26:06
862	24	5	21:26:06
832	24	5	21:26:06
752	24	5	21:26:06
727	24	5	21:26:06
708	24	5	21:26:06
679	24	5	21:26:06
679	24	5	21:26:06
657	24	5	21:26:06
620	24	5	21:26:06
598	24	5	21:26:06
622	24	5	21:26:06
598	24	5	21:26:06
638	24	5	21:26:06
646	24	5	21:26:06
692	24	5	21:26:06
986	24	5	21:26:06
832	24	5	21:26:06
792	24	5	21:26:06
773	24	5	21:26:06
738	24	5	21:26:06
692	24	5	21:26:06
700	24	5	21:26:06
641	24	5	21:26:06
625	24	5	21:26:06
646	24	5	21:26:06
622	24	5	21:26:06
638	24	5	21:26:06
641	24	5	21:26:06
655	24	5	21:26:06
719	24	5	21:26:06
797	24	5	21:26:06
803	24	5	21:26:06
757	24	5	21:26:06
760	24	5	21:26:06
800	24	5	21:26:06
749	24	5	21:26:06
727	24	5	21:26:06
663	24	5	21:26:06
676	24	5	21:26:06
628	24	5	21:26:06
628	24	5	21:26:06
652	24	5	21:26:06
630	24	5	21:26:06
663	24	5	21:26:06
673	24	5	21:26:06
722	24	5	21:26:06
727	24	5	21:26:06
749	24	5	21:26:06
727	24	5	21:26:06
698	24	5	21:26:06
687	24	5	21:26:06
655	24	5	21:26:06
628	24	5	21:26:06
636	24	5	21:26:06
622	24	5	21:26:06
606	24	5	21:26:06
652	24	5	21:26:06
622	24	5	21:26:06
646	24	5	21:26:06
703	24	5	21:26:06
727	24	5	21:26:06
792	24	5	21:26:06
819	24	5	21:26:06
854	24	5	21:26:06
838	24	5	21:26:06
781	24	5	21:26:06
784	24	5	21:26:06
711	24	5	21:26:06
684	24	5	21:26:06
655	24	5	21:26:06
646	24	5	21:26:06
636	24	5	21:26:06
641	24	5	21:26:06
671	24	5	21:26:06
700	24	5	21:26:06
827	24	5	21:26:06
859	24	5	21:26:06
800	24	5	21:26:06
776	24	5	21:26:06
738	24	5	21:26:06
741	24	5	21:26:06
765	24	5	21:26:06
714	24	5	21:26:06
652	24	5	21:26:06
641	24	5	21:26:06
668	24	5	21:26:06
638	24	5	21:26:06
649	24	5	21:26:06
706	24	5	21:26:06
733	24	5	21:26:06
781	24	5	21:26:06
784	24	5	21:26:06
776	24	5	21:26:06
743	24	5	21:26:06
700	24	5	21:26:06
714	24	5	21:26:06
703	24	5	21:26:06
644	24	5	21:26:06
641	24	5	21:26:06
652	24	5	21:26:06
622	24	5	21:26:06
665	24	5	21:26:06
700	24	5	21:26:06
876	24	5	21:26:06
1016	24	5	21:26:06
929	24	5	21:26:06
873	24	5	21:26:06
862	24	5	21:26:06
824	24	5	21:26:06
787	24	5	21:26:06
749	24	5	21:26:06
671	24	5	21:26:06
665	24	5	21:26:06
649	24	5	21:26:06
638	24	5	21:26:06
665	24	5	21:26:06
665	24	5	21:26:06
692	24	5	21:26:06
881	24	5	21:26:06
900	24	5	21:26:06
862	24	5	21:26:06
805	24	5	21:26:06
768	24	5	21:26:06
760	24	5	21:26:06
768	24	5	21:26:06
684	24	5	21:26:06
652	24	5	21:26:06
652	24	5	21:26:06
641	24	5	21:26:06
628	24	5	21:26:06
671	24	5	21:26:06
700	24	5	21:26:06
787	24	5	21:26:06
983	24	5	21:26:06
889	24	5	21:26:06
789	24	5	21:26:06
784	24	5	21:26:06
733	24	5	21:26:06
741	24	5	21:26:06
698	24	5	21:26:06
665	24	5	21:26:06
644	24	5	21:26:06
657	24	5	21:26:06
644	24	5	21:26:06
668	24	5	21:26:06
708	24	5	21:26:06
735	24	5	21:26:06
1029	24	5	21:26:06
897	24	5	21:26:06
840	24	5	21:26:06
824	24	5	21:26:06
784	24	5	21:26:06
795	24	5	21:26:06
687	24	5	21:26:06
641	24	5	21:26:06
646	24	5	21:26:06
630	24	5	21:26:06
628	24	5	21:26:06
703	24	5	21:26:06
800	24	5	21:26:06
1051	24	5	21:26:06
973	24	5	21:26:06
932	24	5	21:26:06
878	24	5	21:26:06
854	24	5	21:26:06
776	24	5	21:26:06
768	24	5	21:26:06
679	24	5	21:26:06
636	24	5	21:26:06
638	24	5	21:26:06
606	24	5	21:26:06
622	24	5	21:26:06
681	24	5	21:26:06
698	24	5	21:26:06
873	24	5	21:26:06
1005	24	5	21:26:06
967	24	5	21:26:06
892	24	5	21:26:06
814	24	5	21:26:06
762	24	5	21:26:06
727	24	5	21:26:06
649	24	5	21:26:06
652	24	5	21:26:06
603	24	5	21:26:06
633	24	5	21:26:06
660	24	5	21:26:06
727	24	5	21:26:06
1145	24	5	21:26:06
978	24	5	21:26:06
911	24	5	21:26:06
773	24	5	21:26:06
725	24	5	21:26:06
698	24	5	21:26:06
687	24	5	21:26:06
679	24	5	21:26:06
644	24	5	21:26:06
622	24	5	21:26:06
641	24	5	21:26:06
622	24	5	21:26:06
663	24	5	21:26:06
700	24	5	21:26:06
787	24	5	21:26:06
1083	24	5	21:26:06
967	24	5	21:26:06
878	24	5	21:26:06
843	24	5	21:26:06
781	24	5	21:26:06
746	24	5	21:26:06
681	24	5	21:26:06
644	24	5	21:26:06
638	24	5	21:26:06
622	24	5	21:26:06
633	24	5	21:26:06
679	24	5	21:26:06
746	24	5	21:26:06
1142	24	5	21:26:06
981	24	5	21:26:06
900	24	5	21:26:06
902	24	5	21:26:06
822	24	5	21:26:06
795	24	5	21:26:06
814	24	5	21:26:06
706	24	5	21:26:06
638	24	5	21:26:06
638	24	5	21:26:06
628	24	5	21:26:06
622	24	5	21:26:06
660	24	5	21:26:06
708	24	5	21:26:06
1037	24	5	21:26:06
946	24	5	21:26:06
916	24	5	21:26:06
894	24	5	21:26:06
846	24	5	21:26:06
840	24	5	21:26:06
738	24	5	21:26:06
657	24	5	21:26:06
628	24	5	21:26:06
638	24	5	21:26:06
614	24	5	21:26:06
649	24	5	21:26:06
671	24	5	21:26:06
878	24	5	21:26:06
956	24	5	21:26:06
873	24	5	21:26:06
862	24	5	21:26:06
859	24	5	21:26:06
830	24	5	21:26:06
822	24	5	21:26:06
722	24	5	21:26:06
649	24	5	21:26:06
646	24	5	21:26:06
620	24	5	21:26:06
622	24	5	21:26:06
617	24	5	21:26:06
660	24	5	21:26:06
773	24	5	21:26:06
1008	24	5	21:26:06
921	24	5	21:26:06
889	24	5	21:26:06
830	24	5	21:26:06
805	24	5	21:26:06
789	24	5	21:26:06
692	24	5	21:26:06
638	24	5	21:26:06
609	24	5	21:26:06
636	24	5	21:26:06
617	24	5	21:26:06
628	24	5	21:26:06
698	24	5	21:26:06
779	24	5	21:26:06
1045	24	5	21:26:06
948	24	5	21:26:06
873	24	5	21:26:06
865	24	5	21:26:06
840	24	5	21:26:06
819	24	5	21:26:06
725	24	5	21:26:06
638	24	5	21:26:06
638	24	5	21:26:06
633	24	5	21:26:06
614	24	5	21:26:06
655	24	5	21:26:06
676	24	5	21:26:06
738	24	5	21:26:06
1043	24	5	21:26:06
946	24	5	21:26:06
881	24	5	21:26:06
870	24	5	21:26:06
722	24	5	21:26:06
641	24	5	21:26:06
630	24	5	21:26:06
617	24	5	21:26:06
598	24	5	21:26:06
620	24	5	21:26:06
625	24	5	21:26:06
663	24	5	21:26:06
757	24	5	21:26:06
1061	24	5	21:26:06
981	24	5	21:26:06
946	24	5	21:26:06
900	24	5	21:26:06
862	24	5	21:26:06
816	24	5	21:26:06
805	24	5	21:26:06
741	24	5	21:26:06
655	24	5	21:26:06
622	24	5	21:26:06
638	24	5	21:26:06
633	24	5	21:26:06
679	24	5	21:26:06
1096	24	5	21:26:06
999	24	5	21:26:06
964	24	5	21:26:06
959	24	5	21:26:06
889	24	5	21:26:06
870	24	5	21:26:06
814	24	5	21:26:06
706	24	5	21:26:06
638	24	5	21:26:06
649	24	5	21:26:06
622	24	5	21:26:06
630	24	5	21:26:06
687	24	5	21:26:06
703	24	5	21:26:06
1048	24	5	21:26:06
940	24	5	21:26:06
878	24	5	21:26:06
819	24	5	21:26:06
776	24	5	21:26:06
749	24	5	21:26:06
727	24	5	21:26:06
652	24	5	21:26:06
665	24	5	21:26:06
628	24	5	21:26:06
633	24	5	21:26:06
644	24	5	21:26:06
692	24	5	21:26:06
811	24	5	21:26:06
1051	24	5	21:26:06
975	24	5	21:26:06
894	24	5	21:26:06
876	24	5	21:26:06
846	24	5	21:26:06
770	24	5	21:26:06
690	24	5	21:26:06
671	24	5	21:26:06
646	24	5	21:26:06
625	24	5	21:26:06
646	24	5	21:26:06
638	24	5	21:26:06
668	24	5	21:26:06
730	24	5	21:26:06
1048	24	5	21:26:06
951	24	5	21:26:06
867	24	5	21:26:06
881	24	5	21:26:06
830	24	5	21:26:06
789	24	5	21:26:06
776	24	5	21:26:06
655	24	5	21:26:06
628	24	5	21:26:06
630	24	5	21:26:06
622	24	5	21:26:06
628	24	5	21:26:06
687	24	5	21:26:06
792	24	5	21:26:06
1037	24	5	21:26:06
1005	24	5	21:26:06
962	24	5	21:26:06
902	24	5	21:26:06
797	24	5	21:26:06
719	24	5	21:26:06
698	24	5	21:26:06
641	24	5	21:26:06
622	24	5	21:26:06
646	24	5	21:26:06
638	24	5	21:26:06
698	24	5	21:26:06
741	24	5	21:26:06
1078	24	5	21:26:06
997	24	5	21:26:06
937	24	5	21:26:06
735	24	5	21:26:06
706	24	5	21:26:06
711	24	5	21:26:06
733	24	5	21:26:06
646	24	5	21:26:06
657	24	5	21:26:06
644	24	5	21:26:06
620	24	5	21:26:06
671	24	5	21:26:06
673	24	5	21:26:06
690	24	5	21:26:06
757	24	5	21:26:06
1051	24	5	21:26:06
1029	24	5	21:26:06
911	24	5	21:26:06
819	24	5	21:26:06
792	24	5	21:26:06
779	24	5	21:26:06
698	24	5	21:26:06
681	24	5	21:26:06
649	24	5	21:26:06
657	24	5	21:26:06
695	24	5	21:26:06
681	24	5	21:26:06
738	24	5	21:26:06
1070	24	5	21:26:06
924	24	5	21:26:06
862	24	5	21:26:06
843	24	5	21:26:06
800	24	5	21:26:06
779	24	5	21:26:06
733	24	5	21:26:06
684	24	5	21:26:06
641	24	5	21:26:06
609	24	5	21:26:06
630	24	5	21:26:06
611	24	5	21:26:06
660	24	5	21:26:06
805	24	5	21:26:06
902	24	5	21:26:06
840	24	5	21:26:06
768	24	5	21:26:06
743	24	5	21:26:06
746	24	5	21:26:06
692	24	5	21:26:06
695	24	5	21:26:06
676	24	5	21:26:06
652	24	5	21:26:06
606	24	5	21:26:06
646	24	5	21:26:06
603	24	5	21:26:06
633	24	5	21:26:06
668	24	5	21:26:06
644	24	5	21:26:06
717	24	5	21:26:06
773	24	5	21:26:06
776	24	5	21:26:06
779	24	5	21:26:06
754	24	5	21:26:06
770	24	5	21:26:06
741	24	5	21:26:06
679	24	5	21:26:06
668	24	5	21:26:06
646	24	5	21:26:06
633	24	5	21:26:06
671	24	5	21:26:06
668	24	5	21:26:06
676	24	5	21:26:06
711	24	5	21:26:06
797	24	5	21:26:06
822	24	5	21:26:06
787	24	5	21:26:06
770	24	5	21:26:06
757	24	5	21:26:06
714	24	5	21:26:06
703	24	5	21:26:06
665	24	5	21:26:06
671	24	5	21:26:06
622	24	5	21:26:06
638	24	5	21:26:06
630	24	5	21:26:06
620	24	5	21:26:06
665	24	5	21:26:06
652	24	5	21:26:06
857	24	5	21:26:06
905	24	5	21:26:06
797	24	5	21:26:06
752	24	5	21:26:06
679	24	5	21:26:06
641	24	5	21:26:06
695	24	5	21:26:06
657	24	5	21:26:06
622	24	5	21:26:06
630	24	5	21:26:06
620	24	5	21:26:06
649	24	5	21:26:06
684	24	5	21:26:06
892	24	5	21:26:06
1053	24	5	21:26:06
959	24	5	21:26:06
827	24	5	21:26:06
768	24	5	21:26:06
733	24	5	21:26:06
708	24	5	21:26:06
714	24	5	21:26:06
668	24	5	21:26:06
652	24	5	21:26:06
614	24	5	21:26:06
628	24	5	21:26:06
617	24	5	21:26:06
644	24	5	21:26:06
735	24	5	21:26:06
916	24	5	21:26:06
989	24	5	21:26:06
894	24	5	21:26:06
878	24	5	21:26:06
830	24	5	21:26:06
779	24	5	21:26:06
757	24	5	21:26:06
673	24	5	21:26:06
663	24	5	21:26:06
660	24	5	21:26:06
628	24	5	21:26:06
638	24	5	21:26:06
679	24	5	21:26:06
706	24	5	21:26:06
822	24	5	21:26:06
948	24	5	21:26:06
857	24	5	21:26:06
792	24	5	21:26:06
760	24	5	21:26:06
719	24	5	21:26:06
708	24	5	21:26:06
738	24	5	21:26:06
657	24	5	21:26:06
641	24	5	21:26:06
652	24	5	21:26:06
628	24	5	21:26:06
636	24	5	21:26:06
692	24	5	21:26:06
706	24	5	21:26:06
1053	24	5	21:26:06
943	24	5	21:26:06
867	24	5	21:26:06
873	24	5	21:26:06
822	24	5	21:26:06
784	24	5	21:26:06
787	24	5	21:26:06
665	24	5	21:26:06
660	24	5	21:26:06
630	24	5	21:26:06
622	24	5	21:26:06
646	24	5	21:26:06
655	24	5	21:26:06
700	24	5	21:26:06
1043	24	5	21:26:06
929	24	5	21:26:06
894	24	5	21:26:06
851	24	5	21:26:06
803	24	5	21:26:06
770	24	5	21:26:06
741	24	5	21:26:06
690	24	5	21:26:06
646	24	5	21:26:06
625	24	5	21:26:06
652	24	5	21:26:06
657	24	5	21:26:06
684	24	5	21:26:06
846	24	5	21:26:06
986	24	5	21:26:06
889	24	5	21:26:06
851	24	5	21:26:06
803	24	5	21:26:06
722	24	5	21:26:06
741	24	5	21:26:06
700	24	5	21:26:06
652	24	5	21:26:06
655	24	5	21:26:06
625	24	5	21:26:06
620	24	5	21:26:06
644	24	5	21:26:06
657	24	5	21:26:06
746	24	5	21:26:06
1059	24	5	21:26:06
935	24	5	21:26:06
867	24	5	21:26:06
846	24	5	21:26:06
803	24	5	21:26:06
717	24	5	21:26:06
695	24	5	21:26:06
673	24	5	21:26:06
630	24	5	21:26:06
609	24	5	21:26:06
638	24	5	21:26:06
617	24	5	21:26:06
708	24	5	21:26:06
986	24	5	21:26:06
991	24	5	21:26:06
897	24	5	21:26:06
865	24	5	21:26:06
822	24	5	21:26:06
824	24	5	21:26:06
781	24	5	21:26:06
749	24	5	21:26:06
655	24	5	21:26:06
633	24	5	21:26:06
636	24	5	21:26:06
622	24	5	21:26:06
681	24	5	21:26:06
859	24	5	21:26:06
1029	24	5	21:26:06
951	24	5	21:26:06
873	24	5	21:26:06
840	24	5	21:26:06
781	24	5	21:26:06
730	24	5	21:26:06
743	24	5	21:26:06
687	24	5	21:26:06
646	24	5	21:26:06
641	24	5	21:26:06
609	24	5	21:26:06
620	24	5	21:26:06
681	24	5	21:26:06
743	24	5	21:26:06
789	24	5	21:26:06
792	24	5	21:26:06
805	24	5	21:26:06
698	24	5	21:26:06
722	24	5	21:26:06
665	24	5	21:26:06
690	24	5	21:26:06
646	24	5	21:26:06
633	24	5	21:26:06
638	24	5	21:26:06
595	24	5	21:26:06
622	24	5	21:26:06
606	24	5	21:26:06
622	24	5	21:26:06
700	24	5	21:26:06
776	24	5	21:26:06
1056	24	5	21:26:06
894	24	5	21:26:06
859	24	5	21:26:06
754	24	5	21:26:06
719	24	5	21:26:06
717	24	5	21:26:06
717	24	5	21:26:06
690	24	5	21:26:06
630	24	5	21:26:06
620	24	5	21:26:06
628	24	5	21:26:06
622	24	5	21:26:06
655	24	5	21:26:06
706	24	5	21:26:06
733	24	5	21:26:06
854	24	5	21:26:06
814	24	5	21:26:06
811	24	5	21:26:06
770	24	5	21:26:06
741	24	5	21:26:06
749	24	5	21:26:06
735	24	5	21:26:06
676	24	5	21:26:06
641	24	5	21:26:06
646	24	5	21:26:06
622	24	5	21:26:06
620	24	5	21:26:06
638	24	5	21:26:06
668	24	5	21:26:06
735	24	5	21:26:06
808	24	5	21:26:06
773	24	5	21:26:06
765	24	5	21:26:06
733	24	5	21:26:06
725	24	5	21:26:06
735	24	5	21:26:06
762	24	5	21:26:06
673	24	5	21:26:06
673	24	5	21:26:06
638	24	5	21:26:06
630	24	5	21:26:06
665	24	5	21:26:06
703	24	5	21:26:06
741	24	5	21:26:06
1021	24	5	21:26:06
886	24	5	21:26:06
838	24	5	21:26:06
816	24	5	21:26:06
789	24	5	21:26:06
749	24	5	21:26:06
727	24	5	21:26:06
695	24	5	21:26:06
646	24	5	21:26:06
628	24	5	21:26:06
652	24	5	21:26:06
614	24	5	21:26:06
652	24	5	21:26:06
676	24	5	21:26:06
970	24	5	21:26:06
943	24	5	21:26:06
867	24	5	21:26:06
819	24	5	21:26:06
781	24	5	21:26:06
741	24	5	21:26:06
733	24	5	21:26:06
690	24	5	21:26:06
663	24	5	21:26:06
625	24	5	21:26:06
606	24	5	21:26:06
625	24	5	21:26:06
609	24	5	21:26:06
652	24	5	21:26:06
727	24	5	21:26:06
989	24	5	21:26:06
911	24	5	21:26:06
830	24	5	21:26:06
816	24	5	21:26:06
781	24	5	21:26:06
719	24	5	21:26:06
700	24	5	21:26:06
652	24	5	21:26:06
655	24	5	21:26:06
611	24	5	21:26:06
630	24	5	21:26:06
622	24	5	21:26:06
628	24	5	21:26:06
660	24	5	21:26:06
630	24	5	21:26:06
776	24	5	21:26:06
830	24	5	21:26:06
797	24	5	21:26:06
765	24	5	21:26:06
725	24	5	21:26:06
700	24	5	21:26:06
687	24	5	21:26:06
628	24	5	21:26:06
603	24	5	21:26:06
628	24	5	21:26:06
595	24	5	21:26:06
622	24	5	21:26:06
625	24	5	21:26:06
663	24	5	21:26:06
811	24	5	21:26:06
805	24	5	21:26:06
808	24	5	21:26:06
792	24	5	21:26:06
787	24	5	21:26:06
768	24	5	21:26:06
722	24	5	21:26:06
733	24	5	21:26:06
657	24	5	21:26:06
663	24	5	21:26:06
622	24	5	21:26:06
628	24	5	21:26:06
636	24	5	21:26:06
660	24	5	21:26:06
719	24	5	21:26:06
776	24	5	21:26:06
935	24	5	21:26:06
921	24	5	21:26:06
835	24	5	21:26:06
727	24	5	21:26:06
717	24	5	21:26:06
727	24	5	21:26:06
671	24	5	21:26:06
657	24	5	21:26:06
630	24	5	21:26:06
611	24	5	21:26:06
633	24	5	21:26:06
638	24	5	21:26:06
655	24	5	21:26:06
700	24	5	21:26:06
805	24	5	21:26:06
894	24	5	21:26:06
878	24	5	21:26:06
757	24	5	21:26:06
708	24	5	21:26:06
660	24	5	21:26:06
652	24	5	21:26:06
563	24	5	21:46:08
560	24	5	21:46:08
595	24	5	21:46:08
760	24	5	21:46:08
937	24	5	21:46:08
830	24	5	21:46:08
824	24	5	21:46:08
811	24	5	21:46:08
779	24	5	21:46:08
684	24	5	21:46:08
668	24	5	21:46:08
630	24	5	21:46:08
614	24	5	21:46:08
625	24	5	21:46:08
628	24	5	21:46:08
636	24	5	21:46:08
727	24	5	21:46:08
1053	24	5	21:46:08
843	24	5	21:46:08
800	24	5	21:46:08
762	24	5	21:46:08
725	24	5	21:46:08
727	24	5	21:46:08
673	24	5	21:46:08
603	24	5	21:46:08
620	24	5	21:46:08
584	24	5	21:46:08
598	24	5	21:46:08
603	24	5	21:46:08
614	24	5	21:46:08
644	24	5	21:46:08
784	24	5	21:46:08
1037	24	5	21:46:08
822	24	5	21:46:08
805	24	5	21:46:08
787	24	5	21:46:08
797	24	5	21:46:08
738	24	5	21:46:08
717	24	5	21:46:08
655	24	5	21:46:08
611	24	5	21:46:08
593	24	5	21:46:08
620	24	5	21:46:08
606	24	5	21:46:08
646	24	5	21:46:08
733	24	5	21:46:08
1086	24	5	21:46:08
991	24	5	21:46:08
902	24	5	21:46:08
846	24	5	21:46:08
768	24	5	21:46:08
730	24	5	21:46:08
646	24	5	21:46:08
638	24	5	21:46:08
598	24	5	21:46:08
584	24	5	21:46:08
587	24	5	21:46:08
646	24	5	21:46:08
698	24	5	21:46:08
1102	24	5	21:46:08
1091	24	5	21:46:08
1029	24	5	21:46:08
951	24	5	21:46:08
870	24	5	21:46:08
832	24	5	21:46:08
757	24	5	21:46:08
692	24	5	21:46:08
617	24	5	21:46:08
601	24	5	21:46:08
636	24	5	21:46:08
652	24	5	21:46:08
711	24	5	21:46:08
781	24	5	21:46:08
1118	24	5	21:46:08
1008	24	5	21:46:08
946	24	5	21:46:08
865	24	5	21:46:08
849	24	5	21:46:08
789	24	5	21:46:08
706	24	5	21:46:08
671	24	5	21:46:08
622	24	5	21:46:08
622	24	5	21:46:08
652	24	5	21:46:08
652	24	5	21:46:08
706	24	5	21:46:08
768	24	5	21:46:08
1137	24	5	21:46:08
999	24	5	21:46:08
894	24	5	21:46:08
851	24	5	21:46:08
797	24	5	21:46:08
776	24	5	21:46:08
700	24	5	21:46:08
652	24	5	21:46:08
611	24	5	21:46:08
633	24	5	21:46:08
668	24	5	21:46:08
727	24	5	21:46:08
1056	24	5	21:46:08
1043	24	5	21:46:08
1002	24	5	21:46:08
946	24	5	21:46:08
911	24	5	21:46:08
849	24	5	21:46:08
781	24	5	21:46:08
692	24	5	21:46:08
636	24	5	21:46:08
641	24	5	21:46:08
633	24	5	21:46:08
655	24	5	21:46:08
749	24	5	21:46:08
730	24	5	21:46:08
1126	24	5	21:46:08
1045	24	5	21:46:08
999	24	5	21:46:08
911	24	5	21:46:08
840	24	5	21:46:08
784	24	5	21:46:08
719	24	5	21:46:08
673	24	5	21:46:08
646	24	5	21:46:08
646	24	5	21:46:08
684	24	5	21:46:08
722	24	5	21:46:08
784	24	5	21:46:08
1132	24	5	21:46:08
1021	24	5	21:46:08
919	24	5	21:46:08
873	24	5	21:46:08
827	24	5	21:46:08
808	24	5	21:46:08
743	24	5	21:46:08
676	24	5	21:46:08
657	24	5	21:46:08
628	24	5	21:46:08
655	24	5	21:46:08
698	24	5	21:46:08
727	24	5	21:46:08
1091	24	5	21:46:08
1018	24	5	21:46:08
946	24	5	21:46:08
897	24	5	21:46:08
824	24	5	21:46:08
779	24	5	21:46:08
733	24	5	21:46:08
646	24	5	21:46:08
614	24	5	21:46:08
625	24	5	21:46:08
630	24	5	21:46:08
676	24	5	21:46:08
784	24	5	21:46:08
1091	24	5	21:46:08
991	24	5	21:46:08
946	24	5	21:46:08
851	24	5	21:46:08
800	24	5	21:46:08
819	24	5	21:46:08
787	24	5	21:46:08
730	24	5	21:46:08
649	24	5	21:46:08
625	24	5	21:46:08
641	24	5	21:46:08
652	24	5	21:46:08
679	24	5	21:46:08
921	24	5	21:46:08
1083	24	5	21:46:08
1016	24	5	21:46:08
970	24	5	21:46:08
919	24	5	21:46:08
878	24	5	21:46:08
797	24	5	21:46:08
722	24	5	21:46:08
630	24	5	21:46:08
657	24	5	21:46:08
606	24	5	21:46:08
652	24	5	21:46:08
717	24	5	21:46:08
1005	24	5	21:46:08
986	24	5	21:46:08
940	24	5	21:46:08
902	24	5	21:46:08
867	24	5	21:46:08
824	24	5	21:46:08
822	24	5	21:46:08
752	24	5	21:46:08
692	24	5	21:46:08
633	24	5	21:46:08
644	24	5	21:46:08
628	24	5	21:46:08
671	24	5	21:46:08
706	24	5	21:46:08
822	24	5	21:46:08
1048	24	5	21:46:08
967	24	5	21:46:08
927	24	5	21:46:08
814	24	5	21:46:08
749	24	5	21:46:08
768	24	5	21:46:08
620	24	5	21:46:08
611	24	5	21:46:08
620	24	5	21:46:08
609	24	5	21:46:08
641	24	5	21:46:08
711	24	5	21:46:08
730	24	5	21:46:08
840	24	5	21:46:08
1043	24	5	21:46:08
927	24	5	21:46:08
884	24	5	21:46:08
824	24	5	21:46:08
789	24	5	21:46:08
757	24	5	21:46:08
700	24	5	21:46:08
657	24	5	21:46:08
630	24	5	21:46:08
633	24	5	21:46:08
692	24	5	21:46:08
746	24	5	21:46:08
738	24	5	21:46:08
1083	24	5	21:46:08
954	24	5	21:46:08
894	24	5	21:46:08
849	24	5	21:46:08
835	24	5	21:46:08
805	24	5	21:46:08
743	24	5	21:46:08
665	24	5	21:46:08
663	24	5	21:46:08
625	24	5	21:46:08
641	24	5	21:46:08
681	24	5	21:46:08
708	24	5	21:46:08
714	24	5	21:46:08
1075	24	5	21:46:08
978	24	5	21:46:08
911	24	5	21:46:08
873	24	5	21:46:08
827	24	5	21:46:08
730	24	5	21:46:08
636	24	5	21:46:08
646	24	5	21:46:08
630	24	5	21:46:08
630	24	5	21:46:08
671	24	5	21:46:08
695	24	5	21:46:08
738	24	5	21:46:08
1123	24	5	21:46:08
1013	24	5	21:46:08
962	24	5	21:46:08
911	24	5	21:46:08
814	24	5	21:46:08
819	24	5	21:46:08
730	24	5	21:46:08
655	24	5	21:46:08
646	24	5	21:46:08
644	24	5	21:46:08
668	24	5	21:46:08
727	24	5	21:46:08
851	24	5	21:46:08
797	24	5	21:46:08
1070	24	5	21:46:08
975	24	5	21:46:08
924	24	5	21:46:08
859	24	5	21:46:08
811	24	5	21:46:08
765	24	5	21:46:08
738	24	5	21:46:08
649	24	5	21:46:08
641	24	5	21:46:08
663	24	5	21:46:08
668	24	5	21:46:08
714	24	5	21:46:08
768	24	5	21:46:08
1037	24	5	21:46:08
927	24	5	21:46:08
843	24	5	21:46:08
789	24	5	21:46:08
792	24	5	21:46:08
752	24	5	21:46:08
711	24	5	21:46:08
617	24	5	21:46:08
657	24	5	21:46:08
636	24	5	21:46:08
644	24	5	21:46:08
579	24	5	21:46:08
743	24	5	21:46:08
1032	24	5	21:46:08
962	24	5	21:46:08
951	24	5	21:46:08
921	24	5	21:46:08
867	24	5	21:46:08
849	24	5	21:46:08
770	24	5	21:46:08
719	24	5	21:46:08
646	24	5	21:46:08
622	24	5	21:46:08
644	24	5	21:46:08
636	24	5	21:46:08
722	24	5	21:46:08
776	24	5	21:46:08
1048	24	5	21:46:08
913	24	5	21:46:08
851	24	5	21:46:08
792	24	5	21:46:08
768	24	5	21:46:08
692	24	5	21:46:08
695	24	5	21:46:08
641	24	5	21:46:08
641	24	5	21:46:08
625	24	5	21:46:08
652	24	5	21:46:08
679	24	5	21:46:08
727	24	5	21:46:08
752	24	5	21:46:08
1061	24	5	21:46:08
951	24	5	21:46:08
908	24	5	21:46:08
811	24	5	21:46:08
803	24	5	21:46:08
779	24	5	21:46:08
700	24	5	21:46:08
636	24	5	21:46:08
655	24	5	21:46:08
620	24	5	21:46:08
655	24	5	21:46:08
687	24	5	21:46:08
692	24	5	21:46:08
725	24	5	21:46:08
1032	24	5	21:46:08
881	24	5	21:46:08
824	24	5	21:46:08
800	24	5	21:46:08
760	24	5	21:46:08
730	24	5	21:46:08
700	24	5	21:46:08
641	24	5	21:46:08
633	24	5	21:46:08
638	24	5	21:46:08
611	24	5	21:46:08
652	24	5	21:46:08
695	24	5	21:46:08
714	24	5	21:46:08
1032	24	5	21:46:08
911	24	5	21:46:08
862	24	5	21:46:08
830	24	5	21:46:08
835	24	5	21:46:08
803	24	5	21:46:08
735	24	5	21:46:08
663	24	5	21:46:08
652	24	5	21:46:08
620	24	5	21:46:08
614	24	5	21:46:08
684	24	5	21:46:08
700	24	5	21:46:08
835	24	5	21:46:08
1013	24	5	21:46:08
849	24	5	21:46:08
838	24	5	21:46:08
781	24	5	21:46:08
765	24	5	21:46:08
722	24	5	21:46:08
700	24	5	21:46:08
638	24	5	21:46:08
628	24	5	21:46:08
646	24	5	21:46:08
641	24	5	21:46:08
676	24	5	21:46:08
757	24	5	21:46:08
762	24	5	21:46:08
1072	24	5	21:46:08
919	24	5	21:46:08
889	24	5	21:46:08
843	24	5	21:46:08
824	24	5	21:46:08
800	24	5	21:46:08
746	24	5	21:46:08
663	24	5	21:46:08
630	24	5	21:46:08
652	24	5	21:46:08
638	24	5	21:46:08
646	24	5	21:46:08
743	24	5	21:46:08
838	24	5	21:46:08
1029	24	5	21:46:08
905	24	5	21:46:08
862	24	5	21:46:08
830	24	5	21:46:08
814	24	5	21:46:08
816	24	5	21:46:08
727	24	5	21:46:08
652	24	5	21:46:08
652	24	5	21:46:08
644	24	5	21:46:08
665	24	5	21:46:08
781	24	5	21:46:08
832	24	5	21:46:08
1078	24	5	21:46:08
948	24	5	21:46:08
892	24	5	21:46:08
830	24	5	21:46:08
784	24	5	21:46:08
752	24	5	21:46:08
730	24	5	21:46:08
703	24	5	21:46:08
633	24	5	21:46:08
641	24	5	21:46:08
630	24	5	21:46:08
649	24	5	21:46:08
717	24	5	21:46:08
1010	24	5	21:46:08
981	24	5	21:46:08
978	24	5	21:46:08
911	24	5	21:46:08
792	24	5	21:46:08
698	24	5	21:46:08
671	24	5	21:46:08
630	24	5	21:46:08
603	24	5	21:46:08
641	24	5	21:46:08
606	24	5	21:46:08
622	24	5	21:46:08
668	24	5	21:46:08
738	24	5	21:46:08
1043	24	5	21:46:08
964	24	5	21:46:08
956	24	5	21:46:08
870	24	5	21:46:08
830	24	5	21:46:08
822	24	5	21:46:08
760	24	5	21:46:08
665	24	5	21:46:08
649	24	5	21:46:08
657	24	5	21:46:08
620	24	5	21:46:08
644	24	5	21:46:08
668	24	5	21:46:08
749	24	5	21:46:08
865	24	5	21:46:08
878	24	5	21:46:08
781	24	5	21:46:08
760	24	5	21:46:08
684	24	5	21:46:08
679	24	5	21:46:08
711	24	5	21:46:08
663	24	5	21:46:08
614	24	5	21:46:08
633	24	5	21:46:08
601	24	5	21:46:08
625	24	5	21:46:08
628	24	5	21:46:08
655	24	5	21:46:08
765	24	5	21:46:08
854	24	5	21:46:08
962	24	5	21:46:08
924	24	5	21:46:08
814	24	5	21:46:08
746	24	5	21:46:08
690	24	5	21:46:08
671	24	5	21:46:08
611	24	5	21:46:08
628	24	5	21:46:08
606	24	5	21:46:08
614	24	5	21:46:08
668	24	5	21:46:08
676	24	5	21:46:08
714	24	5	21:46:08
792	24	5	21:46:08
1008	24	5	21:46:08
999	24	5	21:46:08
919	24	5	21:46:08
884	24	5	21:46:08
770	24	5	21:46:08
690	24	5	21:46:08
665	24	5	21:46:08
628	24	5	21:46:08
617	24	5	21:46:08
625	24	5	21:46:08
595	24	5	21:46:08
760	24	5	21:46:08
1247	24	5	21:46:08
1105	24	5	21:46:08
999	24	5	21:46:08
940	24	5	21:46:08
814	24	5	21:46:08
733	24	5	21:46:08
671	24	5	21:46:08
630	24	5	21:46:08
638	24	5	21:46:08
625	24	5	21:46:08
601	24	5	21:46:08
638	24	5	21:46:08
630	24	5	21:46:08
663	24	5	21:46:08
711	24	5	21:46:08
711	24	5	21:46:08
770	24	5	21:46:08
760	24	5	21:46:08
722	24	5	21:46:08
679	24	5	21:46:08
779	24	5	21:46:08
547	24	5	21:46:08
673	24	5	21:46:08
574	24	5	21:46:08
655	24	5	21:46:08
595	24	5	21:46:08
620	24	5	21:46:08
595	24	5	21:46:08
609	24	5	21:46:08
655	24	5	21:46:08
646	24	5	21:46:08
684	24	5	21:46:08
760	24	5	21:46:08
735	24	5	21:46:08
703	24	5	21:46:08
698	24	5	21:46:08
698	24	5	21:46:08
663	24	5	21:46:08
681	24	5	21:46:08
681	24	5	21:46:08
625	24	5	21:46:08
644	24	5	21:46:08
641	24	5	21:46:08
633	24	5	21:46:08
671	24	5	21:46:08
681	24	5	21:46:08
711	24	5	21:46:08
800	24	5	21:46:08
784	24	5	21:46:08
741	24	5	21:46:08
692	24	5	21:46:08
698	24	5	21:46:08
722	24	5	21:46:08
700	24	5	21:46:08
668	24	5	21:46:08
663	24	5	21:46:08
638	24	5	21:46:08
630	24	5	21:46:08
649	24	5	21:46:08
625	24	5	21:46:08
649	24	5	21:46:08
657	24	5	21:46:08
754	24	5	21:46:08
730	24	5	21:46:08
749	24	5	21:46:08
722	24	5	21:46:08
700	24	5	21:46:08
706	24	5	21:46:08
735	24	5	21:46:08
676	24	5	21:46:08
649	24	5	21:46:08
660	24	5	21:46:08
628	24	5	21:46:08
611	24	5	21:46:08
652	24	5	21:46:08
628	24	5	21:46:08
681	24	5	21:46:08
752	24	5	21:46:08
792	24	5	21:46:08
832	24	5	21:46:08
795	24	5	21:46:08
733	24	5	21:46:08
717	24	5	21:46:08
663	24	5	21:46:08
668	24	5	21:46:08
649	24	5	21:46:08
609	24	5	21:46:08
636	24	5	21:46:08
633	24	5	21:46:08
630	24	5	21:46:08
695	24	5	21:46:08
717	24	5	21:46:08
838	24	5	21:46:08
819	24	5	21:46:08
846	24	5	21:46:08
867	24	5	21:46:08
797	24	5	21:46:08
743	24	5	21:46:08
746	24	5	21:46:08
738	24	5	21:46:08
660	24	5	21:46:08
636	24	5	21:46:08
628	24	5	21:46:08
617	24	5	21:46:08
620	24	5	21:46:08
665	24	5	21:46:08
679	24	5	21:46:08
795	24	5	21:46:08
822	24	5	21:46:08
803	24	5	21:46:08
733	24	5	21:46:08
690	24	5	21:46:08
681	24	5	21:46:08
719	24	5	21:46:08
668	24	5	21:46:08
641	24	5	21:46:08
663	24	5	21:46:08
620	24	5	21:46:08
625	24	5	21:46:08
646	24	5	21:46:08
652	24	5	21:46:08
665	24	5	21:46:08
671	24	5	21:46:08
738	24	5	21:46:08
711	24	5	21:46:08
668	24	5	21:46:08
646	24	5	21:46:08
655	24	5	21:46:08
641	24	5	21:46:08
665	24	5	21:46:08
657	24	5	21:46:08
636	24	5	21:46:08
568	24	5	21:46:08
681	24	5	21:46:08
609	24	5	21:46:08
620	24	5	21:46:08
625	24	5	21:46:08
582	24	5	21:46:08
679	24	5	21:46:08
617	24	5	21:46:08
679	24	5	21:46:08
711	24	5	21:46:08
684	24	5	21:46:08
665	24	5	21:46:08
652	24	5	21:46:08
622	24	5	21:46:08
644	24	5	21:46:08
657	24	5	21:46:08
611	24	5	21:46:08
606	24	5	21:46:08
630	24	5	21:46:08
625	24	5	21:46:08
630	24	5	21:46:08
673	24	5	21:46:08
703	24	5	21:46:08
792	24	5	21:46:08
822	24	5	21:46:08
762	24	5	21:46:08
698	24	5	21:46:08
687	24	5	21:46:08
714	24	5	21:46:08
703	24	5	21:46:08
679	24	5	21:46:08
671	24	5	21:46:08
636	24	5	21:46:08
630	24	5	21:46:08
660	24	5	21:46:08
676	24	5	21:46:08
673	24	5	21:46:08
719	24	5	21:46:08
854	24	5	21:46:08
760	24	5	21:46:08
714	24	5	21:46:08
698	24	5	21:46:08
700	24	5	21:46:08
692	24	5	21:46:08
711	24	5	21:46:08
681	24	5	21:46:08
646	24	5	21:46:08
628	24	5	21:46:08
657	24	5	21:46:08
681	24	5	21:46:08
571	24	5	21:46:08
1334	24	5	21:46:08
434	24	5	21:46:08
741	24	5	21:46:08
655	24	5	21:46:08
706	24	5	21:46:08
708	24	5	21:46:08
668	24	5	21:46:08
681	24	5	21:46:08
668	24	5	21:46:08
644	24	5	21:46:08
638	24	5	21:46:08
620	24	5	21:46:08
598	24	5	21:46:08
625	24	5	21:46:08
625	24	5	21:46:08
735	24	5	21:46:08
964	24	5	21:46:08
964	24	5	21:46:08
929	24	5	21:46:08
843	24	5	21:46:08
795	24	5	21:46:08
773	24	5	21:46:08
733	24	5	21:46:08
698	24	5	21:46:08
649	24	5	21:46:08
630	24	5	21:46:08
655	24	5	21:46:08
628	24	5	21:46:08
646	24	5	21:46:08
717	24	5	21:46:08
727	24	5	21:46:08
1078	24	5	21:46:08
932	24	5	21:46:08
795	24	5	21:46:08
762	24	5	21:46:08
760	24	5	21:46:08
717	24	5	21:46:08
668	24	5	21:46:08
665	24	5	21:46:08
630	24	5	21:46:08
617	24	5	21:46:08
657	24	5	21:46:08
673	24	5	21:46:08
760	24	5	21:46:08
843	24	5	21:46:08
1008	24	5	21:46:08
948	24	5	21:46:08
867	24	5	21:46:08
819	24	5	21:46:08
797	24	5	21:46:08
776	24	5	21:46:08
741	24	5	21:46:08
690	24	5	21:46:08
641	24	5	21:46:08
633	24	5	21:46:08
644	24	5	21:46:08
644	24	5	21:46:08
681	24	5	21:46:08
738	24	5	21:46:08
1061	24	5	21:46:08
975	24	5	21:46:08
870	24	5	21:46:08
843	24	5	21:46:08
822	24	5	21:46:08
808	24	5	21:46:08
762	24	5	21:46:08
719	24	5	21:46:08
660	24	5	21:46:08
663	24	5	21:46:08
636	24	5	21:46:08
646	24	5	21:46:08
695	24	5	21:46:08
832	24	5	21:46:08
1053	24	5	21:46:08
932	24	5	21:46:08
862	24	5	21:46:08
840	24	5	21:46:08
843	24	5	21:46:08
824	24	5	21:46:08
762	24	5	21:46:08
673	24	5	21:46:08
636	24	5	21:46:08
652	24	5	21:46:08
644	24	5	21:46:08
684	24	5	21:46:08
770	24	5	21:46:08
1096	24	5	21:46:08
1010	24	5	21:46:08
983	24	5	21:46:08
937	24	5	21:46:08
843	24	5	21:46:08
827	24	5	21:46:08
725	24	5	21:46:08
663	24	5	21:46:08
660	24	5	21:46:08
620	24	5	21:46:08
652	24	5	21:46:08
681	24	5	21:46:08
757	24	5	21:46:08
1072	24	5	21:46:08
1037	24	5	21:46:08
994	24	5	21:46:08
940	24	5	21:46:08
865	24	5	21:46:08
811	24	5	21:46:08
749	24	5	21:46:08
665	24	5	21:46:08
636	24	5	21:46:08
663	24	5	21:46:08
649	24	5	21:46:08
676	24	5	21:46:08
743	24	5	21:46:08
862	24	5	21:46:08
1072	24	5	21:46:08
975	24	5	21:46:08
814	24	5	21:46:08
746	24	5	21:46:08
681	24	5	21:46:08
679	24	5	21:46:08
636	24	5	21:46:08
628	24	5	21:46:08
655	24	5	21:46:08
628	24	5	21:46:08
676	24	5	21:46:08
722	24	5	21:46:08
730	24	5	21:46:08
1083	24	5	21:46:08
1037	24	5	21:46:08
1008	24	5	21:46:08
954	24	5	21:46:08
902	24	5	21:46:08
859	24	5	21:46:08
752	24	5	21:46:08
738	24	5	21:46:08
655	24	5	21:46:08
646	24	5	21:46:08
676	24	5	21:46:08
679	24	5	21:46:08
708	24	5	21:46:08
1096	24	5	21:46:08
1016	24	5	21:46:08
967	24	5	21:46:08
902	24	5	21:46:08
865	24	5	21:46:08
819	24	5	21:46:08
714	24	5	21:46:08
671	24	5	21:46:08
652	24	5	21:46:08
620	24	5	21:46:08
620	24	5	21:46:08
673	24	5	21:46:08
776	24	5	21:46:08
1115	24	5	21:46:08
1016	24	5	21:46:08
989	24	5	21:46:08
867	24	5	21:46:08
830	24	5	21:46:08
805	24	5	21:46:08
752	24	5	21:46:08
690	24	5	21:46:08
633	24	5	21:46:08
644	24	5	21:46:08
633	24	5	21:46:08
646	24	5	21:46:08
733	24	5	21:46:08
857	24	5	21:46:08
1094	24	5	21:46:08
989	24	5	21:46:08
878	24	5	21:46:08
827	24	5	21:46:08
811	24	5	21:46:08
762	24	5	21:46:08
687	24	5	21:46:08
636	24	5	21:46:08
622	24	5	21:46:08
636	24	5	21:46:08
641	24	5	21:46:08
673	24	5	21:46:08
757	24	5	21:46:08
1088	24	5	21:46:08
1053	24	5	21:46:08
1021	24	5	21:46:08
881	24	5	21:46:08
862	24	5	21:46:08
822	24	5	21:46:08
741	24	5	21:46:08
679	24	5	21:46:08
668	24	5	21:46:08
638	24	5	21:46:08
644	24	5	21:46:08
652	24	5	21:46:08
708	24	5	21:46:08
994	24	5	21:46:08
1075	24	5	21:46:08
962	24	5	21:46:08
911	24	5	21:46:08
878	24	5	21:46:08
884	24	5	21:46:08
787	24	5	21:46:08
687	24	5	21:46:08
641	24	5	21:46:08
646	24	5	21:46:08
636	24	5	21:46:08
684	24	5	21:46:08
746	24	5	21:46:08
749	24	5	21:46:08
1113	24	5	21:46:08
981	24	5	21:46:08
943	24	5	21:46:08
835	24	5	21:46:08
795	24	5	21:46:08
811	24	5	21:46:08
749	24	5	21:46:08
690	24	5	21:46:08
649	24	5	21:46:08
663	24	5	21:46:08
681	24	5	21:46:08
727	24	5	21:46:08
1118	24	5	21:46:08
999	24	5	21:46:08
991	24	5	21:46:08
948	24	5	21:46:08
846	24	5	21:46:08
803	24	5	21:46:08
792	24	5	21:46:08
706	24	5	21:46:08
649	24	5	21:46:08
657	24	5	21:46:08
630	24	5	21:46:08
641	24	5	21:46:08
722	24	5	21:46:08
805	24	5	21:46:08
1096	24	5	21:46:08
991	24	5	21:46:08
908	24	5	21:46:08
843	24	5	21:46:08
768	24	5	21:46:08
789	24	5	21:46:08
746	24	5	21:46:08
673	24	5	21:46:08
622	24	5	21:46:08
649	24	5	21:46:08
668	24	5	21:46:08
684	24	5	21:46:08
787	24	5	21:46:08
1102	24	5	21:46:08
959	24	5	21:46:08
902	24	5	21:46:08
876	24	5	21:46:08
819	24	5	21:46:08
789	24	5	21:46:08
752	24	5	21:46:08
711	24	5	21:46:08
641	24	5	21:46:08
622	24	5	21:46:08
655	24	5	21:46:08
649	24	5	21:46:08
706	24	5	21:46:08
830	24	5	21:46:08
1088	24	5	21:46:08
940	24	5	21:46:08
865	24	5	21:46:08
846	24	5	21:46:08
811	24	5	21:46:08
784	24	5	21:46:08
738	24	5	21:46:08
684	24	5	21:46:08
630	24	5	21:46:08
633	24	5	21:46:08
644	24	5	21:46:08
679	24	5	21:46:08
819	24	5	21:46:08
1080	24	5	21:46:08
999	24	5	21:46:08
921	24	5	21:46:08
878	24	5	21:46:08
827	24	5	21:46:08
792	24	5	21:46:08
754	24	5	21:46:08
681	24	5	21:46:08
663	24	5	21:46:08
609	24	5	21:46:08
646	24	5	21:46:08
687	24	5	21:46:08
727	24	5	21:46:08
854	24	5	21:46:08
1056	24	5	21:46:08
964	24	5	21:46:08
884	24	5	21:46:08
857	24	5	21:46:08
878	24	5	21:46:08
803	24	5	21:46:08
695	24	5	21:46:08
641	24	5	21:46:08
652	24	5	21:46:08
641	24	5	21:46:08
687	24	5	21:46:08
719	24	5	21:46:08
784	24	5	21:46:08
1110	24	5	21:46:08
1013	24	5	21:46:08
986	24	5	21:46:08
911	24	5	21:46:08
873	24	5	21:46:08
830	24	5	21:46:08
735	24	5	21:46:08
660	24	5	21:46:08
622	24	5	21:46:08
649	24	5	21:46:08
671	24	5	21:46:08
727	24	5	21:46:08
862	24	5	21:46:08
1051	24	5	21:46:08
994	24	5	21:46:08
929	24	5	21:46:08
859	24	5	21:46:08
859	24	5	21:46:08
838	24	5	21:46:08
749	24	5	21:46:08
673	24	5	21:46:08
663	24	5	21:46:08
636	24	5	21:46:08
638	24	5	21:46:08
692	24	5	21:46:08
735	24	5	21:46:08
773	24	5	21:46:08
1099	24	5	21:46:08
1018	24	5	21:46:08
962	24	5	21:46:08
921	24	5	21:46:08
838	24	5	21:46:08
752	24	5	21:46:08
692	24	5	21:46:08
644	24	5	21:46:08
652	24	5	21:46:08
655	24	5	21:46:08
679	24	5	21:46:08
746	24	5	21:46:08
1040	24	5	21:46:08
1059	24	5	21:46:08
1002	24	5	21:46:08
951	24	5	21:46:08
900	24	5	21:46:08
824	24	5	21:46:08
743	24	5	21:46:08
676	24	5	21:46:08
668	24	5	21:46:08
638	24	5	21:46:08
630	24	5	21:46:08
692	24	5	21:46:08
741	24	5	21:46:08
908	24	5	21:46:08
1102	24	5	21:46:08
1008	24	5	21:46:08
946	24	5	21:46:08
867	24	5	21:46:08
835	24	5	21:46:08
752	24	5	21:46:08
690	24	5	21:46:08
630	24	5	21:46:08
641	24	5	21:46:08
652	24	5	21:46:08
660	24	5	21:46:08
735	24	5	21:46:08
1040	24	5	21:46:08
997	24	5	21:46:08
967	24	5	21:46:08
932	24	5	21:46:08
838	24	5	21:46:08
792	24	5	21:46:08
803	24	5	21:46:08
708	24	5	21:46:08
671	24	5	21:46:08
641	24	5	21:46:08
622	24	5	21:46:08
684	24	5	21:46:08
719	24	5	21:46:08
1072	24	5	21:46:08
1002	24	5	21:46:08
956	24	5	21:46:08
867	24	5	21:46:08
846	24	5	21:46:08
851	24	5	21:46:08
811	24	5	21:46:08
717	24	5	21:46:08
663	24	5	21:46:08
663	24	5	21:46:08
625	24	5	21:46:08
638	24	5	21:46:08
703	24	5	21:46:08
735	24	5	21:46:08
1037	24	5	21:46:08
959	24	5	21:46:08
954	24	5	21:46:08
911	24	5	21:46:08
884	24	5	21:46:08
832	24	5	21:46:08
757	24	5	21:46:08
679	24	5	21:46:08
633	24	5	21:46:08
657	24	5	21:46:08
652	24	5	21:46:08
660	24	5	21:46:08
725	24	5	21:46:08
814	24	5	21:46:08
1051	24	5	21:46:08
1029	24	5	21:46:08
940	24	5	21:46:08
867	24	5	21:46:08
816	24	5	21:46:08
725	24	5	21:46:08
690	24	5	21:46:08
638	24	5	21:46:08
630	24	5	21:46:08
660	24	5	21:46:08
665	24	5	21:46:08
762	24	5	21:46:08
1094	24	5	21:46:08
1032	24	5	21:46:08
948	24	5	21:46:08
897	24	5	21:46:08
857	24	5	21:46:08
867	24	5	21:46:08
781	24	5	21:46:08
698	24	5	21:46:08
641	24	5	21:46:08
655	24	5	21:46:08
638	24	5	21:46:08
663	24	5	21:46:08
722	24	5	21:46:08
805	24	5	21:46:08
1067	24	5	21:46:08
1043	24	5	21:46:08
1005	24	5	21:46:08
892	24	5	21:46:08
824	24	5	21:46:08
797	24	5	21:46:08
733	24	5	21:46:08
657	24	5	21:46:08
625	24	5	21:46:08
636	24	5	21:46:08
636	24	5	21:46:08
663	24	5	21:46:08
787	24	5	21:46:08
1083	24	5	21:46:08
997	24	5	21:46:08
962	24	5	21:46:08
908	24	5	21:46:08
878	24	5	21:46:08
832	24	5	21:46:08
741	24	5	21:46:08
698	24	5	21:46:08
676	24	5	21:46:08
652	24	5	21:46:08
517	24	5	21:46:08
760	24	5	21:46:08
668	24	5	21:46:08
859	24	5	21:46:08
1053	24	5	21:46:08
983	24	5	21:46:08
905	24	5	21:46:08
857	24	5	21:46:08
830	24	5	21:46:08
749	24	5	21:46:08
681	24	5	21:46:08
663	24	5	21:46:08
644	24	5	21:46:08
630	24	5	21:46:08
681	24	5	21:46:08
711	24	5	21:46:08
655	24	5	21:46:08
892	24	5	21:46:08
1115	24	5	21:46:08
1075	24	5	21:46:08
1002	24	5	21:46:08
948	24	5	21:46:08
865	24	5	21:46:08
741	24	5	21:46:08
655	24	5	21:46:08
655	24	5	21:46:08
663	24	5	21:46:08
657	24	5	21:46:08
692	24	5	21:46:08
1096	24	5	21:46:08
1029	24	5	21:46:08
994	24	5	21:46:08
927	24	5	21:46:08
908	24	5	21:46:08
859	24	5	21:46:08
792	24	5	21:46:08
700	24	5	21:46:08
649	24	5	21:46:08
652	24	5	21:46:08
644	24	5	21:46:08
681	24	5	21:46:08
1118	24	5	21:46:08
1067	24	5	21:46:08
1002	24	5	21:46:08
932	24	5	21:46:08
865	24	5	21:46:08
873	24	5	21:46:08
878	24	5	21:46:08
765	24	5	21:46:08
690	24	5	21:46:08
644	24	5	21:46:08
660	24	5	21:46:08
636	24	5	21:46:08
673	24	5	21:46:08
735	24	5	21:46:08
1137	24	5	21:46:08
1029	24	5	21:46:08
967	24	5	21:46:08
927	24	5	21:46:08
892	24	5	21:46:08
840	24	5	21:46:08
741	24	5	21:46:08
684	24	5	21:46:08
665	24	5	21:46:08
625	24	5	21:46:08
646	24	5	21:46:08
663	24	5	21:46:08
743	24	5	21:46:08
1123	24	5	21:46:08
1048	24	5	21:46:08
1008	24	5	21:46:08
951	24	5	21:46:08
843	24	5	21:46:08
832	24	5	21:46:08
754	24	5	21:46:08
673	24	5	21:46:08
628	24	5	21:46:08
649	24	5	21:46:08
636	24	5	21:46:08
665	24	5	21:46:08
781	24	5	21:46:08
1123	24	5	21:46:08
1040	24	5	21:46:08
994	24	5	21:46:08
897	24	5	21:46:08
1045	24	5	21:46:08
1274	24	5	21:46:08
652	24	5	21:46:08
725	24	5	21:46:08
657	24	5	21:46:08
617	24	5	21:46:08
649	24	5	21:46:08
630	24	5	21:46:08
676	24	5	21:46:08
808	24	5	21:46:08
1110	24	5	21:46:08
1021	24	5	21:46:08
935	24	5	21:46:08
954	24	5	21:46:08
981	24	5	21:46:08
757	24	5	21:46:08
652	24	5	21:46:08
652	24	5	21:46:08
673	24	5	21:46:08
1231	24	5	21:46:08
816	24	5	21:46:08
487	24	5	21:46:08
1156	24	5	21:46:08
1024	24	5	21:46:08
967	24	5	21:46:08
819	24	5	21:46:08
781	24	5	21:46:08
722	24	5	21:46:08
1727	28	6	15:00:05
789	28	6	15:00:05
846	28	6	15:00:05
1471	28	6	15:00:05
496	28	6	15:00:05
1396	28	6	15:00:05
673	28	6	15:00:05
673	28	6	15:00:05
717	28	6	15:00:05
1132	28	6	15:00:05
1309	28	6	15:00:05
1242	28	6	15:00:05
1091	28	6	15:00:05
1053	28	6	15:00:05
997	28	6	15:00:05
932	28	6	15:00:05
824	28	6	15:00:05
749	28	6	15:00:05
671	28	6	15:00:05
649	28	6	15:00:05
703	28	6	15:00:05
913	28	6	15:00:05
1253	28	6	15:00:05
1226	28	6	15:00:05
1193	28	6	15:00:05
975	28	6	15:00:05
1018	28	6	15:00:05
1013	28	6	15:00:05
762	28	6	15:00:05
746	28	6	15:00:05
663	28	6	15:00:05
644	28	6	15:00:05
690	28	6	15:00:05
876	28	6	15:00:05
1309	28	6	15:00:05
1212	28	6	15:00:05
1156	28	6	15:00:05
1078	28	6	15:00:05
978	28	6	15:00:05
924	28	6	15:00:05
779	28	6	15:00:05
681	28	6	15:00:05
649	28	6	15:00:05
665	28	6	15:00:05
708	28	6	15:00:05
897	28	6	15:00:05
1258	28	6	15:00:05
1255	28	6	15:00:05
1123	28	6	15:00:05
1072	28	6	15:00:05
1013	28	6	15:00:05
881	28	6	15:00:05
703	28	6	15:00:05
663	28	6	15:00:05
671	28	6	15:00:05
681	28	6	15:00:05
741	28	6	15:00:05
1296	28	6	15:00:05
1247	28	6	15:00:05
1191	28	6	15:00:05
1102	28	6	15:00:05
1024	28	6	15:00:05
991	28	6	15:00:05
835	28	6	15:00:05
692	28	6	15:00:05
660	28	6	15:00:05
681	28	6	15:00:05
681	28	6	15:00:05
924	28	6	15:00:05
1237	28	6	15:00:05
1269	28	6	15:00:05
1212	28	6	15:00:05
1110	28	6	15:00:05
1034	28	6	15:00:05
832	28	6	15:00:05
722	28	6	15:00:05
665	28	6	15:00:05
649	28	6	15:00:05
690	28	6	15:00:05
811	28	6	15:00:05
1296	28	6	15:00:05
1282	28	6	15:00:05
1199	28	6	15:00:05
1080	28	6	15:00:05
1024	28	6	15:00:05
851	28	6	15:00:05
703	28	6	15:00:05
690	28	6	15:00:05
660	28	6	15:00:05
671	28	6	15:00:05
752	28	6	15:00:05
1264	28	6	15:00:05
1266	28	6	15:00:05
1218	28	6	15:00:05
1145	28	6	15:00:05
1070	28	6	15:00:05
964	28	6	15:00:05
743	28	6	15:00:05
671	28	6	15:00:05
655	28	6	15:00:05
679	28	6	15:00:05
757	28	6	15:00:05
1255	28	6	15:00:05
1242	28	6	15:00:05
1210	28	6	15:00:05
1134	28	6	15:00:05
1064	28	6	15:00:05
975	28	6	15:00:05
760	28	6	15:00:05
703	28	6	15:00:05
663	28	6	15:00:05
655	28	6	15:00:05
733	28	6	15:00:05
1250	28	6	15:00:05
1237	28	6	15:00:05
1218	28	6	15:00:05
1132	28	6	15:00:05
1064	28	6	15:00:05
991	28	6	15:00:05
800	28	6	15:00:05
671	28	6	15:00:05
671	28	6	15:00:05
655	28	6	15:00:05
660	28	6	15:00:05
822	28	6	15:00:05
1299	28	6	15:00:05
1282	28	6	15:00:05
1183	28	6	15:00:05
1088	28	6	15:00:05
1045	28	6	15:00:05
843	28	6	15:00:05
692	28	6	15:00:05
657	28	6	15:00:05
679	28	6	15:00:05
687	28	6	15:00:05
738	28	6	15:00:05
1229	28	6	15:00:05
1258	28	6	15:00:05
1191	28	6	15:00:05
1115	28	6	15:00:05
1061	28	6	15:00:05
948	28	6	15:00:05
760	28	6	15:00:05
668	28	6	15:00:05
652	28	6	15:00:05
681	28	6	15:00:05
757	28	6	15:00:05
1234	28	6	15:00:05
1247	28	6	15:00:05
1193	28	6	15:00:05
1094	28	6	15:00:05
1045	28	6	15:00:05
999	28	6	15:00:05
765	28	6	15:00:05
700	28	6	15:00:05
660	28	6	15:00:05
665	28	6	15:00:05
741	28	6	15:00:05
1229	28	6	15:00:05
1274	28	6	15:00:05
1239	28	6	15:00:05
1132	28	6	15:00:05
1045	28	6	15:00:05
1037	28	6	15:00:05
803	28	6	15:00:05
690	28	6	15:00:05
646	28	6	15:00:05
684	28	6	15:00:05
690	28	6	15:00:05
913	28	6	15:00:05
1255	28	6	15:00:05
1237	28	6	15:00:05
1161	28	6	15:00:05
1067	28	6	15:00:05
999	28	6	15:00:05
857	28	6	15:00:05
695	28	6	15:00:05
646	28	6	15:00:05
660	28	6	15:00:05
652	28	6	15:00:05
711	28	6	15:00:05
1202	28	6	15:00:05
1242	28	6	15:00:05
1183	28	6	15:00:05
1094	28	6	15:00:05
1018	28	6	15:00:05
973	28	6	15:00:05
746	28	6	15:00:05
663	28	6	15:00:05
633	28	6	15:00:05
668	28	6	15:00:05
676	28	6	15:00:05
1220	28	6	15:00:05
1207	28	6	15:00:05
1191	28	6	15:00:05
1086	28	6	15:00:05
1029	28	6	15:00:05
1026	28	6	15:00:05
803	28	6	15:00:05
692	28	6	15:00:05
657	28	6	15:00:05
646	28	6	15:00:05
695	28	6	15:00:05
832	28	6	15:00:05
1242	28	6	15:00:05
1212	28	6	15:00:05
1167	28	6	15:00:05
1105	28	6	15:00:05
1037	28	6	15:00:05
932	28	6	15:00:05
735	28	6	15:00:05
679	28	6	15:00:05
655	28	6	15:00:05
660	28	6	15:00:05
676	28	6	15:00:05
878	28	6	15:00:05
1218	28	6	15:00:05
1215	28	6	15:00:05
1137	28	6	15:00:05
1056	28	6	15:00:05
1010	28	6	15:00:05
838	28	6	15:00:05
717	28	6	15:00:05
649	28	6	15:00:05
652	28	6	15:00:05
687	28	6	15:00:05
746	28	6	15:00:05
1172	28	6	15:00:05
1191	28	6	15:00:05
1175	28	6	15:00:05
1048	28	6	15:00:05
994	28	6	15:00:05
962	28	6	15:00:05
797	28	6	15:00:05
679	28	6	15:00:05
649	28	6	15:00:05
673	28	6	15:00:05
692	28	6	15:00:05
832	28	6	15:00:05
1207	28	6	15:00:05
1250	28	6	15:00:05
1185	28	6	15:00:05
1040	28	6	15:00:05
1008	28	6	15:00:05
924	28	6	15:00:05
735	28	6	15:00:05
671	28	6	15:00:05
657	28	6	15:00:05
684	28	6	15:00:05
733	28	6	15:00:05
1210	28	6	15:00:05
1229	28	6	15:00:05
1142	28	6	15:00:05
1045	28	6	15:00:05
1002	28	6	15:00:05
1045	28	6	15:00:05
784	28	6	15:00:05
681	28	6	15:00:05
652	28	6	15:00:05
668	28	6	15:00:05
673	28	6	15:00:05
773	28	6	15:00:05
1043	28	6	15:00:05
1156	28	6	15:00:05
1129	28	6	15:00:05
1075	28	6	15:00:05
999	28	6	15:00:05
935	28	6	15:00:05
800	28	6	15:00:05
679	28	6	15:00:05
673	28	6	15:00:05
660	28	6	15:00:05
671	28	6	15:00:05
805	28	6	15:00:05
1153	28	6	15:00:05
1167	28	6	15:00:05
1161	28	6	15:00:05
1096	28	6	15:00:05
1013	28	6	15:00:05
940	28	6	15:00:05
733	28	6	15:00:05
692	28	6	15:00:05
665	28	6	15:00:05
649	28	6	15:00:05
735	28	6	15:00:05
894	28	6	15:00:05
1215	28	6	15:00:05
1261	28	6	15:00:05
1180	28	6	15:00:05
1105	28	6	15:00:05
1045	28	6	15:00:05
814	28	6	15:00:05
690	28	6	15:00:05
692	28	6	15:00:05
660	28	6	15:00:05
671	28	6	15:00:05
746	28	6	15:00:05
1024	28	6	15:00:05
1229	28	6	15:00:05
1156	28	6	15:00:05
1094	28	6	15:00:05
1048	28	6	15:00:05
970	28	6	15:00:05
765	28	6	15:00:05
673	28	6	15:00:05
684	28	6	15:00:05
660	28	6	15:00:05
714	28	6	15:00:05
857	28	6	15:00:05
1156	28	6	15:00:05
1215	28	6	15:00:05
1132	28	6	15:00:05
1053	28	6	15:00:05
1010	28	6	15:00:05
832	28	6	15:00:05
681	28	6	15:00:05
687	28	6	15:00:05
657	28	6	15:00:05
660	28	6	15:00:05
749	28	6	15:00:05
803	28	6	15:00:05
1167	28	6	15:00:05
1196	28	6	15:00:05
1134	28	6	15:00:05
1072	28	6	15:00:05
1024	28	6	15:00:05
803	28	6	15:00:05
700	28	6	15:00:05
657	28	6	15:00:05
660	28	6	15:00:05
708	28	6	15:00:05
743	28	6	15:00:05
881	28	6	15:00:05
1274	28	6	15:00:05
1210	28	6	15:00:05
1161	28	6	15:00:05
1070	28	6	15:00:05
927	28	6	15:00:05
762	28	6	15:00:05
673	28	6	15:00:05
660	28	6	15:00:05
690	28	6	15:00:05
714	28	6	15:00:05
722	28	6	15:00:05
999	28	6	15:00:05
1167	28	6	15:00:05
1145	28	6	15:00:05
1061	28	6	15:00:05
867	28	6	15:00:05
749	28	6	15:00:05
684	28	6	15:00:05
649	28	6	15:00:05
630	28	6	15:00:05
652	28	6	15:00:05
655	28	6	15:00:05
717	28	6	15:00:05
800	28	6	15:00:05
1115	28	6	15:00:05
1142	28	6	15:00:05
1121	28	6	15:00:05
1043	28	6	15:00:05
1002	28	6	15:00:05
832	28	6	15:00:05
692	28	6	15:00:05
671	28	6	15:00:05
657	28	6	15:00:05
668	28	6	15:00:05
870	28	6	15:00:05
1113	28	6	15:00:05
1223	28	6	15:00:05
1242	28	6	15:00:05
1148	28	6	15:00:05
1078	28	6	15:00:05
913	28	6	15:00:05
749	28	6	15:00:05
681	28	6	15:00:05
695	28	6	15:00:05
652	28	6	15:00:05
687	28	6	15:00:05
797	28	6	15:00:05
1177	28	6	15:00:05
1231	28	6	15:00:05
1177	28	6	15:00:05
1094	28	6	15:00:05
1053	28	6	15:00:05
805	28	6	15:00:05
684	28	6	15:00:05
690	28	6	15:00:05
655	28	6	15:00:05
668	28	6	15:00:05
816	28	6	15:00:05
1096	28	6	15:00:05
1207	28	6	15:00:05
1264	28	6	15:00:05
1161	28	6	15:00:05
1067	28	6	15:00:05
1002	28	6	15:00:05
784	28	6	15:00:05
681	28	6	15:00:05
679	28	6	15:00:05
665	28	6	15:00:05
679	28	6	15:00:05
973	28	6	15:00:05
1239	28	6	15:00:05
1274	28	6	15:00:05
1167	28	6	15:00:05
1091	28	6	15:00:05
1005	28	6	15:00:05
743	28	6	15:00:05
676	28	6	15:00:05
660	28	6	15:00:05
692	28	6	15:00:05
700	28	6	15:00:05
1142	28	6	15:00:05
1132	28	6	15:00:05
1175	28	6	15:00:05
1086	28	6	15:00:05
1059	28	6	15:00:05
1061	28	6	15:00:05
857	28	6	15:00:05
725	28	6	15:00:05
663	28	6	15:00:05
655	28	6	15:00:05
700	28	6	15:00:05
840	28	6	15:00:05
1223	28	6	15:00:05
1269	28	6	15:00:05
1161	28	6	15:00:05
1051	28	6	15:00:05
1032	28	6	15:00:05
886	28	6	15:00:05
735	28	6	15:00:05
676	28	6	15:00:05
646	28	6	15:00:05
687	28	6	15:00:05
741	28	6	15:00:05
1199	28	6	15:00:05
1239	28	6	15:00:05
1193	28	6	15:00:05
1078	28	6	15:00:05
1016	28	6	15:00:05
986	28	6	15:00:05
781	28	6	15:00:05
700	28	6	15:00:05
655	28	6	15:00:05
644	28	6	15:00:05
717	28	6	15:00:05
935	28	6	15:00:05
1061	28	6	15:00:05
1183	28	6	15:00:05
1121	28	6	15:00:05
1010	28	6	15:00:05
994	28	6	15:00:05
889	28	6	15:00:05
752	28	6	15:00:05
663	28	6	15:00:05
638	28	6	15:00:05
663	28	6	15:00:05
695	28	6	15:00:05
803	28	6	15:00:05
1123	28	6	15:00:05
1220	28	6	15:00:05
1193	28	6	15:00:05
1051	28	6	15:00:05
1005	28	6	15:00:05
919	28	6	15:00:05
722	28	6	15:00:05
668	28	6	15:00:05
663	28	6	15:00:05
660	28	6	15:00:05
711	28	6	15:00:05
784	28	6	15:00:05
1158	28	6	15:00:05
1199	28	6	15:00:05
1113	28	6	15:00:05
1005	28	6	15:00:05
989	28	6	15:00:05
827	28	6	15:00:05
684	28	6	15:00:05
676	28	6	15:00:05
652	28	6	15:00:05
665	28	6	15:00:05
784	28	6	15:00:05
811	28	6	15:00:05
1164	28	6	15:00:05
1193	28	6	15:00:05
1118	28	6	15:00:05
1026	28	6	15:00:05
986	28	6	15:00:05
846	28	6	15:00:05
727	28	6	15:00:05
679	28	6	15:00:05
660	28	6	15:00:05
690	28	6	15:00:05
735	28	6	15:00:05
1142	28	6	15:00:05
1229	28	6	15:00:05
1177	28	6	15:00:05
1064	28	6	15:00:05
1053	28	6	15:00:05
962	28	6	15:00:05
792	28	6	15:00:05
698	28	6	15:00:05
660	28	6	15:00:05
663	28	6	15:00:05
735	28	6	15:00:05
981	28	6	15:00:05
1218	28	6	15:00:05
1239	28	6	15:00:05
1140	28	6	15:00:05
1080	28	6	15:00:05
927	28	6	15:00:05
714	28	6	15:00:05
692	28	6	15:00:05
665	28	6	15:00:05
668	28	6	15:00:05
797	28	6	15:00:05
1094	28	6	15:00:05
1320	28	6	15:00:05
1226	28	6	15:00:05
1129	28	6	15:00:05
1024	28	6	15:00:05
973	28	6	15:00:05
846	28	6	15:00:05
698	28	6	15:00:05
684	28	6	15:00:05
660	28	6	15:00:05
663	28	6	15:00:05
735	28	6	15:00:05
865	28	6	15:00:05
1169	28	6	15:00:05
1218	28	6	15:00:05
1156	28	6	15:00:05
1067	28	6	15:00:05
989	28	6	15:00:05
795	28	6	15:00:05
695	28	6	15:00:05
668	28	6	15:00:05
646	28	6	15:00:05
684	28	6	15:00:05
768	28	6	15:00:05
862	28	6	15:00:05
1191	28	6	15:00:05
1220	28	6	15:00:05
1072	28	6	15:00:05
1043	28	6	15:00:05
973	28	6	15:00:05
795	28	6	15:00:05
679	28	6	15:00:05
652	28	6	15:00:05
668	28	6	15:00:05
665	28	6	15:00:05
781	28	6	15:00:05
1177	28	6	15:00:05
1153	28	6	15:00:05
1167	28	6	15:00:05
1150	28	6	15:00:05
1051	28	6	15:00:05
865	28	6	15:00:05
698	28	6	15:00:05
665	28	6	15:00:05
665	28	6	15:00:05
663	28	6	15:00:05
722	28	6	15:00:05
800	28	6	15:00:05
1123	28	6	15:00:05
1215	28	6	15:00:05
1102	28	6	15:00:05
1008	28	6	15:00:05
948	28	6	15:00:05
897	28	6	15:00:05
738	28	6	15:00:05
684	28	6	15:00:05
663	28	6	15:00:05
646	28	6	15:00:05
698	28	6	15:00:05
776	28	6	15:00:05
1172	28	6	15:00:05
1202	28	6	15:00:05
1185	28	6	15:00:05
1059	28	6	15:00:05
973	28	6	15:00:05
943	28	6	15:00:05
795	28	6	15:00:05
711	28	6	15:00:05
657	28	6	15:00:05
655	28	6	15:00:05
727	28	6	15:00:05
846	28	6	15:00:05
1215	28	6	15:00:05
1245	28	6	15:00:05
1207	28	6	15:00:05
1099	28	6	15:00:05
1026	28	6	15:00:05
814	28	6	15:00:05
711	28	6	15:00:05
681	28	6	15:00:05
663	28	6	15:00:05
687	28	6	15:00:05
765	28	6	15:00:05
908	28	6	15:00:05
1218	28	6	15:00:05
1167	28	6	15:00:05
1142	28	6	15:00:05
1037	28	6	15:00:05
973	28	6	15:00:05
779	28	6	15:00:05
703	28	6	15:00:05
660	28	6	15:00:05
665	28	6	15:00:05
663	28	6	15:00:05
722	28	6	15:00:05
660	28	6	15:00:05
1145	28	6	15:00:05
1134	28	6	15:00:05
1156	28	6	15:00:05
1029	28	6	15:00:05
975	28	6	15:00:05
795	28	6	15:00:05
681	28	6	15:00:05
692	28	6	15:00:05
660	28	6	15:00:05
663	28	6	15:00:05
727	28	6	15:00:05
1016	28	6	15:00:05
1156	28	6	15:00:05
1140	28	6	15:00:05
1029	28	6	15:00:05
986	28	6	15:00:05
954	28	6	15:00:05
781	28	6	15:00:05
687	28	6	15:00:05
652	28	6	15:00:05
673	28	6	15:00:05
714	28	6	15:00:05
1010	28	6	15:00:05
1126	28	6	15:00:05
1185	28	6	15:00:05
1070	28	6	15:00:05
1016	28	6	15:00:05
948	28	6	15:00:05
857	28	6	15:00:05
700	28	6	15:00:05
690	28	6	15:00:05
668	28	6	15:00:05
668	28	6	15:00:05
708	28	6	15:00:05
1107	28	6	15:00:05
1110	28	6	15:00:05
1099	28	6	15:00:05
1056	28	6	15:00:05
986	28	6	15:00:05
1005	28	6	15:00:05
889	28	6	15:00:05
703	28	6	15:00:05
655	28	6	15:00:05
668	28	6	15:00:05
663	28	6	15:00:05
711	28	6	15:00:05
865	28	6	15:00:05
1169	28	6	15:00:05
1207	28	6	15:00:05
1110	28	6	15:00:05
1024	28	6	15:00:05
956	28	6	15:00:05
787	28	6	15:00:05
700	28	6	15:00:05
657	28	6	15:00:05
638	28	6	15:00:05
687	28	6	15:00:05
749	28	6	15:00:05
1053	28	6	15:00:05
1226	28	6	15:00:05
1172	28	6	15:00:05
1083	28	6	15:00:05
1005	28	6	15:00:05
943	28	6	15:00:05
762	28	6	15:00:05
668	28	6	15:00:05
646	28	6	15:00:05
657	28	6	15:00:05
646	28	6	15:00:05
700	28	6	15:00:05
816	28	6	15:00:05
1177	28	6	15:00:05
1215	28	6	15:00:05
1145	28	6	15:00:05
1086	28	6	15:00:05
1010	28	6	15:00:05
811	28	6	15:00:05
673	28	6	15:00:05
684	28	6	15:00:05
644	28	6	15:00:05
692	28	6	15:00:05
935	28	6	15:00:05
1072	28	6	15:00:05
1167	28	6	15:00:05
1156	28	6	15:00:05
1070	28	6	15:00:05
997	28	6	15:00:05
959	28	6	15:00:05
765	28	6	15:00:05
681	28	6	15:00:05
660	28	6	15:00:05
655	28	6	15:00:05
727	28	6	15:00:05
892	28	6	15:00:05
1204	28	6	15:00:05
1247	28	6	15:00:05
1140	28	6	15:00:05
1032	28	6	15:00:05
970	28	6	15:00:05
797	28	6	15:00:05
679	28	6	15:00:05
679	28	6	15:00:05
652	28	6	15:00:05
673	28	6	15:00:05
770	28	6	15:00:05
843	28	6	15:00:05
1193	28	6	15:00:05
1210	28	6	15:00:05
1158	28	6	15:00:05
1053	28	6	15:00:05
1029	28	6	15:00:05
795	28	6	15:00:05
711	28	6	15:00:05
655	28	6	15:00:05
644	28	6	15:00:05
679	28	6	15:00:05
754	28	6	15:00:05
1083	28	6	15:00:05
1156	28	6	15:00:05
1148	28	6	15:00:05
1043	28	6	15:00:05
940	28	6	15:00:05
797	28	6	15:00:05
698	28	6	15:00:05
633	28	6	15:00:05
657	28	6	15:00:05
638	28	6	15:00:05
663	28	6	15:00:05
770	28	6	15:00:05
1078	28	6	15:00:05
1167	28	6	15:00:05
1140	28	6	15:00:05
994	28	6	15:00:05
948	28	6	15:00:05
970	28	6	15:00:05
811	28	6	15:00:05
679	28	6	15:00:05
649	28	6	15:00:05
671	28	6	15:00:05
660	28	6	15:00:05
752	28	6	15:00:05
948	28	6	15:00:05
1113	28	6	15:00:05
1137	28	6	15:00:05
1113	28	6	15:00:05
1040	28	6	15:00:05
1008	28	6	15:00:05
811	28	6	15:00:05
681	28	6	15:00:05
673	28	6	15:00:05
665	28	6	15:00:05
679	28	6	15:00:05
892	28	6	15:00:05
897	28	6	15:00:05
1123	28	6	15:00:05
1132	28	6	15:00:05
1008	28	6	15:00:05
981	28	6	15:00:05
954	28	6	15:00:05
792	28	6	15:00:05
706	28	6	15:00:05
665	28	6	15:00:05
706	28	6	15:00:05
684	28	6	15:00:05
768	28	6	15:00:05
870	28	6	15:00:05
1115	28	6	15:00:05
1175	28	6	15:00:05
1064	28	6	15:00:05
997	28	6	15:00:05
967	28	6	15:00:05
854	28	6	15:00:05
676	28	6	15:00:05
665	28	6	15:00:05
673	28	6	15:00:05
671	28	6	15:00:05
743	28	6	15:00:05
964	28	6	15:00:05
1167	28	6	15:00:05
1191	28	6	15:00:05
1113	28	6	15:00:05
1037	28	6	15:00:05
962	28	6	15:00:05
795	28	6	15:00:05
684	28	6	15:00:05
655	28	6	15:00:05
644	28	6	15:00:05
687	28	6	15:00:05
722	28	6	15:00:05
789	28	6	15:00:05
1129	28	6	15:00:05
1177	28	6	15:00:05
1129	28	6	15:00:05
1048	28	6	15:00:05
986	28	6	15:00:05
814	28	6	15:00:05
679	28	6	15:00:05
646	28	6	15:00:05
665	28	6	15:00:05
698	28	6	15:00:05
773	28	6	15:00:05
913	28	6	15:00:05
1188	28	6	15:00:05
1142	28	6	15:00:05
1102	28	6	15:00:05
1005	28	6	15:00:05
986	28	6	15:00:05
795	28	6	15:00:05
673	28	6	15:00:05
681	28	6	15:00:05
673	28	6	15:00:05
690	28	6	15:00:05
757	28	6	15:00:05
1129	28	6	15:00:05
1134	28	6	15:00:05
1129	28	6	15:00:05
1088	28	6	15:00:05
1059	28	6	15:00:05
897	28	6	15:00:05
727	28	6	15:00:05
690	28	6	15:00:05
652	28	6	15:00:05
660	28	6	15:00:05
727	28	6	15:00:05
951	28	6	15:00:05
1121	28	6	15:00:05
1185	28	6	15:00:05
1107	28	6	15:00:05
1018	28	6	15:00:05
1005	28	6	15:00:05
851	28	6	15:00:05
717	28	6	15:00:05
665	28	6	15:00:05
652	28	6	15:00:05
695	28	6	15:00:05
746	28	6	15:00:05
1026	28	6	15:00:05
1134	28	6	15:00:05
1177	28	6	15:00:05
1070	28	6	15:00:05
1018	28	6	15:00:05
962	28	6	15:00:05
797	28	6	15:00:05
681	28	6	15:00:05
652	28	6	15:00:05
660	28	6	15:00:05
711	28	6	15:00:05
862	28	6	15:00:05
1045	28	6	15:00:05
1164	28	6	15:00:05
1123	28	6	15:00:05
1148	28	6	15:00:05
1051	28	6	15:00:05
991	28	6	15:00:05
765	28	6	15:00:05
673	28	6	15:00:05
655	28	6	15:00:05
681	28	6	15:00:05
727	28	6	15:00:05
1008	28	6	15:00:05
1199	28	6	15:00:05
1156	28	6	15:00:05
1142	28	6	15:00:05
1070	28	6	15:00:05
1040	28	6	15:00:05
827	28	6	15:00:05
690	28	6	15:00:05
665	28	6	15:00:05
668	28	6	15:00:05
706	28	6	15:00:05
770	28	6	15:00:05
1021	28	6	15:00:05
1226	28	6	15:00:05
1204	28	6	15:00:05
1102	28	6	15:00:05
1026	28	6	15:00:05
1051	28	6	15:00:05
781	28	6	15:00:05
681	28	6	15:00:05
671	28	6	15:00:05
681	28	6	15:00:05
700	28	6	15:00:05
900	28	6	15:00:05
1070	28	6	15:00:05
1245	28	6	15:00:05
1156	28	6	15:00:05
1051	28	6	15:00:05
978	28	6	15:00:05
886	28	6	15:00:05
746	28	6	15:00:05
676	28	6	15:00:05
652	28	6	15:00:05
681	28	6	15:00:05
706	28	6	15:00:05
967	28	6	15:00:05
1102	28	6	15:00:05
1204	28	6	15:00:05
1094	28	6	15:00:05
1037	28	6	15:00:05
978	28	6	15:00:05
859	28	6	15:00:05
700	28	6	15:00:05
660	28	6	15:00:05
673	28	6	15:00:05
671	28	6	15:00:05
781	28	6	15:00:05
1018	28	6	15:00:05
1180	28	6	15:00:05
1150	28	6	15:00:05
986	28	6	15:00:05
970	28	6	15:00:05
1067	28	6	15:00:05
787	28	6	15:00:05
684	28	6	15:00:05
692	28	6	15:00:05
660	28	6	15:00:05
684	28	6	15:00:05
805	28	6	15:00:05
897	28	6	15:00:05
1167	28	6	15:00:05
1145	28	6	15:00:05
1164	28	6	15:00:05
1113	28	6	15:00:05
981	28	6	15:00:05
770	28	6	15:00:05
703	28	6	15:00:05
681	28	6	15:00:05
660	28	6	15:00:05
730	28	6	15:00:05
959	28	6	15:00:05
1167	28	6	15:00:05
1134	28	6	15:00:05
1145	28	6	15:00:05
1010	28	6	15:00:05
999	28	6	15:00:05
913	28	6	15:00:05
708	28	6	15:00:05
687	28	6	15:00:05
673	28	6	15:00:05
698	28	6	15:00:05
752	28	6	15:00:05
964	28	6	15:00:05
970	28	6	15:00:05
1199	28	6	15:00:05
1075	28	6	15:00:05
937	28	6	15:00:05
854	28	6	15:00:05
722	28	6	15:00:05
649	28	6	15:00:05
663	28	6	15:00:05
641	28	6	15:00:05
646	28	6	15:00:05
776	28	6	15:00:05
970	28	6	15:00:05
1080	28	6	15:00:05
1121	28	6	15:00:05
1029	28	6	15:00:05
989	28	6	15:00:05
978	28	6	15:00:05
913	28	6	15:00:05
773	28	6	15:00:05
690	28	6	15:00:05
657	28	6	15:00:05
698	28	6	15:00:05
717	28	6	15:00:05
997	28	6	15:00:05
1169	28	6	15:00:05
1126	28	6	15:00:05
1099	28	6	15:00:05
1026	28	6	15:00:05
1013	28	6	15:00:05
797	28	6	15:00:05
690	28	6	15:00:05
660	28	6	15:00:05
673	28	6	15:00:05
687	28	6	15:00:05
773	28	6	15:00:05
1061	28	6	15:00:05
1164	28	6	15:00:05
1158	28	6	15:00:05
1137	28	6	15:00:05
1008	28	6	15:00:05
1067	28	6	15:00:05
792	28	6	15:00:05
698	28	6	15:00:05
671	28	6	15:00:05
687	28	6	15:00:05
708	28	6	15:00:05
762	28	6	15:00:05
1056	28	6	15:00:05
1207	28	6	15:00:05
1167	28	6	15:00:05
1142	28	6	15:00:05
1064	28	6	15:00:05
991	28	6	15:00:05
754	28	6	15:00:05
668	28	6	15:00:05
663	28	6	15:00:05
676	28	6	15:00:05
717	28	6	15:00:05
805	28	6	15:00:05
1032	28	6	15:00:05
1175	28	6	15:00:05
986	28	6	15:00:05
1115	28	6	15:00:05
997	28	6	15:00:05
865	28	6	15:00:05
711	28	6	15:00:05
687	28	6	15:00:05
681	28	6	15:00:05
646	28	6	15:00:05
730	28	6	15:00:05
770	28	6	15:00:05
1064	28	6	15:00:05
1158	28	6	15:00:05
1113	28	6	15:00:05
943	28	6	15:00:05
789	28	6	15:00:05
730	28	6	15:00:05
660	28	6	15:00:05
673	28	6	15:00:05
657	28	6	15:00:05
641	28	6	15:00:05
687	28	6	15:00:05
741	28	6	15:00:05
849	28	6	15:00:05
1102	28	6	15:00:05
1150	28	6	15:00:05
1061	28	6	15:00:05
970	28	6	15:00:05
951	28	6	15:00:05
951	28	6	15:00:05
779	28	6	15:00:05
684	28	6	15:00:05
679	28	6	15:00:05
679	28	6	15:00:05
722	28	6	15:00:05
964	28	6	15:00:05
1172	28	6	15:00:05
1167	28	6	15:00:05
1034	28	6	15:00:05
964	28	6	15:00:05
951	28	6	15:00:05
902	28	6	15:00:05
725	28	6	15:00:05
676	28	6	15:00:05
655	28	6	15:00:05
692	28	6	15:00:05
754	28	6	15:00:05
927	28	6	15:00:05
1175	28	6	15:00:05
1175	28	6	15:00:05
1105	28	6	15:00:05
1016	28	6	15:00:05
970	28	6	15:00:05
822	28	6	15:00:05
706	28	6	15:00:05
665	28	6	15:00:05
684	28	6	15:00:05
676	28	6	15:00:05
762	28	6	15:00:05
873	28	6	15:00:05
1018	28	6	15:00:05
1272	28	6	15:00:05
1018	28	6	15:00:05
1148	28	6	15:00:05
1053	28	6	15:00:05
805	28	6	15:00:05
687	28	6	15:00:05
692	28	6	15:00:05
679	28	6	15:00:05
676	28	6	15:00:05
749	28	6	15:00:05
927	28	6	15:00:05
1185	28	6	15:00:05
1169	28	6	15:00:05
1105	28	6	15:00:05
1010	28	6	15:00:05
991	28	6	15:00:05
795	28	6	15:00:05
698	28	6	15:00:05
681	28	6	15:00:05
665	28	6	15:00:05
717	28	6	15:00:05
827	28	6	15:00:05
1080	28	6	15:00:05
1153	28	6	15:00:05
1091	28	6	15:00:05
1032	28	6	15:00:05
1029	28	6	15:00:05
838	28	6	15:00:05
714	28	6	15:00:05
663	28	6	15:00:05
657	28	6	15:00:05
679	28	6	15:00:05
735	28	6	15:00:05
921	28	6	15:00:05
1107	28	6	15:00:05
1161	28	6	15:00:05
1024	28	6	15:00:05
962	28	6	15:00:05
964	28	6	15:00:05
924	28	6	15:00:05
714	28	6	15:00:05
663	28	6	15:00:05
681	28	6	15:00:05
676	28	6	15:00:05
730	28	6	15:00:05
881	28	6	15:00:05
1161	28	6	15:00:05
1142	28	6	15:00:05
1013	28	6	15:00:05
997	28	6	15:00:05
959	28	6	15:00:05
881	28	6	15:00:05
725	28	6	15:00:05
665	28	6	15:00:05
660	28	6	15:00:05
684	28	6	15:00:05
706	28	6	15:00:05
867	28	6	15:00:05
1010	28	6	15:00:05
970	28	6	15:00:05
967	28	6	15:00:05
1129	28	6	15:00:05
1013	28	6	15:00:05
956	28	6	15:00:05
752	28	6	15:00:05
665	28	6	15:00:05
687	28	6	15:00:05
657	28	6	15:00:05
690	28	6	15:00:05
814	28	6	15:00:05
1005	28	6	15:00:05
1137	28	6	15:00:05
1134	28	6	15:00:05
1010	28	6	15:00:05
973	28	6	15:00:05
946	28	6	15:00:05
768	28	6	15:00:05
671	28	6	15:00:05
649	28	6	15:00:05
676	28	6	15:00:05
695	28	6	15:00:05
897	28	6	15:00:05
1021	28	6	15:00:05
1158	28	6	15:00:05
1134	28	6	15:00:05
997	28	6	15:00:05
970	28	6	15:00:05
946	28	6	15:00:05
760	28	6	15:00:05
668	28	6	15:00:05
665	28	6	15:00:05
660	28	6	15:00:05
700	28	6	15:00:05
757	28	6	15:00:05
1016	28	6	15:00:05
1167	28	6	15:00:05
1121	28	6	15:00:05
1008	28	6	15:00:05
956	28	6	15:00:05
873	28	6	15:00:05
752	28	6	15:00:05
671	28	6	15:00:05
646	28	6	15:00:05
663	28	6	15:00:05
665	28	6	15:00:05
698	28	6	15:00:05
773	28	6	15:00:05
1018	28	6	15:00:05
1188	28	6	15:00:05
1148	28	6	15:00:05
975	28	6	15:00:05
954	28	6	15:00:05
881	28	6	15:00:05
717	28	6	15:00:05
687	28	6	15:00:05
671	28	6	15:00:05
649	28	6	15:00:05
708	28	6	15:00:05
784	28	6	15:00:05
1045	28	6	15:00:05
1158	28	6	15:00:05
994	28	6	15:00:05
956	28	6	15:00:05
954	28	6	15:00:05
911	28	6	15:00:05
717	28	6	15:00:05
690	28	6	15:00:05
671	28	6	15:00:05
652	28	6	15:00:05
684	28	6	15:00:05
741	28	6	15:00:05
1032	28	6	15:00:05
1183	28	6	15:00:05
1140	28	6	15:00:05
978	28	6	15:00:05
959	28	6	15:00:05
951	28	6	15:00:05
787	28	6	15:00:05
703	28	6	15:00:05
665	28	6	15:00:05
690	28	6	15:00:05
684	28	6	15:00:05
700	28	6	15:00:05
797	28	6	15:00:05
1105	28	6	15:00:05
1148	28	6	15:00:05
1064	28	6	15:00:05
981	28	6	15:00:05
970	28	6	15:00:05
787	28	6	15:00:05
708	28	6	15:00:05
687	28	6	15:00:05
665	28	6	15:00:05
711	28	6	15:00:05
768	28	6	15:00:05
905	28	6	15:00:05
1115	28	6	15:00:05
1134	28	6	15:00:05
1005	28	6	15:00:05
951	28	6	15:00:05
946	28	6	15:00:05
795	28	6	15:00:05
700	28	6	15:00:05
687	28	6	15:00:05
668	28	6	15:00:05
671	28	6	15:00:05
768	28	6	15:00:05
843	28	6	15:00:05
1008	28	6	15:00:05
959	28	6	15:00:05
948	28	6	15:00:05
943	28	6	15:00:05
951	28	6	15:00:05
967	28	6	15:00:05
827	28	6	15:00:05
700	28	6	15:00:05
692	28	6	15:00:05
676	28	6	15:00:05
671	28	6	15:00:05
792	28	6	15:00:05
894	28	6	15:00:05
1094	28	6	15:00:05
1018	28	6	15:00:05
967	28	6	15:00:05
964	28	6	15:00:05
962	28	6	15:00:05
830	28	6	15:00:05
698	28	6	15:00:05
665	28	6	15:00:05
673	28	6	15:00:05
687	28	6	15:00:05
719	28	6	15:00:05
840	28	6	15:00:05
1002	28	6	15:00:05
970	28	6	15:00:05
962	28	6	15:00:05
970	28	6	15:00:05
1029	28	6	15:00:05
881	28	6	15:00:05
703	28	6	15:00:05
668	28	6	15:00:05
663	28	6	15:00:05
673	28	6	15:00:05
681	28	6	15:00:05
727	28	6	15:00:05
1002	28	6	15:00:05
1164	28	6	15:00:05
1086	28	6	15:00:05
981	28	6	15:00:05
929	28	6	15:00:05
932	28	6	15:00:05
797	28	6	15:00:05
692	28	6	15:00:05
655	28	6	15:00:05
657	28	6	15:00:05
692	28	6	15:00:05
730	28	6	15:00:05
870	28	6	15:00:05
1018	28	6	15:00:05
964	28	6	15:00:05
962	28	6	15:00:05
951	28	6	15:00:05
959	28	6	15:00:05
878	28	6	15:00:05
733	28	6	15:00:05
668	28	6	15:00:05
657	28	6	15:00:05
695	28	6	15:00:05
719	28	6	15:00:05
797	28	6	15:00:05
1099	28	6	15:00:05
1064	28	6	15:00:05
983	28	6	15:00:05
1010	28	6	15:00:05
911	28	6	15:00:05
854	28	6	15:00:05
741	28	6	15:00:05
695	28	6	15:00:05
652	28	6	15:00:05
646	28	6	15:00:05
695	28	6	15:00:05
695	28	6	15:00:05
776	28	6	15:00:05
991	28	6	15:00:05
1080	28	6	15:00:05
981	28	6	15:00:05
921	28	6	15:00:05
908	28	6	15:00:05
900	28	6	15:00:05
768	28	6	15:00:05
673	28	6	15:00:05
660	28	6	15:00:05
668	28	6	15:00:05
646	28	6	15:00:05
698	28	6	15:00:05
1164	28	6	15:00:05
1123	28	6	15:00:05
1110	28	6	15:00:05
1010	28	6	15:00:05
916	28	6	15:00:05
946	28	6	15:00:05
800	28	6	15:00:05
725	28	6	15:00:05
668	28	6	15:00:05
663	28	6	15:00:05
698	28	6	15:00:05
800	28	6	15:00:05
1037	28	6	15:00:05
1150	28	6	15:00:05
1051	28	6	15:00:05
983	28	6	15:00:05
967	28	6	15:00:05
973	28	6	15:00:05
800	28	6	15:00:05
684	28	6	15:00:05
644	28	6	15:00:05
665	28	6	15:00:05
657	28	6	15:00:05
695	28	6	15:00:05
849	28	6	15:00:05
1045	28	6	15:00:05
1132	28	6	15:00:05
1034	28	6	15:00:05
913	28	6	15:00:05
805	28	6	15:00:05
749	28	6	15:00:05
644	28	6	15:00:05
652	28	6	15:00:05
630	28	6	15:00:05
625	28	6	15:00:05
652	28	6	15:00:05
725	28	6	15:00:05
1008	28	6	15:00:05
1053	28	6	15:00:05
1021	28	6	15:00:05
951	28	6	15:00:05
946	28	6	15:00:05
924	28	6	15:00:05
814	28	6	15:00:05
711	28	6	15:00:05
652	28	6	15:00:05
641	28	6	15:00:05
652	28	6	15:00:05
636	28	6	15:00:05
700	28	6	15:00:05
919	28	6	15:00:05
1056	28	6	15:00:05
1102	28	6	15:00:05
999	28	6	15:00:05
964	28	6	15:00:05
927	28	6	15:00:05
784	28	6	15:00:05
690	28	6	15:00:05
638	28	6	15:00:05
646	28	6	15:00:05
644	28	6	15:00:05
684	28	6	15:00:05
814	28	6	15:00:05
994	28	6	15:00:05
1072	28	6	15:00:05
975	28	6	15:00:05
943	28	6	15:00:05
943	28	6	15:00:05
991	28	6	15:00:05
795	28	6	15:00:05
671	28	6	15:00:05
644	28	6	15:00:05
657	28	6	15:00:05
663	28	6	15:00:05
738	28	6	15:00:05
956	28	6	15:00:05
1034	28	6	15:00:05
1002	28	6	15:00:05
986	28	6	15:00:05
983	28	6	15:00:05
973	28	6	15:00:05
819	28	6	15:00:05
706	28	6	15:00:05
655	28	6	15:00:05
646	28	6	15:00:05
657	28	6	15:00:05
660	28	6	15:00:05
770	28	6	15:00:05
1021	28	6	15:00:05
1037	28	6	15:00:05
964	28	6	15:00:05
921	28	6	15:00:05
911	28	6	15:00:05
894	28	6	15:00:05
765	28	6	15:00:05
679	28	6	15:00:05
665	28	6	15:00:05
649	28	6	15:00:05
641	28	6	15:00:05
719	28	6	15:00:05
857	28	6	15:00:05
1053	28	6	15:00:05
1029	28	6	15:00:05
1064	28	6	15:00:05
991	28	6	15:00:05
951	28	6	15:00:05
840	28	6	15:00:05
714	28	6	15:00:05
655	28	6	15:00:05
655	28	6	15:00:05
636	28	6	15:00:05
673	28	6	15:00:05
795	28	6	15:00:05
1053	28	6	15:00:05
1137	28	6	15:00:05
1040	28	6	15:00:05
986	28	6	15:00:05
986	28	6	15:00:05
924	28	6	15:00:05
773	28	6	15:00:05
665	28	6	15:00:05
641	28	6	15:00:05
660	28	6	15:00:05
668	28	6	15:00:05
760	28	6	15:00:05
894	28	6	15:00:05
1013	28	6	15:00:05
967	28	6	15:00:05
967	28	6	15:00:05
951	28	6	15:00:05
962	28	6	15:00:05
908	28	6	15:00:05
690	28	6	15:00:05
646	28	6	15:00:05
652	28	6	15:00:05
644	28	6	15:00:05
668	28	6	15:00:05
789	28	6	15:00:05
1043	28	6	15:00:05
1008	28	6	15:00:05
997	28	6	15:00:05
975	28	6	15:00:05
959	28	6	15:00:05
994	28	6	15:00:05
762	28	6	15:00:05
671	28	6	15:00:05
641	28	6	15:00:05
660	28	6	15:00:05
660	28	6	15:00:05
706	28	6	15:00:05
878	28	6	15:00:05
1005	28	6	15:00:05
1102	28	6	15:00:05
1105	28	6	15:00:05
1032	28	6	15:00:05
975	28	6	15:00:05
811	28	6	15:00:05
711	28	6	15:00:05
641	28	6	15:00:05
636	28	6	15:00:05
652	28	6	15:00:05
698	28	6	15:00:05
741	28	6	15:00:05
943	28	6	15:00:05
1040	28	6	15:00:05
1010	28	6	15:00:05
954	28	6	15:00:05
940	28	6	15:00:05
913	28	6	15:00:05
760	28	6	15:00:05
663	28	6	15:00:05
628	28	6	15:00:05
644	28	6	15:00:05
644	28	6	15:00:05
684	28	6	15:00:05
805	28	6	15:00:05
862	28	6	15:00:05
951	28	6	15:00:05
983	28	6	15:00:05
921	28	6	15:00:05
916	28	6	15:00:05
900	28	6	15:00:05
779	28	6	15:00:05
700	28	6	15:00:05
649	28	6	15:00:05
630	28	6	15:00:05
673	28	6	15:00:05
719	28	6	15:00:05
921	28	6	15:00:05
1080	28	6	15:00:05
1121	28	6	15:00:05
1034	28	6	15:00:05
964	28	6	15:00:05
959	28	6	15:00:05
854	28	6	15:00:05
708	28	6	15:00:05
671	28	6	15:00:05
638	28	6	15:00:05
630	28	6	15:00:05
700	28	6	15:00:05
792	28	6	15:00:05
973	28	6	15:00:05
1083	28	6	15:00:05
1067	28	6	15:00:05
1026	28	6	15:00:05
978	28	6	15:00:05
937	28	6	15:00:05
762	28	6	15:00:05
646	28	6	15:00:05
655	28	6	15:00:05
622	28	6	15:00:05
649	28	6	15:00:05
727	28	6	15:00:05
822	28	6	15:00:05
954	28	6	15:00:05
1075	28	6	15:00:05
1032	28	6	15:00:05
973	28	6	15:00:05
943	28	6	15:00:05
884	28	6	15:00:05
741	28	6	15:00:05
673	28	6	15:00:05
628	28	6	15:00:05
620	28	6	15:00:05
641	28	6	15:00:05
676	28	6	15:00:05
787	28	6	15:00:05
1051	28	6	15:00:05
1110	28	6	15:00:05
1005	28	6	15:00:05
894	28	6	15:00:05
908	28	6	15:00:05
857	28	6	15:00:05
733	28	6	15:00:05
660	28	6	15:00:05
638	28	6	15:00:05
644	28	6	15:00:05
638	28	6	15:00:05
708	28	6	15:00:05
897	28	6	15:00:05
1075	28	6	15:00:05
1118	28	6	15:00:05
1051	28	6	15:00:05
973	28	6	15:00:05
913	28	6	15:00:05
819	28	6	15:00:05
687	28	6	15:00:05
633	28	6	15:00:05
646	28	6	15:00:05
636	28	6	15:00:05
646	28	6	15:00:05
752	28	6	15:00:05
1029	28	6	15:00:05
1083	28	6	15:00:05
1070	28	6	15:00:05
1026	28	6	15:00:05
935	28	6	15:00:05
927	28	6	15:00:05
738	28	6	15:00:05
655	28	6	15:00:05
638	28	6	15:00:05
649	28	6	15:00:05
638	28	6	15:00:05
692	28	6	15:00:05
719	28	6	15:00:05
690	28	6	15:00:05
1156	28	6	15:00:05
1048	28	6	15:00:05
916	28	6	15:00:05
873	28	6	15:00:05
892	28	6	15:00:05
760	28	6	15:00:05
690	28	6	15:00:05
649	28	6	15:00:05
633	28	6	15:00:05
668	28	6	15:00:05
681	28	6	15:00:05
722	28	6	15:00:05
954	28	6	15:00:05
1034	28	6	15:00:05
1026	28	6	15:00:05
959	28	6	15:00:05
905	28	6	15:00:05
889	28	6	15:00:05
752	28	6	15:00:05
671	28	6	15:00:05
663	28	6	15:00:05
636	28	6	15:00:05
625	28	6	15:00:05
695	28	6	15:00:05
779	28	6	15:00:05
970	28	6	15:00:05
1086	28	6	15:00:05
1026	28	6	15:00:05
997	28	6	15:00:05
924	28	6	15:00:05
937	28	6	15:00:05
800	28	6	15:00:05
679	28	6	15:00:05
665	28	6	15:00:05
638	28	6	15:00:05
625	28	6	15:00:05
692	28	6	15:00:05
733	28	6	15:00:05
943	28	6	15:00:05
1091	28	6	15:00:05
1061	28	6	15:00:05
927	28	6	15:00:05
832	28	6	15:00:05
781	28	6	15:00:05
743	28	6	15:00:05
660	28	6	15:00:05
630	28	6	15:00:05
649	28	6	15:00:05
620	28	6	15:00:05
614	28	6	15:00:05
671	28	6	15:00:05
738	28	6	15:00:05
1021	28	6	15:00:05
1078	28	6	15:00:05
978	28	6	15:00:05
881	28	6	15:00:05
840	28	6	15:00:05
830	28	6	15:00:05
735	28	6	15:00:05
644	28	6	15:00:05
622	28	6	15:00:05
641	28	6	15:00:05
620	28	6	15:00:05
636	28	6	15:00:05
746	28	6	15:00:05
902	28	6	15:00:05
997	28	6	15:00:05
1078	28	6	15:00:05
1010	28	6	15:00:05
924	28	6	15:00:05
924	28	6	15:00:05
770	28	6	15:00:05
655	28	6	15:00:05
665	28	6	15:00:05
628	28	6	15:00:05
638	28	6	15:00:05
690	28	6	15:00:05
886	28	6	15:00:05
1010	28	6	15:00:05
1045	28	6	15:00:05
1026	28	6	15:00:05
951	28	6	15:00:05
924	28	6	15:00:05
911	28	6	15:00:05
711	28	6	15:00:05
673	28	6	15:00:05
622	28	6	15:00:05
620	28	6	15:00:05
655	28	6	15:00:05
708	28	6	15:00:05
832	28	6	15:00:05
1056	28	6	15:00:05
1110	28	6	15:00:05
1051	28	6	15:00:05
956	28	6	15:00:05
905	28	6	15:00:05
784	28	6	15:00:05
714	28	6	15:00:05
638	28	6	15:00:05
622	28	6	15:00:05
641	28	6	15:00:05
628	28	6	15:00:05
679	28	6	15:00:05
946	28	6	15:00:05
1032	28	6	15:00:05
1072	28	6	15:00:05
1037	28	6	15:00:05
935	28	6	15:00:05
913	28	6	15:00:05
822	28	6	15:00:05
706	28	6	15:00:05
641	28	6	15:00:05
646	28	6	15:00:05
614	28	6	15:00:05
620	28	6	15:00:05
668	28	6	15:00:05
695	28	6	15:00:05
1045	28	6	15:00:05
1075	28	6	15:00:05
1008	28	6	15:00:05
919	28	6	15:00:05
919	28	6	15:00:05
859	28	6	15:00:05
749	28	6	15:00:05
663	28	6	15:00:05
628	28	6	15:00:05
633	28	6	15:00:05
622	28	6	15:00:05
660	28	6	15:00:05
770	28	6	15:00:05
959	28	6	15:00:05
1051	28	6	15:00:05
1048	28	6	15:00:05
975	28	6	15:00:05
932	28	6	15:00:05
911	28	6	15:00:05
773	28	6	15:00:05
665	28	6	15:00:05
641	28	6	15:00:05
655	28	6	15:00:05
620	28	6	15:00:05
657	28	6	15:00:05
717	28	6	15:00:05
1024	28	6	15:00:05
1016	28	6	15:00:05
994	28	6	15:00:05
986	28	6	15:00:05
865	28	6	15:00:05
859	28	6	15:00:05
727	28	6	15:00:05
681	28	6	15:00:05
630	28	6	15:00:05
617	28	6	15:00:05
655	28	6	15:00:05
657	28	6	15:00:05
795	28	6	15:00:05
1005	28	6	15:00:05
989	28	6	15:00:05
983	28	6	15:00:05
973	28	6	15:00:05
970	28	6	15:00:05
967	28	6	15:00:05
838	28	6	15:00:05
684	28	6	15:00:05
636	28	6	15:00:05
652	28	6	15:00:05
636	28	6	15:00:05
657	28	6	15:00:05
741	28	6	15:00:05
997	28	6	15:00:05
1091	28	6	15:00:05
1045	28	6	15:00:05
999	28	6	15:00:05
989	28	6	15:00:05
867	28	6	15:00:05
703	28	6	15:00:05
663	28	6	15:00:05
649	28	6	15:00:05
649	28	6	15:00:05
633	28	6	15:00:05
692	28	6	15:00:05
873	28	6	15:00:05
1021	28	6	15:00:05
1016	28	6	15:00:05
981	28	6	15:00:05
951	28	6	15:00:05
937	28	6	15:00:05
819	28	6	15:00:05
684	28	6	15:00:05
652	28	6	15:00:05
633	28	6	15:00:05
614	28	6	15:00:05
646	28	6	15:00:05
671	28	6	15:00:05
846	28	6	15:00:05
986	28	6	15:00:05
1016	28	6	15:00:05
997	28	6	15:00:05
921	28	6	15:00:05
908	28	6	15:00:05
849	28	6	15:00:05
690	28	6	15:00:05
628	28	6	15:00:05
628	28	6	15:00:05
611	28	6	15:00:05
614	28	6	15:00:05
690	28	6	15:00:05
835	28	6	15:00:05
999	28	6	15:00:05
964	28	6	15:00:05
978	28	6	15:00:05
956	28	6	15:00:05
970	28	6	15:00:05
964	28	6	15:00:05
765	28	6	15:00:05
665	28	6	15:00:05
657	28	6	15:00:05
622	28	6	15:00:05
622	28	6	15:00:05
636	28	6	15:00:05
673	28	6	15:00:05
727	28	6	15:00:05
913	28	6	15:00:05
1088	28	6	15:00:05
983	28	6	15:00:05
873	28	6	15:00:05
827	28	6	15:00:05
779	28	6	15:00:05
665	28	6	15:00:05
663	28	6	15:00:05
630	28	6	15:00:05
620	28	6	15:00:05
644	28	6	15:00:05
646	28	6	15:00:05
749	28	6	15:00:05
943	28	6	15:00:05
1037	28	6	15:00:05
1045	28	6	15:00:05
1008	28	6	15:00:05
954	28	6	15:00:05
902	28	6	15:00:05
725	28	6	15:00:05
638	28	6	15:00:05
633	28	6	15:00:05
617	28	6	15:00:05
609	28	6	15:00:05
665	28	6	15:00:05
706	28	6	15:00:05
814	28	6	15:00:05
981	28	6	15:00:05
1029	28	6	15:00:05
970	28	6	15:00:05
913	28	6	15:00:05
892	28	6	15:00:05
789	28	6	15:00:05
687	28	6	15:00:05
633	28	6	15:00:05
625	28	6	15:00:05
611	28	6	15:00:05
611	28	6	15:00:05
671	28	6	15:00:05
770	28	6	15:00:05
937	28	6	15:00:05
1016	28	6	15:00:05
989	28	6	15:00:05
929	28	6	15:00:05
913	28	6	15:00:05
878	28	6	15:00:05
752	28	6	15:00:05
676	28	6	15:00:05
638	28	6	15:00:05
628	28	6	15:00:05
609	28	6	15:00:05
633	28	6	15:00:05
695	28	6	15:00:05
822	28	6	15:00:05
1002	28	6	15:00:05
1056	28	6	15:00:05
973	28	6	15:00:05
932	28	6	15:00:05
929	28	6	15:00:05
854	28	6	15:00:05
676	28	6	15:00:05
652	28	6	15:00:05
620	28	6	15:00:05
611	28	6	15:00:05
671	28	6	15:00:05
692	28	6	15:00:05
776	28	6	15:00:05
994	28	6	15:00:05
1048	28	6	15:00:05
1002	28	6	15:00:05
999	28	6	15:00:05
911	28	6	15:00:05
916	28	6	15:00:05
787	28	6	15:00:05
676	28	6	15:00:05
625	28	6	15:00:05
646	28	6	15:00:05
655	28	6	15:00:05
727	28	6	15:00:05
776	28	6	15:00:05
946	28	6	15:00:05
1059	28	6	15:00:05
1026	28	6	15:00:05
999	28	6	15:00:05
638	28	6	23:27:46
741	28	6	23:27:46
595	28	6	23:27:46
690	28	6	23:27:46
552	28	6	23:27:46
679	28	6	23:27:46
625	28	6	23:27:46
692	28	6	23:27:46
603	28	6	23:27:46
1366	28	6	23:27:46
471	28	6	23:27:46
846	28	6	23:27:46
622	28	6	23:27:46
630	28	6	23:27:46
566	28	6	23:27:46
722	28	6	23:27:46
851	28	6	23:27:46
762	28	6	23:27:46
746	28	6	23:27:46
827	28	6	23:27:46
822	28	6	23:27:46
652	28	6	23:27:46
743	28	6	23:27:46
630	28	6	23:27:46
611	28	6	23:27:46
638	28	6	23:27:46
633	28	6	23:27:46
622	28	6	23:27:46
789	28	6	23:27:46
951	28	6	23:27:46
951	28	6	23:27:46
970	28	6	23:27:46
954	28	6	23:27:46
935	28	6	23:27:46
865	28	6	23:27:46
832	28	6	23:27:46
854	28	6	23:27:46
754	28	6	23:27:46
665	28	6	23:27:46
636	28	6	23:27:46
673	28	6	23:27:46
646	28	6	23:27:46
851	28	6	23:27:46
1172	28	6	23:27:46
1026	28	6	23:27:46
1024	28	6	23:27:46
964	28	6	23:27:46
900	28	6	23:27:46
867	28	6	23:27:46
784	28	6	23:27:46
676	28	6	23:27:46
649	28	6	23:27:46
676	28	6	23:27:46
611	28	6	23:27:46
752	28	6	23:27:46
1137	28	6	23:27:46
1048	28	6	23:27:46
1024	28	6	23:27:46
1002	28	6	23:27:46
919	28	6	23:27:46
932	28	6	23:27:46
900	28	6	23:27:46
781	28	6	23:27:46
663	28	6	23:27:46
646	28	6	23:27:46
665	28	6	23:27:46
717	28	6	23:27:46
919	28	6	23:27:46
1107	28	6	23:27:46
1121	28	6	23:27:46
1032	28	6	23:27:46
932	28	6	23:27:46
803	28	6	23:27:46
725	28	6	23:27:46
711	28	6	23:27:46
679	28	6	23:27:46
657	28	6	23:27:46
668	28	6	23:27:46
657	28	6	23:27:46
727	28	6	23:27:46
830	28	6	23:27:46
991	28	6	23:27:46
989	28	6	23:27:46
1010	28	6	23:27:46
951	28	6	23:27:46
919	28	6	23:27:46
886	28	6	23:27:46
870	28	6	23:27:46
765	28	6	23:27:46
703	28	6	23:27:46
665	28	6	23:27:46
668	28	6	23:27:46
779	28	6	23:27:46
892	28	6	23:27:46
1021	28	6	23:27:46
1078	28	6	23:27:46
1016	28	6	23:27:46
948	28	6	23:27:46
951	28	6	23:27:46
940	28	6	23:27:46
768	28	6	23:27:46
690	28	6	23:27:46
684	28	6	23:27:46
657	28	6	23:27:46
808	28	6	23:27:46
1239	28	6	23:27:46
1105	28	6	23:27:46
1070	28	6	23:27:46
1045	28	6	23:27:46
983	28	6	23:27:46
978	28	6	23:27:46
894	28	6	23:27:46
752	28	6	23:27:46
703	28	6	23:27:46
665	28	6	23:27:46
671	28	6	23:27:46
754	28	6	23:27:46
935	28	6	23:27:46
1094	28	6	23:27:46
1078	28	6	23:27:46
1059	28	6	23:27:46
994	28	6	23:27:46
967	28	6	23:27:46
932	28	6	23:27:46
779	28	6	23:27:46
687	28	6	23:27:46
660	28	6	23:27:46
692	28	6	23:27:46
768	28	6	23:27:46
948	28	6	23:27:46
1034	28	6	23:27:46
1067	28	6	23:27:46
1024	28	6	23:27:46
970	28	6	23:27:46
959	28	6	23:27:46
846	28	6	23:27:46
717	28	6	23:27:46
687	28	6	23:27:46
665	28	6	23:27:46
690	28	6	23:27:46
754	28	6	23:27:46
849	28	6	23:27:46
1043	28	6	23:27:46
1053	28	6	23:27:46
1070	28	6	23:27:46
999	28	6	23:27:46
973	28	6	23:27:46
967	28	6	23:27:46
797	28	6	23:27:46
690	28	6	23:27:46
695	28	6	23:27:46
655	28	6	23:27:46
681	28	6	23:27:46
789	28	6	23:27:46
1029	28	6	23:27:46
991	28	6	23:27:46
1051	28	6	23:27:46
1048	28	6	23:27:46
991	28	6	23:27:46
970	28	6	23:27:46
814	28	6	23:27:46
687	28	6	23:27:46
660	28	6	23:27:46
687	28	6	23:27:46
668	28	6	23:27:46
733	28	6	23:27:46
865	28	6	23:27:46
1029	28	6	23:27:46
1067	28	6	23:27:46
1018	28	6	23:27:46
956	28	6	23:27:46
929	28	6	23:27:46
916	28	6	23:27:46
776	28	6	23:27:46
676	28	6	23:27:46
681	28	6	23:27:46
679	28	6	23:27:46
692	28	6	23:27:46
827	28	6	23:27:46
1075	28	6	23:27:46
1040	28	6	23:27:46
1078	28	6	23:27:46
1016	28	6	23:27:46
951	28	6	23:27:46
924	28	6	23:27:46
816	28	6	23:27:46
692	28	6	23:27:46
663	28	6	23:27:46
679	28	6	23:27:46
698	28	6	23:27:46
752	28	6	23:27:46
884	28	6	23:27:46
1034	28	6	23:27:46
1059	28	6	23:27:46
1056	28	6	23:27:46
978	28	6	23:27:46
937	28	6	23:27:46
835	28	6	23:27:46
735	28	6	23:27:46
673	28	6	23:27:46
660	28	6	23:27:46
692	28	6	23:27:46
792	28	6	23:27:46
946	28	6	23:27:46
1053	28	6	23:27:46
1078	28	6	23:27:46
1045	28	6	23:27:46
956	28	6	23:27:46
916	28	6	23:27:46
878	28	6	23:27:46
773	28	6	23:27:46
706	28	6	23:27:46
671	28	6	23:27:46
655	28	6	23:27:46
711	28	6	23:27:46
784	28	6	23:27:46
1134	28	6	23:27:46
1056	28	6	23:27:46
1070	28	6	23:27:46
973	28	6	23:27:46
916	28	6	23:27:46
749	28	6	23:27:46
684	28	6	23:27:46
673	28	6	23:27:46
644	28	6	23:27:46
636	28	6	23:27:46
668	28	6	23:27:46
735	28	6	23:27:46
867	28	6	23:27:46
973	28	6	23:27:46
986	28	6	23:27:46
986	28	6	23:27:46
935	28	6	23:27:46
889	28	6	23:27:46
900	28	6	23:27:46
795	28	6	23:27:46
684	28	6	23:27:46
655	28	6	23:27:46
671	28	6	23:27:46
641	28	6	23:27:46
692	28	6	23:27:46
757	28	6	23:27:46
943	28	6	23:27:46
940	28	6	23:27:46
951	28	6	23:27:46
916	28	6	23:27:46
889	28	6	23:27:46
859	28	6	23:27:46
797	28	6	23:27:46
727	28	6	23:27:46
652	28	6	23:27:46
649	28	6	23:27:46
673	28	6	23:27:46
690	28	6	23:27:46
741	28	6	23:27:46
870	28	6	23:27:46
889	28	6	23:27:46
943	28	6	23:27:46
989	28	6	23:27:46
932	28	6	23:27:46
916	28	6	23:27:46
873	28	6	23:27:46
727	28	6	23:27:46
698	28	6	23:27:46
660	28	6	23:27:46
641	28	6	23:27:46
692	28	6	23:27:46
735	28	6	23:27:46
859	28	6	23:27:46
921	28	6	23:27:46
937	28	6	23:27:46
973	28	6	23:27:46
948	28	6	23:27:46
900	28	6	23:27:46
894	28	6	23:27:46
738	28	6	23:27:46
668	28	6	23:27:46
671	28	6	23:27:46
673	28	6	23:27:46
717	28	6	23:27:46
881	28	6	23:27:46
1024	28	6	23:27:46
1056	28	6	23:27:46
1024	28	6	23:27:46
967	28	6	23:27:46
962	28	6	23:27:46
959	28	6	23:27:46
814	28	6	23:27:46
703	28	6	23:27:46
668	28	6	23:27:46
679	28	6	23:27:46
698	28	6	23:27:46
754	28	6	23:27:46
824	28	6	23:27:46
959	28	6	23:27:46
911	28	6	23:27:46
870	28	6	23:27:46
846	28	6	23:27:46
884	28	6	23:27:46
894	28	6	23:27:46
795	28	6	23:27:46
695	28	6	23:27:46
700	28	6	23:27:46
663	28	6	23:27:46
717	28	6	23:27:46
762	28	6	23:27:46
959	28	6	23:27:46
1016	28	6	23:27:46
991	28	6	23:27:46
943	28	6	23:27:46
932	28	6	23:27:46
913	28	6	23:27:46
857	28	6	23:27:46
725	28	6	23:27:46
703	28	6	23:27:46
673	28	6	23:27:46
665	28	6	23:27:46
741	28	6	23:27:46
913	28	6	23:27:46
943	28	6	23:27:46
994	28	6	23:27:46
935	28	6	23:27:46
921	28	6	23:27:46
911	28	6	23:27:46
897	28	6	23:27:46
816	28	6	23:27:46
741	28	6	23:27:46
687	28	6	23:27:46
668	28	6	23:27:46
700	28	6	23:27:46
735	28	6	23:27:46
803	28	6	23:27:46
948	28	6	23:27:46
1002	28	6	23:27:46
1002	28	6	23:27:46
959	28	6	23:27:46
962	28	6	23:27:46
959	28	6	23:27:46
811	28	6	23:27:46
719	28	6	23:27:46
681	28	6	23:27:46
673	28	6	23:27:46
738	28	6	23:27:46
814	28	6	23:27:46
916	28	6	23:27:46
964	28	6	23:27:46
1026	28	6	23:27:46
1005	28	6	23:27:46
975	28	6	23:27:46
954	28	6	23:27:46
921	28	6	23:27:46
781	28	6	23:27:46
725	28	6	23:27:46
681	28	6	23:27:46
687	28	6	23:27:46
762	28	6	23:27:46
862	28	6	23:27:46
1043	28	6	23:27:46
1056	28	6	23:27:46
1026	28	6	23:27:46
983	28	6	23:27:46
964	28	6	23:27:46
927	28	6	23:27:46
781	28	6	23:27:46
698	28	6	23:27:46
703	28	6	23:27:46
690	28	6	23:27:46
714	28	6	23:27:46
808	28	6	23:27:46
975	28	6	23:27:46
1026	28	6	23:27:46
1013	28	6	23:27:46
970	28	6	23:27:46
935	28	6	23:27:46
935	28	6	23:27:46
811	28	6	23:27:46
695	28	6	23:27:46
687	28	6	23:27:46
687	28	6	23:27:46
690	28	6	23:27:46
730	28	6	23:27:46
881	28	6	23:27:46
1026	28	6	23:27:46
1034	28	6	23:27:46
994	28	6	23:27:46
964	28	6	23:27:46
962	28	6	23:27:46
916	28	6	23:27:46
784	28	6	23:27:46
700	28	6	23:27:46
692	28	6	23:27:46
692	28	6	23:27:46
730	28	6	23:27:46
784	28	6	23:27:46
973	28	6	23:27:46
1021	28	6	23:27:46
1021	28	6	23:27:46
997	28	6	23:27:46
962	28	6	23:27:46
943	28	6	23:27:46
819	28	6	23:27:46
706	28	6	23:27:46
673	28	6	23:27:46
695	28	6	23:27:46
708	28	6	23:27:46
776	28	6	23:27:46
881	28	6	23:27:46
1018	28	6	23:27:46
1053	28	6	23:27:46
975	28	6	23:27:46
919	28	6	23:27:46
905	28	6	23:27:46
835	28	6	23:27:46
725	28	6	23:27:46
687	28	6	23:27:46
684	28	6	23:27:46
681	28	6	23:27:46
706	28	6	23:27:46
779	28	6	23:27:46
867	28	6	23:27:46
937	28	6	23:27:46
991	28	6	23:27:46
994	28	6	23:27:46
935	28	6	23:27:46
900	28	6	23:27:46
884	28	6	23:27:46
749	28	6	23:27:46
698	28	6	23:27:46
690	28	6	23:27:46
679	28	6	23:27:46
741	28	6	23:27:46
808	28	6	23:27:46
932	28	6	23:27:46
978	28	6	23:27:46
991	28	6	23:27:46
956	28	6	23:27:46
940	28	6	23:27:46
943	28	6	23:27:46
792	28	6	23:27:46
698	28	6	23:27:46
706	28	6	23:27:46
679	28	6	23:27:46
681	28	6	23:27:46
757	28	6	23:27:46
881	28	6	23:27:46
975	28	6	23:27:46
1021	28	6	23:27:46
978	28	6	23:27:46
943	28	6	23:27:46
911	28	6	23:27:46
832	28	6	23:27:46
717	28	6	23:27:46
711	28	6	23:27:46
673	28	6	23:27:46
679	28	6	23:27:46
730	28	6	23:27:46
781	28	6	23:27:46
929	28	6	23:27:46
983	28	6	23:27:46
1010	28	6	23:27:46
989	28	6	23:27:46
948	28	6	23:27:46
951	28	6	23:27:46
816	28	6	23:27:46
727	28	6	23:27:46
690	28	6	23:27:46
663	28	6	23:27:46
711	28	6	23:27:46
735	28	6	23:27:46
757	28	6	23:27:46
970	28	6	23:27:46
973	28	6	23:27:46
997	28	6	23:27:46
937	28	6	23:27:46
932	28	6	23:27:46
919	28	6	23:27:46
822	28	6	23:27:46
706	28	6	23:27:46
673	28	6	23:27:46
690	28	6	23:27:46
687	28	6	23:27:46
706	28	6	23:27:46
784	28	6	23:27:46
929	28	6	23:27:46
954	28	6	23:27:46
929	28	6	23:27:46
932	28	6	23:27:46
929	28	6	23:27:46
889	28	6	23:27:46
773	28	6	23:27:46
692	28	6	23:27:46
700	28	6	23:27:46
681	28	6	23:27:46
700	28	6	23:27:46
765	28	6	23:27:46
803	28	6	23:27:46
959	28	6	23:27:46
951	28	6	23:27:46
962	28	6	23:27:46
921	28	6	23:27:46
911	28	6	23:27:46
902	28	6	23:27:46
784	28	6	23:27:46
711	28	6	23:27:46
673	28	6	23:27:46
673	28	6	23:27:46
770	28	6	23:27:46
819	28	6	23:27:46
803	28	6	23:27:46
1129	28	6	23:27:46
1113	28	6	23:27:46
1048	28	6	23:27:46
999	28	6	23:27:46
929	28	6	23:27:46
757	28	6	23:27:46
700	28	6	23:27:46
717	28	6	23:27:46
698	28	6	23:27:46
714	28	6	23:27:46
743	28	6	23:27:46
808	28	6	23:27:46
822	28	6	23:27:46
956	28	6	23:27:46
865	28	6	23:27:46
832	28	6	23:27:46
797	28	6	23:27:46
760	28	6	23:27:46
719	28	6	23:27:46
673	28	6	23:27:46
687	28	6	23:27:46
657	28	6	23:27:46
660	28	6	23:27:46
717	28	6	23:27:46
708	28	6	23:27:46
700	28	6	23:27:46
835	28	6	23:27:46
967	28	6	23:27:46
967	28	6	23:27:46
921	28	6	23:27:46
897	28	6	23:27:46
878	28	6	23:27:46
746	28	6	23:27:46
681	28	6	23:27:46
703	28	6	23:27:46
668	28	6	23:27:46
690	28	6	23:27:46
819	28	6	23:27:46
924	28	6	23:27:46
975	28	6	23:27:46
951	28	6	23:27:46
884	28	6	23:27:46
795	28	6	23:27:46
760	28	6	23:27:46
805	28	6	23:27:46
768	28	6	23:27:46
684	28	6	23:27:46
684	28	6	23:27:46
706	28	6	23:27:46
708	28	6	23:27:46
824	28	6	23:27:46
1008	28	6	23:27:46
1064	28	6	23:27:46
1059	28	6	23:27:46
1024	28	6	23:27:46
989	28	6	23:27:46
981	28	6	23:27:46
811	28	6	23:27:46
719	28	6	23:27:46
684	28	6	23:27:46
671	28	6	23:27:46
722	28	6	23:27:46
757	28	6	23:27:46
781	28	6	23:27:46
892	28	6	23:27:46
1002	28	6	23:27:46
1026	28	6	23:27:46
986	28	6	23:27:46
948	28	6	23:27:46
916	28	6	23:27:46
787	28	6	23:27:46
690	28	6	23:27:46
665	28	6	23:27:46
673	28	6	23:27:46
681	28	6	23:27:46
722	28	6	23:27:46
814	28	6	23:27:46
956	28	6	23:27:46
1037	28	6	23:27:46
1002	28	6	23:27:46
937	28	6	23:27:46
929	28	6	23:27:46
857	28	6	23:27:46
706	28	6	23:27:46
671	28	6	23:27:46
679	28	6	23:27:46
671	28	6	23:27:46
714	28	6	23:27:46
781	28	6	23:27:46
946	28	6	23:27:46
997	28	6	23:27:46
1018	28	6	23:27:46
973	28	6	23:27:46
940	28	6	23:27:46
929	28	6	23:27:46
832	28	6	23:27:46
695	28	6	23:27:46
687	28	6	23:27:46
679	28	6	23:27:46
676	28	6	23:27:46
719	28	6	23:27:46
725	28	6	23:27:46
779	28	6	23:27:46
929	28	6	23:27:46
1080	28	6	23:27:46
1040	28	6	23:27:46
943	28	6	23:27:46
838	28	6	23:27:46
754	28	6	23:27:46
730	28	6	23:27:46
673	28	6	23:27:46
663	28	6	23:27:46
695	28	6	23:27:46
698	28	6	23:27:46
725	28	6	23:27:46
765	28	6	23:27:46
878	28	6	23:27:46
973	28	6	23:27:46
986	28	6	23:27:46
916	28	6	23:27:46
822	28	6	23:27:46
765	28	6	23:27:46
706	28	6	23:27:46
684	28	6	23:27:46
649	28	6	23:27:46
690	28	6	23:27:46
657	28	6	23:27:46
727	28	6	23:27:46
795	28	6	23:27:46
959	28	6	23:27:46
1045	28	6	23:27:46
937	28	6	23:27:46
867	28	6	23:27:46
762	28	6	23:27:46
743	28	6	23:27:46
776	28	6	23:27:46
733	28	6	23:27:46
687	28	6	23:27:46
676	28	6	23:27:46
698	28	6	23:27:46
762	28	6	23:27:46
846	28	6	23:27:46
948	28	6	23:27:46
1051	28	6	23:27:46
981	28	6	23:27:46
967	28	6	23:27:46
886	28	6	23:27:46
814	28	6	23:27:46
735	28	6	23:27:46
655	28	6	23:27:46
665	28	6	23:27:46
668	28	6	23:27:46
692	28	6	23:27:46
889	28	6	23:27:46
1072	28	6	23:27:46
1056	28	6	23:27:46
1070	28	6	23:27:46
1034	28	6	23:27:46
1010	28	6	23:27:46
994	28	6	23:27:46
851	28	6	23:27:46
725	28	6	23:27:46
711	28	6	23:27:46
687	28	6	23:27:46
695	28	6	23:27:46
797	28	6	23:27:46
878	28	6	23:27:46
1099	28	6	23:27:46
1078	28	6	23:27:46
1029	28	6	23:27:46
994	28	6	23:27:46
997	28	6	23:27:46
859	28	6	23:27:46
706	28	6	23:27:46
679	28	6	23:27:46
695	28	6	23:27:46
714	28	6	23:27:46
757	28	6	23:27:46
975	28	6	23:27:46
1045	28	6	23:27:46
1110	28	6	23:27:46
1051	28	6	23:27:46
994	28	6	23:27:46
1008	28	6	23:27:46
867	28	6	23:27:46
706	28	6	23:27:46
703	28	6	23:27:46
671	28	6	23:27:46
684	28	6	23:27:46
752	28	6	23:27:46
792	28	6	23:27:46
1086	28	6	23:27:46
1018	28	6	23:27:46
981	28	6	23:27:46
956	28	6	23:27:46
948	28	6	23:27:46
951	28	6	23:27:46
787	28	6	23:27:46
687	28	6	23:27:46
695	28	6	23:27:46
660	28	6	23:27:46
714	28	6	23:27:46
846	28	6	23:27:46
1134	28	6	23:27:46
1115	28	6	23:27:46
1105	28	6	23:27:46
1048	28	6	23:27:46
1016	28	6	23:27:46
940	28	6	23:27:46
765	28	6	23:27:46
714	28	6	23:27:46
679	28	6	23:27:46
684	28	6	23:27:46
749	28	6	23:27:46
787	28	6	23:27:46
1083	28	6	23:27:46
593	28	6	23:27:46
412	28	6	23:27:46
932	28	6	23:27:46
735	28	6	23:27:46
703	28	6	23:27:46
738	28	6	23:27:46
708	28	6	23:27:46
700	28	6	23:27:46
692	28	6	23:27:46
660	28	6	23:27:46
663	28	6	23:27:46
692	28	6	23:27:46
768	28	6	23:27:46
824	28	6	23:27:46
1034	28	6	23:27:46
1002	28	6	23:27:46
981	28	6	23:27:46
973	28	6	23:27:46
913	28	6	23:27:46
911	28	6	23:27:46
795	28	6	23:27:46
700	28	6	23:27:46
673	28	6	23:27:46
690	28	6	23:27:46
735	28	6	23:27:46
727	28	6	23:27:46
814	28	6	23:27:46
1072	28	6	23:27:46
1118	28	6	23:27:46
1040	28	6	23:27:46
1002	28	6	23:27:46
1008	28	6	23:27:46
819	28	6	23:27:46
714	28	6	23:27:46
695	28	6	23:27:46
676	28	6	23:27:46
717	28	6	23:27:46
770	28	6	23:27:46
962	28	6	23:27:46
1056	28	6	23:27:46
1072	28	6	23:27:46
997	28	6	23:27:46
962	28	6	23:27:46
940	28	6	23:27:46
932	28	6	23:27:46
857	28	6	23:27:46
738	28	6	23:27:46
708	28	6	23:27:46
673	28	6	23:27:46
660	28	6	23:27:46
722	28	6	23:27:46
1043	28	6	23:27:46
1075	28	6	23:27:46
991	28	6	23:27:46
970	28	6	23:27:46
951	28	6	23:27:46
897	28	6	23:27:46
757	28	6	23:27:46
687	28	6	23:27:46
687	28	6	23:27:46
692	28	6	23:27:46
754	28	6	23:27:46
819	28	6	23:27:46
956	28	6	23:27:46
1064	28	6	23:27:46
1032	28	6	23:27:46
970	28	6	23:27:46
924	28	6	23:27:46
927	28	6	23:27:46
838	28	6	23:27:46
708	28	6	23:27:46
676	28	6	23:27:46
681	28	6	23:27:46
681	28	6	23:27:46
711	28	6	23:27:46
830	28	6	23:27:46
978	28	6	23:27:46
1021	28	6	23:27:46
999	28	6	23:27:46
964	28	6	23:27:46
940	28	6	23:27:46
911	28	6	23:27:46
787	28	6	23:27:46
690	28	6	23:27:46
671	28	6	23:27:46
690	28	6	23:27:46
708	28	6	23:27:46
749	28	6	23:27:46
854	28	6	23:27:46
1013	28	6	23:27:46
1061	28	6	23:27:46
999	28	6	23:27:46
943	28	6	23:27:46
932	28	6	23:27:46
857	28	6	23:27:46
730	28	6	23:27:46
687	28	6	23:27:46
687	28	6	23:27:46
695	28	6	23:27:46
719	28	6	23:27:46
768	28	6	23:27:46
894	28	6	23:27:46
1026	28	6	23:27:46
1045	28	6	23:27:46
997	28	6	23:27:46
975	28	6	23:27:46
954	28	6	23:27:46
811	28	6	23:27:46
698	28	6	23:27:46
673	28	6	23:27:46
692	28	6	23:27:46
687	28	6	23:27:46
722	28	6	23:27:46
843	28	6	23:27:46
1078	28	6	23:27:46
1088	28	6	23:27:46
1048	28	6	23:27:46
991	28	6	23:27:46
970	28	6	23:27:46
862	28	6	23:27:46
727	28	6	23:27:46
676	28	6	23:27:46
676	28	6	23:27:46
687	28	6	23:27:46
695	28	6	23:27:46
859	28	6	23:27:46
946	28	6	23:27:46
1075	28	6	23:27:46
1083	28	6	23:27:46
1016	28	6	23:27:46
849	28	6	23:27:46
760	28	6	23:27:46
687	28	6	23:27:46
665	28	6	23:27:46
679	28	6	23:27:46
687	28	6	23:27:46
714	28	6	23:27:46
800	28	6	23:27:46
1013	28	6	23:27:46
1059	28	6	23:27:46
1061	28	6	23:27:46
1005	28	6	23:27:46
975	28	6	23:27:46
983	28	6	23:27:46
859	28	6	23:27:46
776	28	6	23:27:46
700	28	6	23:27:46
673	28	6	23:27:46
708	28	6	23:27:46
730	28	6	23:27:46
787	28	6	23:27:46
978	28	6	23:27:46
997	28	6	23:27:46
983	28	6	23:27:46
956	28	6	23:27:46
1002	28	6	23:27:46
846	28	6	23:27:46
770	28	6	23:27:46
692	28	6	23:27:46
671	28	6	23:27:46
690	28	6	23:27:46
687	28	6	23:27:46
752	28	6	23:27:46
832	28	6	23:27:46
881	28	6	23:27:46
1105	28	6	23:27:46
1078	28	6	23:27:46
994	28	6	23:27:46
973	28	6	23:27:46
905	28	6	23:27:46
765	28	6	23:27:46
687	28	6	23:27:46
668	28	6	23:27:46
698	28	6	23:27:46
695	28	6	23:27:46
735	28	6	23:27:46
816	28	6	23:27:46
1037	28	6	23:27:46
973	28	6	23:27:46
924	28	6	23:27:46
924	28	6	23:27:46
937	28	6	23:27:46
827	28	6	23:27:46
703	28	6	23:27:46
684	28	6	23:27:46
690	28	6	23:27:46
690	28	6	23:27:46
719	28	6	23:27:46
865	28	6	23:27:46
967	28	6	23:27:46
1061	28	6	23:27:46
1018	28	6	23:27:46
924	28	6	23:27:46
859	28	6	23:27:46
851	28	6	23:27:46
792	28	6	23:27:46
703	28	6	23:27:46
703	28	6	23:27:46
679	28	6	23:27:46
1142	28	6	23:27:46
1029	28	6	23:27:46
986	28	6	23:27:46
932	28	6	23:27:46
935	28	6	23:27:46
921	28	6	23:27:46
884	28	6	23:27:46
902	28	6	23:27:46
789	28	6	23:27:46
700	28	6	23:27:46
668	28	6	23:27:46
676	28	6	23:27:46
698	28	6	23:27:46
741	28	6	23:27:46
927	28	6	23:27:46
1083	28	6	23:27:46
1083	28	6	23:27:46
924	28	6	23:27:46
811	28	6	23:27:46
738	28	6	23:27:46
706	28	6	23:27:46
673	28	6	23:27:46
676	28	6	23:27:46
665	28	6	23:27:46
660	28	6	23:27:46
708	28	6	23:27:46
749	28	6	23:27:46
857	28	6	23:27:46
1056	28	6	23:27:46
1045	28	6	23:27:46
1013	28	6	23:27:46
981	28	6	23:27:46
951	28	6	23:27:46
959	28	6	23:27:46
824	28	6	23:27:46
722	28	6	23:27:46
703	28	6	23:27:46
687	28	6	23:27:46
700	28	6	23:27:46
781	28	6	23:27:46
884	28	6	23:27:46
981	28	6	23:27:46
1037	28	6	23:27:46
978	28	6	23:27:46
932	28	6	23:27:46
889	28	6	23:27:46
762	28	6	23:27:46
717	28	6	23:27:46
681	28	6	23:27:46
676	28	6	23:27:46
717	28	6	23:27:46
803	28	6	23:27:46
978	28	6	23:27:46
1118	28	6	23:27:46
1126	28	6	23:27:46
1067	28	6	23:27:46
1040	28	6	23:27:46
1016	28	6	23:27:46
946	28	6	23:27:46
805	28	6	23:27:46
717	28	6	23:27:46
681	28	6	23:27:46
711	28	6	23:27:46
743	28	6	23:27:46
843	28	6	23:27:46
1064	28	6	23:27:46
1129	28	6	23:27:46
1088	28	6	23:27:46
927	28	6	23:27:46
840	28	6	23:27:46
800	28	6	23:27:46
859	28	6	23:27:46
897	28	6	23:27:46
816	28	6	23:27:46
711	28	6	23:27:46
679	28	6	23:27:46
703	28	6	23:27:46
719	28	6	23:27:46
754	28	6	23:27:46
1018	28	6	23:27:46
1053	28	6	23:27:46
978	28	6	23:27:46
927	28	6	23:27:46
937	28	6	23:27:46
579	28	6	23:27:46
665	28	6	23:27:46
757	28	6	23:27:46
625	28	6	23:27:46
738	28	6	23:27:46
754	28	6	23:27:46
695	28	6	23:27:46
894	28	6	23:27:46
851	28	6	23:27:46
854	28	6	23:27:46
859	28	6	23:27:46
816	28	6	23:27:46
803	28	6	23:27:46
787	28	6	23:27:46
700	28	6	23:27:46
676	28	6	23:27:46
684	28	6	23:27:46
692	28	6	23:27:46
768	28	6	23:27:46
886	28	6	23:27:46
970	28	6	23:27:46
1024	28	6	23:27:46
970	28	6	23:27:46
964	28	6	23:27:46
951	28	6	23:27:46
946	28	6	23:27:46
819	28	6	23:27:46
706	28	6	23:27:46
684	28	6	23:27:46
706	28	6	23:27:46
754	28	6	23:27:46
784	28	6	23:27:46
946	28	6	23:27:46
1107	28	6	23:27:46
1067	28	6	23:27:46
986	28	6	23:27:46
956	28	6	23:27:46
940	28	6	23:27:46
808	28	6	23:27:46
719	28	6	23:27:46
690	28	6	23:27:46
665	28	6	23:27:46
725	28	6	23:27:46
797	28	6	23:27:46
943	28	6	23:27:46
999	28	6	23:27:46
1045	28	6	23:27:46
1024	28	6	23:27:46
932	28	6	23:27:46
808	28	6	23:27:46
730	28	6	23:27:46
698	28	6	23:27:46
676	28	6	23:27:46
655	28	6	23:27:46
681	28	6	23:27:46
700	28	6	23:27:46
1010	28	6	23:27:46
1064	28	6	23:27:46
1080	28	6	23:27:46
1072	28	6	23:27:46
1040	28	6	23:27:46
1010	28	6	23:27:46
967	28	6	23:27:46
789	28	6	23:27:46
700	28	6	23:27:46
700	28	6	23:27:46
708	28	6	23:27:46
760	28	6	23:27:46
827	28	6	23:27:46
1056	28	6	23:27:46
1096	28	6	23:27:46
1051	28	6	23:27:46
999	28	6	23:27:46
986	28	6	23:27:46
964	28	6	23:27:46
803	28	6	23:27:46
727	28	6	23:27:46
695	28	6	23:27:46
684	28	6	23:27:46
754	28	6	23:27:46
792	28	6	23:27:46
1034	28	6	23:27:46
1102	28	6	23:27:46
1096	28	6	23:27:46
1037	28	6	23:27:46
994	28	6	23:27:46
975	28	6	23:27:46
803	28	6	23:27:46
708	28	6	23:27:46
687	28	6	23:27:46
714	28	6	23:27:46
738	28	6	23:27:46
779	28	6	23:27:46
1026	28	6	23:27:46
1059	28	6	23:27:46
1070	28	6	23:27:46
1032	28	6	23:27:46
981	28	6	23:27:46
946	28	6	23:27:46
787	28	6	23:27:46
733	28	6	23:27:46
692	28	6	23:27:46
700	28	6	23:27:46
770	28	6	23:27:46
792	28	6	23:27:46
1043	28	6	23:27:46
1126	28	6	23:27:46
1072	28	6	23:27:46
1021	28	6	23:27:46
981	28	6	23:27:46
954	28	6	23:27:46
800	28	6	23:27:46
714	28	6	23:27:46
695	28	6	23:27:46
714	28	6	23:27:46
741	28	6	23:27:46
776	28	6	23:27:46
1029	28	6	23:27:46
1072	28	6	23:27:46
1024	28	6	23:27:46
999	28	6	23:27:46
983	28	6	23:27:46
908	28	6	23:27:46
768	28	6	23:27:46
725	28	6	23:27:46
676	28	6	23:27:46
684	28	6	23:27:46
770	28	6	23:27:46
881	28	6	23:27:46
905	28	6	23:27:46
1091	28	6	23:27:46
1094	28	6	23:27:46
1048	28	6	23:27:46
1013	28	6	23:27:46
997	28	6	23:27:46
838	28	6	23:27:46
708	28	6	23:27:46
681	28	6	23:27:46
708	28	6	23:27:46
722	28	6	23:27:46
797	28	6	23:27:46
900	28	6	23:27:46
1132	28	6	23:27:46
1059	28	6	23:27:46
983	28	6	23:27:46
946	28	6	23:27:46
951	28	6	23:27:46
814	28	6	23:27:46
733	28	6	23:27:46
673	28	6	23:27:46
668	28	6	23:27:46
708	28	6	23:27:46
787	28	6	23:27:46
873	28	6	23:27:46
1005	28	6	23:27:46
1088	28	6	23:27:46
1051	28	6	23:27:46
1032	28	6	23:27:46
994	28	6	23:27:46
867	28	6	23:27:46
714	28	6	23:27:46
711	28	6	23:27:46
679	28	6	23:27:46
692	28	6	23:27:46
762	28	6	23:27:46
757	28	6	23:27:46
851	28	6	23:27:46
1094	28	6	23:27:46
1051	28	6	23:27:46
983	28	6	23:27:46
991	28	6	23:27:46
997	28	6	23:27:46
808	28	6	23:27:46
700	28	6	23:27:46
703	28	6	23:27:46
692	28	6	23:27:46
692	28	6	23:27:46
738	28	6	23:27:46
760	28	6	23:27:46
878	28	6	23:27:46
919	28	6	23:27:46
1013	28	6	23:27:46
1026	28	6	23:27:46
929	28	6	23:27:46
870	28	6	23:27:46
754	28	6	23:27:46
738	28	6	23:27:46
646	28	6	23:27:46
668	28	6	23:27:46
679	28	6	23:27:46
760	28	6	23:27:46
840	28	6	23:27:46
999	28	6	23:27:46
1075	28	6	23:27:46
951	28	6	23:27:46
878	28	6	23:27:46
808	28	6	23:27:46
741	28	6	23:27:46
681	28	6	23:27:46
660	28	6	23:27:46
684	28	6	23:27:46
644	28	6	23:27:46
668	28	6	23:27:46
749	28	6	23:27:46
1061	28	6	23:27:46
1078	28	6	23:27:46
1032	28	6	23:27:46
1043	28	6	23:27:46
1024	28	6	23:27:46
1005	28	6	23:27:46
862	28	6	23:27:46
714	28	6	23:27:46
684	28	6	23:27:46
671	28	6	23:27:46
684	28	6	23:27:46
822	28	6	23:27:46
1132	28	6	23:27:46
1107	28	6	23:27:46
1064	28	6	23:27:46
1013	28	6	23:27:46
973	28	6	23:27:46
983	28	6	23:27:46
857	28	6	23:27:46
738	28	6	23:27:46
717	28	6	23:27:46
679	28	6	23:27:46
695	28	6	23:27:46
800	28	6	23:27:46
878	28	6	23:27:46
1091	28	6	23:27:46
1051	28	6	23:27:46
967	28	6	23:27:46
867	28	6	23:27:46
902	28	6	23:27:46
881	28	6	23:27:46
768	28	6	23:27:46
700	28	6	23:27:46
698	28	6	23:27:46
660	28	6	23:27:46
695	28	6	23:27:46
738	28	6	23:27:46
727	28	6	23:27:46
797	28	6	23:27:46
1018	28	6	23:27:46
929	28	6	23:27:46
900	28	6	23:27:46
859	28	6	23:27:46
867	28	6	23:27:46
803	28	6	23:27:46
700	28	6	23:27:46
687	28	6	23:27:46
671	28	6	23:27:46
665	28	6	23:27:46
708	28	6	23:27:46
741	28	6	23:27:46
741	28	6	23:27:46
770	28	6	23:27:46
1037	28	6	23:27:46
932	28	6	23:27:46
867	28	6	23:27:46
878	28	6	23:27:46
846	28	6	23:27:46
768	28	6	23:27:46
692	28	6	23:27:46
695	28	6	23:27:46
665	28	6	23:27:46
681	28	6	23:27:46
757	28	6	23:27:46
838	28	6	23:27:46
1010	28	6	23:27:46
1026	28	6	23:27:46
986	28	6	23:27:46
954	28	6	23:27:46
981	28	6	23:27:46
857	28	6	23:27:46
714	28	6	23:27:46
690	28	6	23:27:46
673	28	6	23:27:46
673	28	6	23:27:46
752	28	6	23:27:46
927	28	6	23:27:46
1070	28	6	23:27:46
1086	28	6	23:27:46
1072	28	6	23:27:46
978	28	6	23:27:46
865	28	6	23:27:46
784	28	6	23:27:46
676	28	6	23:27:46
665	28	6	23:27:46
681	28	6	23:27:46
660	28	6	23:27:46
695	28	6	23:27:46
819	28	6	23:27:46
951	28	6	23:27:46
1067	28	6	23:27:46
1088	28	6	23:27:46
1018	28	6	23:27:46
999	28	6	23:27:46
994	28	6	23:27:46
835	28	6	23:27:46
711	28	6	23:27:46
681	28	6	23:27:46
698	28	6	23:27:46
722	28	6	23:27:46
754	28	6	23:27:46
905	28	6	23:27:46
1118	28	6	23:27:46
1088	28	6	23:27:46
999	28	6	23:27:46
929	28	6	23:27:46
924	28	6	23:27:46
873	28	6	23:27:46
765	28	6	23:27:46
692	28	6	23:27:46
671	28	6	23:27:46
692	28	6	23:27:46
717	28	6	23:27:46
760	28	6	23:27:46
913	28	6	23:27:46
1113	28	6	23:27:46
1053	28	6	23:27:46
978	28	6	23:27:46
964	28	6	23:27:46
940	28	6	23:27:46
805	28	6	23:27:46
722	28	6	23:27:46
684	28	6	23:27:46
668	28	6	23:27:46
698	28	6	23:27:46
703	28	6	23:27:46
800	28	6	23:27:46
1078	28	6	23:27:46
1080	28	6	23:27:46
1005	28	6	23:27:46
948	28	6	23:27:46
943	28	6	23:27:46
911	28	6	23:27:46
770	28	6	23:27:46
727	28	6	23:27:46
673	28	6	23:27:46
673	28	6	23:27:46
722	28	6	23:27:46
776	28	6	23:27:46
835	28	6	23:27:46
997	28	6	23:27:46
999	28	6	23:27:46
989	28	6	23:27:46
956	28	6	23:27:46
929	28	6	23:27:46
822	28	6	23:27:46
752	28	6	23:27:46
679	28	6	23:27:46
663	28	6	23:27:46
687	28	6	23:27:46
708	28	6	23:27:46
738	28	6	23:27:46
919	28	6	23:27:46
1013	28	6	23:27:46
1045	28	6	23:27:46
989	28	6	23:27:46
954	28	6	23:27:46
956	28	6	23:27:46
835	28	6	23:27:46
708	28	6	23:27:46
681	28	6	23:27:46
692	28	6	23:27:46
708	28	6	23:27:46
746	28	6	23:27:46
749	28	6	23:27:46
838	28	6	23:27:46
1013	28	6	23:27:46
1002	28	6	23:27:46
956	28	6	23:27:46
900	28	6	23:27:46
902	28	6	23:27:46
776	28	6	23:27:46
698	28	6	23:27:46
700	28	6	23:27:46
676	28	6	23:27:46
681	28	6	23:27:46
711	28	6	23:27:46
768	28	6	23:27:46
940	28	6	23:27:46
1051	28	6	23:27:46
1070	28	6	23:27:46
973	28	6	23:27:46
929	28	6	23:27:46
921	28	6	23:27:46
792	28	6	23:27:46
706	28	6	23:27:46
706	28	6	23:27:46
665	28	6	23:27:46
668	28	6	23:27:46
741	28	6	23:27:46
881	28	6	23:27:46
1061	28	6	23:27:46
1096	28	6	23:27:46
1037	28	6	23:27:46
943	28	6	23:27:46
822	28	6	23:27:46
714	28	6	23:27:46
687	28	6	23:27:46
663	28	6	23:27:46
649	28	6	23:27:46
671	28	6	23:27:46
733	28	6	23:27:46
1043	28	6	23:27:46
1051	28	6	23:27:46
1040	28	6	23:27:46
1053	28	6	23:27:46
1018	28	6	23:27:46
989	28	6	23:27:46
973	28	6	23:27:46
805	28	6	23:27:46
695	28	6	23:27:46
700	28	6	23:27:46
681	28	6	23:27:46
692	28	6	23:27:46
743	28	6	23:27:46
795	28	6	23:27:46
1051	28	6	23:27:46
1067	28	6	23:27:46
981	28	6	23:27:46
954	28	6	23:27:46
970	28	6	23:27:46
840	28	6	23:27:46
714	28	6	23:27:46
692	28	6	23:27:46
698	28	6	23:27:46
687	28	6	23:27:46
703	28	6	23:27:46
770	28	6	23:27:46
776	28	6	23:27:46
919	28	6	23:27:46
1102	28	6	23:27:46
1043	28	6	23:27:46
1010	28	6	23:27:46
973	28	6	23:27:46
824	28	6	23:27:46
711	28	6	23:27:46
711	28	6	23:27:46
681	28	6	23:27:46
687	28	6	23:27:46
746	28	6	23:27:46
787	28	6	23:27:46
1061	28	6	23:27:46
1043	28	6	23:27:46
1037	28	6	23:27:46
986	28	6	23:27:46
970	28	6	23:27:46
876	28	6	23:27:46
749	28	6	23:27:46
695	28	6	23:27:46
703	28	6	23:27:46
692	28	6	23:27:46
711	28	6	23:27:46
781	28	6	23:27:46
838	28	6	23:27:46
1067	28	6	23:27:46
1043	28	6	23:27:46
964	28	6	23:27:46
951	28	6	23:27:46
927	28	6	23:27:46
827	28	6	23:27:46
730	28	6	23:27:46
708	28	6	23:27:46
681	28	6	23:27:46
684	28	6	23:27:46
735	28	6	23:27:46
762	28	6	23:27:46
873	28	6	23:27:46
1091	28	6	23:27:46
1026	28	6	23:27:46
1002	28	6	23:27:46
975	28	6	23:27:46
964	28	6	23:27:46
838	28	6	23:27:46
730	28	6	23:27:46
708	28	6	23:27:46
681	28	6	23:27:46
690	28	6	23:27:46
727	28	6	23:27:46
787	28	6	23:27:46
1115	28	6	23:27:46
1086	28	6	23:27:46
999	28	6	23:27:46
954	28	6	23:27:46
948	28	6	23:27:46
846	28	6	23:27:46
698	28	6	23:27:46
679	28	6	23:27:46
663	28	6	23:27:46
652	28	6	23:27:46
698	28	6	23:27:46
722	28	6	23:27:46
940	28	6	23:27:46
1061	28	6	23:27:46
1016	28	6	23:27:46
943	28	6	23:27:46
932	28	6	23:27:46
913	28	6	23:27:46
752	28	6	23:27:46
698	28	6	23:27:46
652	28	6	23:27:46
638	28	6	23:27:46
681	28	6	23:27:46
687	28	6	23:27:46
787	28	6	23:27:46
916	28	6	23:27:46
1026	28	6	23:27:46
1008	28	6	23:27:46
975	28	6	23:27:46
962	28	6	23:27:46
932	28	6	23:27:46
816	28	6	23:27:46
695	28	6	23:27:46
649	28	6	23:27:46
655	28	6	23:27:46
633	28	6	23:27:46
646	28	6	23:27:46
727	28	6	23:27:46
738	28	6	23:27:46
846	28	6	23:27:46
937	28	6	23:27:46
924	28	6	23:27:46
862	28	6	23:27:46
827	28	6	23:27:46
803	28	6	23:27:46
711	28	6	23:27:46
657	28	6	23:27:46
679	28	6	23:27:46
633	28	6	23:27:46
625	28	6	23:27:46
628	28	6	23:27:46
617	28	6	23:27:46
698	28	6	23:27:46
862	28	6	23:27:46
951	28	6	23:27:46
897	28	6	23:27:46
911	28	6	23:27:46
905	28	6	23:27:46
865	28	6	23:27:46
735	28	6	23:27:46
679	28	6	23:27:46
630	28	6	23:27:46
641	28	6	23:27:46
644	28	6	23:27:46
663	28	6	23:27:46
768	28	6	23:27:46
881	28	6	23:27:46
1018	28	6	23:27:46
1008	28	6	23:27:46
951	28	6	23:27:46
929	28	6	23:27:46
876	28	6	23:27:46
795	28	6	23:27:46
687	28	6	23:27:46
681	28	6	23:27:46
638	28	6	23:27:46
649	28	6	23:27:46
665	28	6	23:27:46
679	28	6	23:27:46
741	28	6	23:27:46
951	28	6	23:27:46
986	28	6	23:27:46
954	28	6	23:27:46
900	28	6	23:27:46
886	28	6	23:27:46
878	28	6	23:27:46
754	28	6	23:27:46
684	28	6	23:27:46
665	28	6	23:27:46
636	28	6	23:27:46
665	28	6	23:27:46
687	28	6	23:27:46
730	28	6	23:27:46
862	28	6	23:27:46
991	28	6	23:27:46
986	28	6	23:27:46
948	28	6	23:27:46
913	28	6	23:27:46
916	28	6	23:27:46
776	28	6	23:27:46
679	28	6	23:27:46
657	28	6	23:27:46
660	28	6	23:27:46
641	28	6	23:27:46
708	28	6	23:27:46
846	28	6	23:27:46
967	28	6	23:27:46
1002	28	6	23:27:46
964	28	6	23:27:46
884	28	6	23:27:46
814	28	6	23:27:46
749	28	6	23:27:46
741	28	6	23:27:46
655	28	6	23:27:46
636	28	6	23:27:46
641	28	6	23:27:46
617	28	6	23:27:46
630	28	6	23:27:46
676	28	6	23:27:46
679	28	6	23:27:46
749	28	6	23:27:46
956	28	6	23:27:46
962	28	6	23:27:46
911	28	6	23:27:46
838	28	6	23:27:46
800	28	6	23:27:46
752	28	6	23:27:46
692	28	6	23:27:46
671	28	6	23:27:46
633	28	6	23:27:46
649	28	6	23:27:46
695	28	6	23:27:46
711	28	6	23:27:46
784	28	6	23:27:46
854	28	6	23:27:46
986	28	6	23:27:46
994	28	6	23:27:46
911	28	6	23:27:46
770	28	6	23:27:46
690	28	6	23:27:46
700	28	6	23:27:46
652	28	6	23:27:46
630	28	6	23:27:46
638	28	6	23:27:46
636	28	6	23:27:46
655	28	6	23:27:46
706	28	6	23:27:46
816	28	6	23:27:46
902	28	6	23:27:46
1032	28	6	23:27:46
956	28	6	23:27:46
919	28	6	23:27:46
913	28	6	23:27:46
894	28	6	23:27:46
789	28	6	23:27:46
703	28	6	23:27:46
655	28	6	23:27:46
655	28	6	23:27:46
668	28	6	23:27:46
687	28	6	23:27:46
717	28	6	23:27:46
770	28	6	23:27:46
967	28	6	23:27:46
954	28	6	23:27:46
919	28	6	23:27:46
892	28	6	23:27:46
873	28	6	23:27:46
862	28	6	23:27:46
754	28	6	23:27:46
690	28	6	23:27:46
646	28	6	23:27:46
660	28	6	23:27:46
676	28	6	23:27:46
752	28	6	23:27:46
857	28	6	23:27:46
959	28	6	23:27:46
959	28	6	23:27:46
927	28	6	23:27:46
951	28	6	23:27:46
929	28	6	23:27:46
892	28	6	23:27:46
765	28	6	23:27:46
665	28	6	23:27:46
673	28	6	23:27:46
655	28	6	23:27:46
663	28	6	23:27:46
768	28	6	23:27:46
870	28	6	23:27:46
973	28	6	23:27:46
1021	28	6	23:27:46
1002	28	6	23:27:46
946	28	6	23:27:46
932	28	6	23:27:46
862	28	6	23:27:46
741	28	6	23:27:46
687	28	6	23:27:46
657	28	6	23:27:46
649	28	6	23:27:46
711	28	6	23:27:46
819	28	6	23:27:46
908	28	6	23:27:46
997	28	6	23:27:46
824	28	6	23:27:46
854	28	6	23:27:46
770	28	6	23:27:46
811	28	6	23:27:46
717	28	6	23:27:46
671	28	6	23:27:46
652	28	6	23:27:46
652	28	6	23:27:46